args|||1|||0|||12|||0
println|||1|||0|||39|||0
args|||2|||1|||12|||0
println|||2|||1|||39|||0
args|||3|||2|||12|||0
println|||3|||2|||34|||0
args|||4|||3|||12|||0
println|||4|||3|||31|||0
args|||5|||4|||12|||0
println|||5|||4|||36|||0
args|||6|||5|||12|||0
println|||6|||5|||39|||0
args|||7|||6|||12|||0
println|||7|||6|||37|||0
args|||8|||7|||12|||0
println|||8|||7|||42|||0
args|||9|||8|||12|||0
println|||9|||8|||34|||0
args|||10|||9|||12|||0
println|||10|||9|||34|||0
args|||11|||10|||12|||0
println|||11|||10|||24|||0
args|||12|||11|||12|||0
println|||12|||11|||24|||0
args|||13|||12|||12|||0
println|||13|||12|||39|||0
args|||14|||13|||12|||0
println|||14|||13|||39|||0
args|||15|||14|||12|||0
println|||15|||14|||34|||0
args|||16|||15|||12|||0
println|||16|||15|||31|||0
args|||17|||16|||12|||0
println|||17|||16|||36|||0
args|||18|||17|||12|||0
println|||18|||17|||39|||0
args|||19|||18|||12|||0
println|||19|||18|||43|||0
args|||20|||19|||12|||0
println|||20|||19|||48|||0
args|||21|||20|||12|||0
println|||21|||20|||34|||0
args|||22|||21|||12|||0
println|||22|||21|||34|||0
args|||23|||22|||12|||0
println|||23|||22|||24|||0
args|||24|||23|||12|||0
println|||24|||23|||24|||0
;|||1|||0|||19|||1
;|||2|||0|||26|||1
;|||3|||0|||30|||1
;|||4|||0|||43|||1
;|||5|||1|||19|||1
;|||6|||1|||26|||1
;|||7|||1|||30|||1
;|||8|||1|||43|||1
;|||9|||2|||21|||1
;|||10|||2|||25|||1
;|||11|||2|||38|||1
;|||12|||3|||19|||1
;|||13|||3|||35|||1
;|||14|||3|||38|||1
;|||15|||4|||19|||1
;|||16|||4|||24|||1
;|||17|||4|||40|||1
;|||18|||5|||19|||1
;|||19|||5|||24|||1
;|||20|||5|||43|||1
;|||21|||6|||25|||1
;|||22|||6|||32|||1
;|||23|||6|||44|||1
;|||24|||7|||25|||1
;|||25|||7|||37|||1
;|||26|||7|||49|||1
;|||27|||8|||21|||1
;|||28|||8|||25|||1
;|||29|||8|||38|||1
;|||30|||9|||21|||1
;|||31|||9|||25|||1
;|||32|||9|||38|||1
;|||33|||10|||19|||1
;|||34|||10|||28|||1
;|||35|||11|||19|||1
;|||36|||11|||28|||1
;|||37|||12|||19|||1
;|||38|||12|||26|||1
;|||39|||12|||30|||1
;|||40|||12|||43|||1
;|||41|||13|||19|||1
;|||42|||13|||26|||1
;|||43|||13|||30|||1
;|||44|||13|||43|||1
;|||45|||14|||21|||1
;|||46|||14|||25|||1
;|||47|||14|||38|||1
;|||48|||15|||19|||1
;|||49|||15|||35|||1
;|||50|||15|||38|||1
;|||51|||16|||19|||1
;|||52|||16|||24|||1
;|||53|||16|||44|||1
;|||54|||17|||19|||1
;|||55|||17|||24|||1
;|||56|||17|||47|||1
;|||57|||18|||31|||1
;|||58|||18|||38|||1
;|||59|||18|||50|||1
;|||60|||19|||31|||1
;|||61|||19|||43|||1
;|||62|||19|||55|||1
;|||63|||20|||21|||1
;|||64|||20|||25|||1
;|||65|||20|||38|||1
;|||66|||21|||21|||1
;|||67|||21|||25|||1
;|||68|||21|||38|||1
;|||69|||22|||19|||1
;|||70|||22|||28|||1
;|||71|||23|||19|||1
;|||72|||23|||28|||1
[|||1|||0|||10|||2
]|||1|||0|||11|||2
[|||2|||1|||10|||2
]|||2|||1|||11|||2
[|||3|||2|||10|||2
]|||3|||2|||11|||2
[|||4|||3|||10|||2
]|||4|||3|||11|||2
[|||5|||4|||10|||2
]|||5|||4|||11|||2
[|||6|||5|||10|||2
]|||6|||5|||11|||2
[|||7|||6|||10|||2
]|||7|||6|||11|||2
[|||8|||6|||16|||2
]|||8|||6|||17|||2
[|||9|||6|||22|||2
]|||9|||6|||24|||2
[|||10|||6|||27|||2
]|||10|||6|||29|||2
[|||11|||6|||40|||2
]|||11|||6|||42|||2
[|||12|||7|||10|||2
]|||12|||7|||11|||2
[|||13|||7|||16|||2
]|||13|||7|||17|||2
[|||14|||7|||22|||2
]|||14|||7|||24|||2
[|||15|||7|||27|||2
]|||15|||7|||29|||2
[|||16|||7|||32|||2
]|||16|||7|||34|||2
[|||17|||7|||45|||2
]|||17|||7|||47|||2
[|||18|||8|||10|||2
]|||18|||8|||11|||2
[|||19|||9|||10|||2
]|||19|||9|||11|||2
[|||20|||10|||10|||2
]|||20|||10|||11|||2
[|||21|||11|||10|||2
]|||21|||11|||11|||2
[|||22|||12|||10|||2
]|||22|||12|||11|||2
[|||23|||13|||10|||2
]|||23|||13|||11|||2
[|||24|||14|||10|||2
]|||24|||14|||11|||2
[|||25|||15|||10|||2
]|||25|||15|||11|||2
[|||26|||16|||10|||2
]|||26|||16|||11|||2
[|||27|||17|||10|||2
]|||27|||17|||11|||2
[|||28|||18|||10|||2
]|||28|||18|||11|||2
[|||29|||18|||16|||2
]|||29|||18|||17|||2
[|||30|||18|||33|||2
]|||30|||18|||35|||2
[|||31|||18|||46|||2
]|||31|||18|||48|||2
[|||32|||19|||10|||2
]|||32|||19|||11|||2
[|||33|||19|||16|||2
]|||33|||19|||17|||2
[|||34|||19|||33|||2
]|||34|||19|||35|||2
[|||35|||19|||38|||2
]|||35|||19|||40|||2
[|||36|||19|||51|||2
]|||36|||19|||53|||2
[|||37|||20|||10|||2
]|||37|||20|||11|||2
[|||38|||21|||10|||2
]|||38|||21|||11|||2
[|||39|||22|||10|||2
]|||39|||22|||11|||2
[|||40|||23|||10|||2
]|||40|||23|||11|||2
}|||1|||0|||44|||3
}|||2|||0|||45|||3
}|||3|||0|||46|||3
}|||4|||1|||44|||3
}|||5|||1|||45|||3
}|||6|||1|||46|||3
}|||7|||2|||39|||3
}|||8|||2|||40|||3
}|||9|||2|||41|||3
}|||10|||3|||39|||3
}|||11|||3|||40|||3
}|||12|||3|||41|||3
}|||13|||4|||41|||3
}|||14|||4|||42|||3
}|||15|||4|||43|||3
}|||16|||5|||44|||3
}|||17|||5|||45|||3
}|||18|||5|||46|||3
}|||19|||6|||45|||3
}|||20|||6|||46|||3
}|||21|||7|||50|||3
}|||22|||7|||51|||3
}|||23|||8|||39|||3
}|||24|||8|||40|||3
}|||25|||8|||41|||3
}|||26|||9|||39|||3
}|||27|||9|||40|||3
}|||28|||9|||41|||3
}|||29|||10|||29|||3
}|||30|||10|||30|||3
}|||31|||11|||29|||3
}|||32|||11|||30|||3
}|||33|||12|||44|||3
}|||34|||12|||45|||3
}|||35|||12|||46|||3
}|||36|||13|||44|||3
}|||37|||13|||45|||3
}|||38|||13|||46|||3
}|||39|||14|||39|||3
}|||40|||14|||40|||3
}|||41|||14|||41|||3
}|||42|||15|||39|||3
}|||43|||15|||40|||3
}|||44|||15|||41|||3
}|||45|||16|||45|||3
}|||46|||16|||46|||3
}|||47|||16|||47|||3
}|||48|||17|||48|||3
}|||49|||17|||49|||3
}|||50|||17|||50|||3
}|||51|||18|||30|||3
}|||52|||18|||51|||3
}|||53|||18|||52|||3
}|||54|||19|||30|||3
}|||55|||19|||56|||3
}|||56|||19|||57|||3
}|||57|||20|||39|||3
}|||58|||20|||40|||3
}|||59|||20|||41|||3
}|||60|||21|||39|||3
}|||61|||21|||40|||3
}|||62|||21|||41|||3
}|||63|||22|||29|||3
}|||64|||22|||30|||3
}|||65|||23|||29|||3
public|||1|||0|||0|||4
class|||1|||0|||1|||4
Example1|||1|||0|||2|||4
public|||2|||0|||4|||4
static|||1|||0|||5|||4
public|||3|||1|||0|||4
class|||2|||1|||1|||4
Example2|||1|||1|||2|||4
public|||4|||1|||4|||4
static|||2|||1|||5|||4
public|||5|||2|||0|||4
class|||3|||2|||1|||4
Example3|||1|||2|||2|||4
public|||6|||2|||4|||4
static|||3|||2|||5|||4
public|||7|||3|||0|||4
class|||4|||3|||1|||4
Example4|||1|||3|||2|||4
public|||8|||3|||4|||4
static|||4|||3|||5|||4
public|||9|||4|||0|||4
class|||5|||4|||1|||4
Example5|||1|||4|||2|||4
public|||10|||4|||4|||4
static|||5|||4|||5|||4
public|||11|||5|||0|||4
class|||6|||5|||1|||4
Example6|||1|||5|||2|||4
public|||12|||5|||4|||4
static|||6|||5|||5|||4
public|||13|||6|||0|||4
class|||7|||6|||1|||4
Example7|||1|||6|||2|||4
public|||14|||6|||4|||4
static|||7|||6|||5|||4
public|||15|||7|||0|||4
class|||8|||7|||1|||4
Example8|||1|||7|||2|||4
public|||16|||7|||4|||4
static|||8|||7|||5|||4
public|||17|||8|||0|||4
class|||9|||8|||1|||4
public|||18|||8|||4|||4
static|||9|||8|||5|||4
public|||19|||9|||0|||4
class|||10|||9|||1|||4
Example10|||1|||9|||2|||4
public|||20|||9|||4|||4
static|||10|||9|||5|||4
public|||21|||10|||0|||4
class|||11|||10|||1|||4
Example11|||1|||10|||2|||4
public|||22|||10|||4|||4
static|||11|||10|||5|||4
public|||23|||11|||0|||4
class|||12|||11|||1|||4
Example12|||1|||11|||2|||4
public|||24|||11|||4|||4
static|||12|||11|||5|||4
public|||25|||12|||0|||4
class|||13|||12|||1|||4
Example13|||1|||12|||2|||4
public|||26|||12|||4|||4
static|||13|||12|||5|||4
public|||27|||13|||0|||4
class|||14|||13|||1|||4
Example14|||1|||13|||2|||4
public|||28|||13|||4|||4
static|||14|||13|||5|||4
public|||29|||14|||0|||4
class|||15|||14|||1|||4
Example15|||1|||14|||2|||4
public|||30|||14|||4|||4
static|||15|||14|||5|||4
public|||31|||15|||0|||4
class|||16|||15|||1|||4
Example16|||1|||15|||2|||4
public|||32|||15|||4|||4
static|||16|||15|||5|||4
public|||33|||16|||0|||4
class|||17|||16|||1|||4
Example17|||1|||16|||2|||4
public|||34|||16|||4|||4
static|||17|||16|||5|||4
public|||35|||17|||0|||4
class|||18|||17|||1|||4
Example18|||1|||17|||2|||4
public|||36|||17|||4|||4
static|||18|||17|||5|||4
public|||37|||18|||0|||4
class|||19|||18|||1|||4
Example19|||1|||18|||2|||4
public|||38|||18|||4|||4
static|||19|||18|||5|||4
public|||39|||19|||0|||4
class|||20|||19|||1|||4
Example20|||1|||19|||2|||4
public|||40|||19|||4|||4
static|||20|||19|||5|||4
public|||41|||20|||0|||4
class|||21|||20|||1|||4
Example21|||1|||20|||2|||4
public|||42|||20|||4|||4
static|||21|||20|||5|||4
public|||43|||21|||0|||4
class|||22|||21|||1|||4
Example22|||1|||21|||2|||4
public|||44|||21|||4|||4
static|||22|||21|||5|||4
public|||45|||22|||0|||4
class|||23|||22|||1|||4
Example23|||1|||22|||2|||4
public|||46|||22|||4|||4
static|||23|||22|||5|||4
public|||47|||23|||0|||4
class|||24|||23|||1|||4
Example24|||1|||23|||2|||4
public|||48|||23|||4|||4
static|||24|||23|||5|||4
)|||1|||0|||13|||5
)|||2|||0|||33|||5
)|||3|||0|||42|||5
)|||4|||1|||13|||5
)|||5|||1|||33|||5
)|||6|||1|||42|||5
)|||7|||2|||13|||5
)|||8|||2|||28|||5
)|||9|||2|||37|||5
)|||10|||3|||13|||5
)|||11|||3|||25|||5
)|||12|||3|||34|||5
)|||13|||4|||13|||5
)|||14|||4|||30|||5
)|||15|||4|||39|||5
)|||16|||5|||13|||5
)|||17|||5|||32|||5
)|||18|||5|||33|||5
)|||19|||5|||42|||5
)|||20|||6|||13|||5
)|||21|||6|||43|||5
)|||22|||7|||13|||5
)|||23|||7|||48|||5
)|||24|||8|||13|||5
)|||25|||8|||28|||5
)|||26|||8|||37|||5
)|||27|||9|||13|||5
)|||28|||9|||28|||5
)|||29|||9|||37|||5
)|||30|||10|||13|||5
)|||31|||10|||27|||5
)|||32|||11|||13|||5
)|||33|||11|||27|||5
)|||34|||12|||13|||5
)|||35|||12|||33|||5
)|||36|||12|||42|||5
)|||37|||13|||13|||5
)|||38|||13|||33|||5
)|||39|||13|||42|||5
)|||40|||14|||13|||5
)|||41|||14|||28|||5
)|||42|||14|||37|||5
)|||43|||15|||13|||5
)|||44|||15|||25|||5
)|||45|||15|||34|||5
)|||46|||16|||13|||5
)|||47|||16|||30|||5
)|||48|||16|||43|||5
)|||49|||17|||13|||5
)|||50|||17|||32|||5
)|||51|||17|||33|||5
)|||52|||17|||46|||5
)|||53|||18|||13|||5
)|||54|||18|||49|||5
)|||55|||19|||13|||5
)|||56|||19|||54|||5
)|||57|||20|||13|||5
)|||58|||20|||28|||5
)|||59|||20|||37|||5
)|||60|||21|||13|||5
)|||61|||21|||28|||5
)|||62|||21|||37|||5
)|||63|||22|||13|||5
)|||64|||22|||27|||5
)|||65|||23|||13|||5
)|||66|||23|||27|||5
10|||1|||0|||18|||6
for|||1|||0|||20|||6
idx|||2|||0|||27|||6
<|||1|||0|||28|||6
System|||1|||0|||35|||6
.|||1|||0|||36|||6
out|||1|||0|||37|||6
.|||2|||0|||38|||6
idx|||4|||0|||41|||6
10|||2|||1|||18|||6
for|||2|||1|||20|||6
idx|||6|||1|||27|||6
<|||2|||1|||28|||6
System|||2|||1|||35|||6
.|||3|||1|||36|||6
out|||2|||1|||37|||6
.|||4|||1|||38|||6
idx|||8|||1|||41|||6
0|||3|||2|||20|||6
i|||2|||2|||22|||6
<|||3|||2|||23|||6
10|||3|||2|||24|||6
.|||5|||2|||31|||6
out|||3|||2|||32|||6
.|||6|||2|||33|||6
while|||1|||3|||20|||6
i|||6|||3|||22|||6
<|||4|||3|||23|||6
10|||4|||3|||24|||6
.|||7|||3|||28|||6
out|||4|||3|||29|||6
.|||8|||3|||30|||6
i|||7|||3|||33|||6
5|||1|||4|||18|||6
N|||1|||4|||21|||6
=|||8|||4|||22|||6
10|||5|||4|||23|||6
idx|||10|||4|||27|||6
<|||5|||4|||28|||6
N|||2|||4|||29|||6
.|||9|||4|||33|||6
out|||5|||4|||34|||6
.|||10|||4|||35|||6
idx|||11|||4|||38|||6
5|||2|||5|||18|||6
N|||3|||5|||21|||6
=|||10|||5|||22|||6
10|||6|||5|||23|||6
idx|||13|||5|||29|||6
>=|||1|||5|||30|||6
N|||4|||5|||31|||6
.|||11|||5|||36|||6
out|||6|||5|||37|||6
.|||12|||5|||38|||6
idx|||14|||5|||41|||6
new|||1|||6|||20|||6
5|||3|||6|||23|||6
+=|||1|||6|||30|||6
100|||1|||6|||31|||6
.|||13|||6|||34|||6
out|||7|||6|||35|||6
.|||14|||6|||36|||6
data|||3|||6|||39|||6
0|||6|||6|||41|||6
new|||2|||7|||20|||6
5|||4|||7|||23|||6
data|||6|||7|||31|||6
0|||8|||7|||33|||6
.|||15|||7|||39|||6
out|||8|||7|||40|||6
.|||16|||7|||41|||6
data|||7|||7|||44|||6
Example9|||1|||8|||2|||6
0|||10|||8|||20|||6
i|||10|||8|||22|||6
<|||6|||8|||23|||6
5|||5|||8|||24|||6
.|||17|||8|||31|||6
out|||9|||8|||32|||6
.|||18|||8|||33|||6
0|||11|||9|||20|||6
i|||14|||9|||22|||6
<=|||1|||9|||23|||6
5|||6|||9|||24|||6
.|||19|||9|||31|||6
out|||10|||9|||32|||6
.|||20|||9|||33|||6
.|||21|||10|||21|||6
out|||11|||10|||22|||6
.|||22|||10|||23|||6
.|||23|||11|||21|||6
out|||12|||11|||22|||6
.|||24|||11|||23|||6
for|||6|||12|||20|||6
i|||17|||12|||23|||6
0|||13|||12|||25|||6
i|||19|||12|||31|||6
++|||7|||12|||32|||6
.|||25|||12|||36|||6
out|||13|||12|||37|||6
.|||26|||12|||38|||6
i|||20|||12|||41|||6
10|||8|||13|||18|||6
for|||7|||13|||20|||6
i|||21|||13|||23|||6
i|||22|||13|||27|||6
<|||8|||13|||28|||6
ctr|||2|||13|||29|||6
i|||23|||13|||31|||6
.|||27|||13|||36|||6
out|||14|||13|||37|||6
.|||28|||13|||38|||6
i|||24|||13|||41|||6
0|||15|||14|||20|||6
j|||2|||14|||22|||6
<|||9|||14|||23|||6
5|||7|||14|||24|||6
j|||3|||14|||26|||6
.|||29|||14|||31|||6
out|||15|||14|||32|||6
.|||30|||14|||33|||6
while|||2|||15|||20|||6
j|||6|||15|||22|||6
<|||10|||15|||23|||6
5|||8|||15|||24|||6
.|||31|||15|||28|||6
out|||16|||15|||29|||6
.|||32|||15|||30|||6
j|||7|||15|||33|||6
y|||1|||16|||21|||6
=|||25|||16|||22|||6
10|||9|||16|||23|||6
y|||2|||16|||29|||6
System|||17|||16|||32|||6
.|||33|||16|||33|||6
out|||17|||16|||34|||6
.|||34|||16|||35|||6
x|||3|||16|||39|||6
is|||1|||16|||40|||6
greater|||1|||16|||41|||6
"|||2|||16|||42|||6
y|||3|||17|||21|||6
=|||27|||17|||22|||6
10|||10|||17|||23|||6
x|||5|||17|||29|||6
<=|||2|||17|||30|||6
y|||4|||17|||31|||6
.|||35|||17|||36|||6
out|||18|||17|||37|||6
.|||36|||17|||38|||6
"|||3|||17|||41|||6
x|||6|||17|||42|||6
is|||2|||17|||43|||6
greater|||2|||17|||44|||6
1|||2|||18|||21|||6
,|||1|||18|||22|||6
2|||1|||18|||23|||6
,|||2|||18|||24|||6
3|||1|||18|||25|||6
5|||9|||18|||29|||6
values|||2|||18|||32|||6
2|||2|||18|||34|||6
2|||3|||18|||37|||6
.|||37|||18|||40|||6
out|||19|||18|||41|||6
.|||38|||18|||42|||6
2|||4|||18|||47|||6
1|||3|||19|||21|||6
,|||5|||19|||22|||6
2|||5|||19|||23|||6
,|||6|||19|||24|||6
3|||2|||19|||25|||6
5|||10|||19|||29|||6
values|||5|||19|||32|||6
2|||6|||19|||34|||6
2|||7|||19|||39|||6
*|||1|||19|||41|||6
2|||8|||19|||42|||6
.|||39|||19|||45|||6
out|||20|||19|||46|||6
.|||40|||19|||47|||6
values|||7|||19|||50|||6
2|||9|||19|||52|||6
1|||4|||20|||20|||6
i|||26|||20|||22|||6
<|||11|||20|||23|||6
4|||3|||20|||24|||6
.|||41|||20|||31|||6
out|||21|||20|||32|||6
.|||42|||20|||33|||6
1|||5|||21|||20|||6
i|||30|||21|||22|||6
<=|||3|||21|||23|||6
4|||4|||21|||24|||6
.|||43|||21|||31|||6
out|||22|||21|||32|||6
.|||44|||21|||33|||6
.|||45|||22|||21|||6
out|||23|||22|||22|||6
.|||46|||22|||23|||6
.|||47|||23|||21|||6
out|||24|||23|||22|||6
.|||48|||23|||23|||6
{|||1|||0|||3|||7
{|||2|||0|||14|||7
{|||3|||0|||34|||7
{|||4|||1|||3|||7
{|||5|||1|||14|||7
{|||6|||1|||34|||7
{|||7|||2|||3|||7
{|||8|||2|||14|||7
{|||9|||2|||29|||7
{|||10|||3|||3|||7
{|||11|||3|||14|||7
{|||12|||3|||26|||7
{|||13|||4|||3|||7
{|||14|||4|||14|||7
{|||15|||4|||31|||7
{|||16|||5|||3|||7
{|||17|||5|||14|||7
{|||18|||5|||34|||7
{|||19|||6|||3|||7
{|||20|||6|||14|||7
{|||21|||7|||3|||7
{|||22|||7|||14|||7
{|||23|||8|||3|||7
{|||24|||8|||14|||7
{|||25|||8|||29|||7
{|||26|||9|||3|||7
{|||27|||9|||14|||7
{|||28|||9|||29|||7
{|||29|||10|||3|||7
{|||30|||10|||14|||7
{|||31|||11|||3|||7
{|||32|||11|||14|||7
{|||33|||12|||3|||7
{|||34|||12|||14|||7
{|||35|||12|||34|||7
{|||36|||13|||3|||7
{|||37|||13|||14|||7
{|||38|||13|||34|||7
{|||39|||14|||3|||7
{|||40|||14|||14|||7
{|||41|||14|||29|||7
{|||42|||15|||3|||7
{|||43|||15|||14|||7
{|||44|||15|||26|||7
{|||45|||16|||3|||7
{|||46|||16|||14|||7
{|||47|||16|||31|||7
{|||48|||17|||3|||7
{|||49|||17|||14|||7
{|||50|||17|||34|||7
{|||51|||18|||3|||7
{|||52|||18|||14|||7
{|||53|||18|||20|||7
{|||54|||19|||3|||7
{|||55|||19|||14|||7
{|||56|||19|||20|||7
{|||57|||20|||3|||7
{|||58|||20|||14|||7
{|||59|||20|||29|||7
{|||60|||21|||3|||7
{|||61|||21|||14|||7
{|||62|||21|||29|||7
{|||63|||22|||3|||7
{|||64|||22|||14|||7
{|||65|||23|||3|||7
{|||66|||23|||14|||7
void|||1|||0|||6|||8
int|||1|||0|||15|||8
int|||2|||0|||22|||8
void|||2|||1|||6|||8
int|||3|||1|||15|||8
int|||4|||1|||22|||8
void|||3|||2|||6|||8
int|||5|||2|||17|||8
i|||1|||2|||18|||8
i|||3|||2|||26|||8
i|||4|||2|||36|||8
void|||4|||3|||6|||8
int|||6|||3|||15|||8
i|||5|||3|||16|||8
i|||8|||3|||36|||8
void|||5|||4|||6|||8
int|||7|||4|||15|||8
int|||8|||4|||20|||8
void|||6|||5|||6|||8
int|||9|||5|||15|||8
int|||10|||5|||20|||8
void|||7|||6|||6|||8
int|||11|||6|||15|||8
int|||12|||6|||21|||8
void|||8|||7|||6|||8
int|||13|||7|||15|||8
int|||14|||7|||21|||8
void|||9|||8|||6|||8
int|||15|||8|||17|||8
i|||9|||8|||18|||8
i|||11|||8|||26|||8
i|||12|||8|||36|||8
void|||10|||9|||6|||8
int|||16|||9|||17|||8
i|||13|||9|||18|||8
i|||15|||9|||26|||8
i|||16|||9|||36|||8
void|||11|||10|||6|||8
int|||17|||10|||15|||8
void|||12|||11|||6|||8
int|||18|||11|||15|||8
void|||13|||12|||6|||8
int|||19|||12|||15|||8
int|||20|||12|||22|||8
i|||18|||12|||27|||8
void|||14|||13|||6|||8
int|||21|||13|||15|||8
int|||22|||13|||22|||8
void|||15|||14|||6|||8
int|||23|||14|||17|||8
void|||16|||15|||6|||8
int|||24|||15|||15|||8
void|||17|||16|||6|||8
int|||25|||16|||15|||8
int|||26|||16|||20|||8
void|||18|||17|||6|||8
int|||27|||17|||15|||8
int|||28|||17|||20|||8
void|||19|||18|||6|||8
int|||29|||18|||15|||8
void|||20|||19|||6|||8
int|||30|||19|||15|||8
void|||21|||20|||6|||8
int|||31|||20|||17|||8
i|||25|||20|||18|||8
i|||27|||20|||26|||8
i|||28|||20|||36|||8
void|||22|||21|||6|||8
int|||32|||21|||17|||8
i|||29|||21|||18|||8
i|||31|||21|||26|||8
i|||32|||21|||36|||8
void|||23|||22|||6|||8
int|||33|||22|||15|||8
void|||24|||23|||6|||8
int|||34|||23|||15|||8
main|||1|||0|||7|||9
(|||1|||0|||8|||9
String|||1|||0|||9|||9
numElements|||1|||0|||16|||9
=|||1|||0|||17|||9
(|||2|||0|||21|||9
idx|||1|||0|||23|||9
=|||2|||0|||24|||9
0|||1|||0|||25|||9
numElements|||2|||0|||29|||9
idx|||3|||0|||31|||9
++|||1|||0|||32|||9
(|||3|||0|||40|||9
main|||2|||1|||7|||9
(|||4|||1|||8|||9
String|||2|||1|||9|||9
nElems|||1|||1|||16|||9
=|||3|||1|||17|||9
(|||5|||1|||21|||9
idx|||5|||1|||23|||9
=|||4|||1|||24|||9
0|||2|||1|||25|||9
nElems|||2|||1|||29|||9
idx|||7|||1|||31|||9
++|||2|||1|||32|||9
(|||6|||1|||40|||9
main|||3|||2|||7|||9
(|||7|||2|||8|||9
String|||3|||2|||9|||9
for|||3|||2|||15|||9
(|||8|||2|||16|||9
=|||5|||2|||19|||9
++|||3|||2|||27|||9
System|||3|||2|||30|||9
(|||9|||2|||35|||9
main|||4|||3|||7|||9
(|||10|||3|||8|||9
String|||4|||3|||9|||9
=|||6|||3|||17|||9
0|||4|||3|||18|||9
(|||11|||3|||21|||9
System|||4|||3|||27|||9
(|||12|||3|||32|||9
++|||4|||3|||37|||9
main|||5|||4|||7|||9
(|||13|||4|||8|||9
String|||5|||4|||9|||9
idx|||9|||4|||16|||9
=|||7|||4|||17|||9
if|||1|||4|||25|||9
(|||14|||4|||26|||9
System|||5|||4|||32|||9
(|||15|||4|||37|||9
main|||6|||5|||7|||9
(|||16|||5|||8|||9
String|||6|||5|||9|||9
idx|||12|||5|||16|||9
=|||9|||5|||17|||9
if|||2|||5|||25|||9
(|||17|||5|||26|||9
!|||1|||5|||27|||9
(|||18|||5|||28|||9
System|||6|||5|||35|||9
(|||19|||5|||40|||9
main|||7|||6|||7|||9
(|||20|||6|||8|||9
String|||7|||6|||9|||9
data|||1|||6|||18|||9
=|||11|||6|||19|||9
data|||2|||6|||26|||9
0|||5|||6|||28|||9
System|||7|||6|||33|||9
(|||21|||6|||38|||9
main|||8|||7|||7|||9
(|||22|||7|||8|||9
String|||8|||7|||9|||9
data|||4|||7|||18|||9
=|||12|||7|||19|||9
data|||5|||7|||26|||9
0|||7|||7|||28|||9
=|||13|||7|||30|||9
+|||1|||7|||35|||9
100|||2|||7|||36|||9
System|||8|||7|||38|||9
(|||23|||7|||43|||9
0|||9|||7|||46|||9
main|||9|||8|||7|||9
(|||24|||8|||8|||9
String|||9|||8|||9|||9
for|||4|||8|||15|||9
(|||25|||8|||16|||9
=|||14|||8|||19|||9
++|||5|||8|||27|||9
System|||9|||8|||30|||9
(|||26|||8|||35|||9
main|||10|||9|||7|||9
(|||27|||9|||8|||9
String|||10|||9|||9|||9
for|||5|||9|||15|||9
(|||28|||9|||16|||9
=|||15|||9|||19|||9
++|||6|||9|||27|||9
System|||10|||9|||30|||9
(|||29|||9|||35|||9
main|||11|||10|||7|||9
(|||30|||10|||8|||9
String|||11|||10|||9|||9
tid|||1|||10|||16|||9
=|||16|||10|||17|||9
0|||12|||10|||18|||9
System|||11|||10|||20|||9
(|||31|||10|||25|||9
tid|||2|||10|||26|||9
main|||12|||11|||7|||9
(|||32|||11|||8|||9
String|||12|||11|||9|||9
tid|||3|||11|||16|||9
=|||17|||11|||17|||9
1|||1|||11|||18|||9
System|||12|||11|||20|||9
(|||33|||11|||25|||9
tid|||4|||11|||26|||9
main|||13|||12|||7|||9
(|||34|||12|||8|||9
String|||13|||12|||9|||9
counter|||1|||12|||16|||9
=|||18|||12|||17|||9
10|||7|||12|||18|||9
(|||35|||12|||21|||9
=|||19|||12|||24|||9
<|||7|||12|||28|||9
counter|||2|||12|||29|||9
System|||13|||12|||35|||9
(|||36|||12|||40|||9
main|||14|||13|||7|||9
(|||37|||13|||8|||9
String|||14|||13|||9|||9
ctr|||1|||13|||16|||9
=|||20|||13|||17|||9
(|||38|||13|||21|||9
=|||21|||13|||24|||9
0|||14|||13|||25|||9
++|||8|||13|||32|||9
System|||14|||13|||35|||9
(|||39|||13|||40|||9
main|||15|||14|||7|||9
(|||40|||14|||8|||9
String|||15|||14|||9|||9
for|||8|||14|||15|||9
(|||41|||14|||16|||9
j|||1|||14|||18|||9
=|||22|||14|||19|||9
++|||9|||14|||27|||9
System|||15|||14|||30|||9
(|||42|||14|||35|||9
j|||4|||14|||36|||9
main|||16|||15|||7|||9
(|||43|||15|||8|||9
String|||16|||15|||9|||9
j|||5|||15|||16|||9
=|||23|||15|||17|||9
0|||16|||15|||18|||9
(|||44|||15|||21|||9
System|||16|||15|||27|||9
(|||45|||15|||32|||9
j|||8|||15|||36|||9
++|||10|||15|||37|||9
main|||17|||16|||7|||9
(|||46|||16|||8|||9
String|||17|||16|||9|||9
x|||1|||16|||16|||9
=|||24|||16|||17|||9
7|||1|||16|||18|||9
if|||3|||16|||25|||9
(|||47|||16|||26|||9
x|||2|||16|||27|||9
>|||1|||16|||28|||9
(|||48|||16|||37|||9
"|||1|||16|||38|||9
main|||18|||17|||7|||9
(|||49|||17|||8|||9
String|||18|||17|||9|||9
x|||4|||17|||16|||9
=|||26|||17|||17|||9
7|||2|||17|||18|||9
if|||4|||17|||25|||9
(|||50|||17|||26|||9
!|||2|||17|||27|||9
(|||51|||17|||28|||9
System|||18|||17|||35|||9
(|||52|||17|||40|||9
"|||4|||17|||45|||9
main|||19|||18|||7|||9
(|||53|||18|||8|||9
String|||19|||18|||9|||9
values|||1|||18|||18|||9
=|||28|||18|||19|||9
,|||3|||18|||26|||9
4|||1|||18|||27|||9
,|||4|||18|||28|||9
*=|||1|||18|||36|||9
System|||19|||18|||39|||9
(|||54|||18|||44|||9
values|||3|||18|||45|||9
main|||20|||19|||7|||9
(|||55|||19|||8|||9
String|||20|||19|||9|||9
values|||4|||19|||18|||9
=|||29|||19|||19|||9
,|||7|||19|||26|||9
4|||2|||19|||27|||9
,|||8|||19|||28|||9
=|||30|||19|||36|||9
values|||6|||19|||37|||9
System|||20|||19|||44|||9
(|||56|||19|||49|||9
main|||21|||20|||7|||9
(|||57|||20|||8|||9
String|||21|||20|||9|||9
for|||9|||20|||15|||9
(|||58|||20|||16|||9
=|||31|||20|||19|||9
++|||11|||20|||27|||9
System|||21|||20|||30|||9
(|||59|||20|||35|||9
main|||22|||21|||7|||9
(|||60|||21|||8|||9
String|||22|||21|||9|||9
for|||10|||21|||15|||9
(|||61|||21|||16|||9
=|||32|||21|||19|||9
++|||12|||21|||27|||9
System|||22|||21|||30|||9
(|||62|||21|||35|||9
main|||23|||22|||7|||9
(|||63|||22|||8|||9
String|||23|||22|||9|||9
index|||1|||22|||16|||9
=|||33|||22|||17|||9
0|||17|||22|||18|||9
System|||23|||22|||20|||9
(|||64|||22|||25|||9
index|||2|||22|||26|||9
main|||24|||23|||7|||9
(|||65|||23|||8|||9
String|||24|||23|||9|||9
index|||3|||23|||16|||9
=|||34|||23|||17|||9
1|||6|||23|||18|||9
System|||24|||23|||20|||9
(|||66|||23|||25|||9
index|||4|||23|||26|||9
