=|||1|||0|||17|||0
;|||1|||0|||19|||0
=|||2|||0|||24|||0
;|||2|||0|||26|||0
(|||3|||0|||40|||0
=|||3|||1|||17|||0
;|||5|||1|||19|||0
=|||4|||1|||24|||0
;|||6|||1|||26|||0
(|||6|||1|||40|||0
=|||5|||2|||17|||0
;|||9|||2|||19|||0
(|||8|||2|||21|||0
(|||9|||2|||32|||0
(|||10|||2|||33|||0
)|||9|||2|||35|||0
=|||6|||3|||17|||0
;|||12|||3|||19|||0
(|||12|||3|||21|||0
(|||13|||3|||32|||0
=|||7|||4|||17|||0
;|||15|||4|||19|||0
=|||8|||4|||22|||0
;|||16|||4|||24|||0
if|||1|||4|||25|||0
(|||15|||4|||26|||0
<|||5|||4|||28|||0
(|||16|||4|||29|||0
)|||15|||4|||31|||0
(|||17|||4|||40|||0
=|||9|||5|||17|||0
;|||18|||5|||19|||0
=|||10|||5|||22|||0
;|||19|||5|||24|||0
if|||2|||5|||25|||0
(|||19|||5|||26|||0
!|||1|||5|||27|||0
(|||20|||5|||28|||0
>=|||1|||5|||30|||0
(|||21|||5|||40|||0
(|||22|||5|||41|||0
)|||21|||5|||43|||0
[|||8|||6|||16|||0
]|||8|||6|||17|||0
=|||11|||6|||19|||0
new|||1|||6|||20|||0
[|||9|||6|||22|||0
]|||9|||6|||24|||0
;|||21|||6|||25|||0
[|||10|||6|||27|||0
0|||5|||6|||28|||0
]|||10|||6|||29|||0
=|||12|||6|||30|||0
[|||11|||6|||32|||0
0|||6|||6|||33|||0
]|||11|||6|||34|||0
+|||1|||6|||35|||0
(|||24|||6|||36|||0
)|||24|||6|||38|||0
;|||22|||6|||40|||0
(|||25|||6|||46|||0
[|||12|||6|||48|||0
0|||7|||6|||49|||0
]|||12|||6|||50|||0
[|||14|||7|||16|||0
]|||14|||7|||17|||0
=|||13|||7|||19|||0
new|||2|||7|||20|||0
[|||15|||7|||22|||0
]|||15|||7|||24|||0
;|||24|||7|||25|||0
[|||16|||7|||27|||0
0|||8|||7|||28|||0
]|||16|||7|||29|||0
+=|||1|||7|||30|||0
(|||27|||7|||31|||0
)|||27|||7|||33|||0
;|||25|||7|||35|||0
(|||28|||7|||41|||0
[|||17|||7|||43|||0
0|||9|||7|||44|||0
]|||17|||7|||45|||0
;|||27|||8|||17|||0
;|||28|||8|||23|||0
(|||31|||8|||37|||0
(|||32|||8|||38|||0
)|||31|||8|||40|||0
=|||15|||9|||17|||0
;|||31|||9|||19|||0
(|||34|||9|||21|||0
(|||35|||9|||32|||0
(|||36|||9|||33|||0
)|||35|||9|||35|||0
=|||16|||10|||17|||0
;|||34|||10|||19|||0
(|||38|||10|||25|||0
(|||39|||10|||26|||0
)|||38|||10|||28|||0
=|||17|||11|||17|||0
;|||36|||11|||19|||0
(|||41|||11|||25|||0
(|||42|||11|||26|||0
)|||41|||11|||28|||0
=|||18|||12|||17|||0
;|||38|||12|||19|||0
;|||39|||12|||26|||0
(|||45|||12|||40|||0
=|||20|||13|||17|||0
;|||42|||13|||19|||0
=|||21|||13|||24|||0
;|||43|||13|||26|||0
(|||48|||13|||40|||0
;|||46|||14|||17|||0
;|||47|||14|||23|||0
(|||51|||14|||37|||0
(|||52|||14|||38|||0
)|||51|||14|||40|||0
=|||23|||15|||17|||0
;|||50|||15|||19|||0
(|||54|||15|||21|||0
(|||55|||15|||32|||0
(|||56|||15|||33|||0
)|||55|||15|||35|||0
=|||24|||16|||17|||0
;|||53|||16|||19|||0
=|||25|||16|||22|||0
;|||54|||16|||24|||0
if|||3|||16|||25|||0
(|||58|||16|||26|||0
>|||1|||16|||28|||0
(|||59|||16|||37|||0
"|||1|||16|||38|||0
is|||1|||16|||40|||0
greater|||1|||16|||41|||0
"|||2|||16|||42|||0
=|||26|||17|||17|||0
;|||56|||17|||19|||0
=|||27|||17|||22|||0
;|||57|||17|||24|||0
if|||4|||17|||25|||0
(|||61|||17|||26|||0
<=|||2|||17|||28|||0
==|||1|||17|||30|||0
false|||1|||17|||31|||0
(|||62|||17|||39|||0
"|||3|||17|||40|||0
is|||2|||17|||42|||0
greater|||2|||17|||43|||0
"|||4|||17|||44|||0
[|||29|||18|||16|||0
]|||29|||18|||17|||0
=|||28|||18|||19|||0
{|||53|||18|||20|||0
,|||1|||18|||22|||0
,|||2|||18|||24|||0
,|||3|||18|||26|||0
,|||4|||18|||28|||0
}|||51|||18|||30|||0
;|||59|||18|||31|||0
[|||30|||18|||33|||0
]|||30|||18|||35|||0
=|||29|||18|||36|||0
[|||31|||18|||38|||0
]|||31|||18|||40|||0
*|||1|||18|||41|||0
;|||60|||18|||43|||0
(|||64|||18|||49|||0
[|||32|||18|||51|||0
]|||32|||18|||53|||0
[|||34|||19|||16|||0
]|||34|||19|||17|||0
=|||30|||19|||19|||0
{|||56|||19|||20|||0
,|||5|||19|||22|||0
,|||6|||19|||24|||0
,|||7|||19|||26|||0
,|||8|||19|||28|||0
}|||54|||19|||30|||0
;|||62|||19|||31|||0
[|||35|||19|||33|||0
]|||35|||19|||35|||0
*=|||1|||19|||36|||0
;|||63|||19|||38|||0
(|||66|||19|||44|||0
[|||36|||19|||46|||0
]|||36|||19|||48|||0
;|||65|||20|||17|||0
;|||66|||20|||23|||0
(|||69|||20|||37|||0
(|||70|||20|||38|||0
)|||69|||20|||40|||0
;|||69|||21|||17|||0
;|||70|||21|||23|||0
(|||73|||21|||37|||0
(|||74|||21|||38|||0
)|||73|||21|||40|||0
=|||33|||22|||17|||0
;|||73|||22|||19|||0
(|||76|||22|||25|||0
(|||77|||22|||26|||0
)|||76|||22|||28|||0
=|||34|||23|||17|||0
;|||75|||23|||19|||0
(|||79|||23|||25|||0
(|||80|||23|||26|||0
)|||79|||23|||28|||0
void|||1|||0|||6|||1
System|||1|||0|||35|||1
.|||1|||0|||36|||1
out|||1|||0|||37|||1
.|||2|||0|||38|||1
println|||1|||0|||39|||1
void|||2|||1|||6|||1
System|||2|||1|||35|||1
.|||3|||1|||36|||1
out|||2|||1|||37|||1
.|||4|||1|||38|||1
println|||2|||1|||39|||1
void|||3|||2|||6|||1
System|||3|||2|||27|||1
.|||5|||2|||28|||1
out|||3|||2|||29|||1
.|||6|||2|||30|||1
println|||3|||2|||31|||1
void|||4|||3|||6|||1
System|||4|||3|||27|||1
.|||7|||3|||28|||1
out|||4|||3|||29|||1
.|||8|||3|||30|||1
println|||4|||3|||31|||1
void|||5|||4|||6|||1
System|||5|||4|||35|||1
.|||9|||4|||36|||1
out|||5|||4|||37|||1
.|||10|||4|||38|||1
println|||5|||4|||39|||1
void|||6|||5|||6|||1
System|||6|||5|||35|||1
.|||11|||5|||36|||1
out|||6|||5|||37|||1
.|||12|||5|||38|||1
println|||6|||5|||39|||1
void|||7|||6|||6|||1
System|||7|||6|||41|||1
.|||13|||6|||42|||1
out|||7|||6|||43|||1
.|||14|||6|||44|||1
println|||7|||6|||45|||1
void|||8|||7|||6|||1
System|||8|||7|||36|||1
.|||15|||7|||37|||1
out|||8|||7|||38|||1
.|||16|||7|||39|||1
println|||8|||7|||40|||1
void|||9|||8|||6|||1
System|||9|||8|||32|||1
.|||17|||8|||33|||1
out|||9|||8|||34|||1
.|||18|||8|||35|||1
println|||9|||8|||36|||1
void|||10|||9|||6|||1
System|||10|||9|||27|||1
.|||19|||9|||28|||1
out|||10|||9|||29|||1
.|||20|||9|||30|||1
println|||10|||9|||31|||1
void|||11|||10|||6|||1
System|||11|||10|||20|||1
.|||21|||10|||21|||1
out|||11|||10|||22|||1
.|||22|||10|||23|||1
println|||11|||10|||24|||1
void|||12|||11|||6|||1
System|||12|||11|||20|||1
.|||23|||11|||21|||1
out|||12|||11|||22|||1
.|||24|||11|||23|||1
println|||12|||11|||24|||1
void|||13|||12|||6|||1
System|||13|||12|||35|||1
.|||25|||12|||36|||1
out|||13|||12|||37|||1
.|||26|||12|||38|||1
println|||13|||12|||39|||1
void|||14|||13|||6|||1
System|||14|||13|||35|||1
.|||27|||13|||36|||1
out|||14|||13|||37|||1
.|||28|||13|||38|||1
println|||14|||13|||39|||1
void|||15|||14|||6|||1
System|||15|||14|||32|||1
.|||29|||14|||33|||1
out|||15|||14|||34|||1
.|||30|||14|||35|||1
println|||15|||14|||36|||1
void|||16|||15|||6|||1
System|||16|||15|||27|||1
.|||31|||15|||28|||1
out|||16|||15|||29|||1
.|||32|||15|||30|||1
println|||16|||15|||31|||1
void|||17|||16|||6|||1
System|||17|||16|||32|||1
.|||33|||16|||33|||1
out|||17|||16|||34|||1
.|||34|||16|||35|||1
println|||17|||16|||36|||1
void|||18|||17|||6|||1
System|||18|||17|||34|||1
.|||35|||17|||35|||1
out|||18|||17|||36|||1
.|||36|||17|||37|||1
println|||18|||17|||38|||1
void|||19|||18|||6|||1
System|||19|||18|||44|||1
.|||37|||18|||45|||1
out|||19|||18|||46|||1
.|||38|||18|||47|||1
println|||19|||18|||48|||1
void|||20|||19|||6|||1
System|||20|||19|||39|||1
.|||39|||19|||40|||1
out|||20|||19|||41|||1
.|||40|||19|||42|||1
println|||20|||19|||43|||1
void|||21|||20|||6|||1
System|||21|||20|||32|||1
.|||41|||20|||33|||1
out|||21|||20|||34|||1
.|||42|||20|||35|||1
println|||21|||20|||36|||1
void|||22|||21|||6|||1
System|||22|||21|||32|||1
.|||43|||21|||33|||1
out|||22|||21|||34|||1
.|||44|||21|||35|||1
println|||22|||21|||36|||1
void|||23|||22|||6|||1
System|||23|||22|||20|||1
.|||45|||22|||21|||1
out|||23|||22|||22|||1
.|||46|||22|||23|||1
println|||23|||22|||24|||1
void|||24|||23|||6|||1
System|||24|||23|||20|||1
.|||47|||23|||21|||1
out|||24|||23|||22|||1
.|||48|||23|||23|||1
println|||24|||23|||24|||1
AlgorithmicBase|||1|||0|||2|||2
float|||1|||0|||15|||2
totalElements|||1|||0|||16|||2
10|||1|||0|||18|||2
int|||1|||0|||22|||2
counter|||1|||0|||23|||2
counter|||2|||0|||27|||2
totalElements|||2|||0|||29|||2
counter|||3|||0|||31|||2
counter|||4|||0|||41|||2
RepeatMechanism|||1|||1|||2|||2
float|||2|||1|||15|||2
itemsToRepeat|||1|||1|||16|||2
10|||2|||1|||18|||2
int|||2|||1|||22|||2
index|||1|||1|||23|||2
index|||2|||1|||27|||2
itemsToRepeat|||2|||1|||29|||2
index|||3|||1|||31|||2
index|||4|||1|||41|||2
NumberRange|||1|||2|||2|||2
float|||3|||2|||15|||2
iVal|||1|||2|||16|||2
iVal|||2|||2|||22|||2
10|||3|||2|||24|||2
int|||3|||2|||34|||2
iVal|||3|||2|||36|||2
iVal|||4|||2|||39|||2
LoopProcess|||1|||3|||2|||2
float|||4|||3|||15|||2
iterator|||1|||3|||16|||2
iterator|||2|||3|||22|||2
10|||4|||3|||24|||2
iterator|||3|||3|||33|||2
iterator|||4|||3|||36|||2
DecisionGate|||1|||4|||2|||2
int|||4|||4|||15|||2
currentIdx|||1|||4|||16|||2
5|||1|||4|||18|||2
int|||5|||4|||20|||2
maxValue|||1|||4|||21|||2
10|||5|||4|||23|||2
currentIdx|||2|||4|||27|||2
float|||5|||4|||30|||2
maxValue|||2|||4|||32|||2
currentIdx|||3|||4|||41|||2
ConditionFail|||1|||5|||2|||2
float|||6|||5|||15|||2
checkIdx|||1|||5|||16|||2
5|||2|||5|||18|||2
float|||7|||5|||20|||2
upperLim|||1|||5|||21|||2
10|||6|||5|||23|||2
checkIdx|||2|||5|||29|||2
upperLim|||2|||5|||31|||2
int|||6|||5|||42|||2
checkIdx|||3|||5|||44|||2
ArrayModify|||1|||6|||2|||2
int|||7|||6|||15|||2
dataPoints|||1|||6|||18|||2
int|||8|||6|||21|||2
5|||3|||6|||23|||2
dataPoints|||2|||6|||26|||2
dataPoints|||3|||6|||31|||2
int|||9|||6|||37|||2
100.0f|||1|||6|||39|||2
dataPoints|||4|||6|||47|||2
DataStore|||1|||7|||2|||2
int|||10|||7|||15|||2
container|||1|||7|||18|||2
int|||11|||7|||21|||2
5|||4|||7|||23|||2
container|||2|||7|||26|||2
int|||12|||7|||32|||2
100.0f|||2|||7|||34|||2
container|||3|||7|||42|||2
IterateAction|||1|||8|||2|||2
float|||8|||8|||15|||2
kVal|||1|||8|||16|||2
kVal|||2|||8|||20|||2
kVal|||3|||8|||24|||2
5|||5|||8|||26|||2
kVal|||4|||8|||28|||2
int|||13|||8|||39|||2
kVal|||5|||8|||41|||2
LimitAchieved|||1|||9|||2|||2
float|||9|||9|||15|||2
limiter|||1|||9|||16|||2
limiter|||2|||9|||22|||2
5|||6|||9|||24|||2
int|||14|||9|||34|||2
limiter|||3|||9|||36|||2
limiter|||4|||9|||39|||2
StartState|||1|||10|||2|||2
float|||10|||10|||15|||2
initialValue|||1|||10|||16|||2
0|||12|||10|||18|||2
int|||15|||10|||27|||2
initialValue|||2|||10|||29|||2
InitializeVal|||1|||11|||2|||2
float|||11|||11|||15|||2
identifier|||1|||11|||16|||2
1|||1|||11|||18|||2
int|||16|||11|||27|||2
identifier|||2|||11|||29|||2
SpanRun|||1|||12|||2|||2
int|||17|||12|||15|||2
limit|||1|||12|||16|||2
10|||7|||12|||18|||2
int|||18|||12|||22|||2
counterInner|||1|||12|||23|||2
counterInner|||2|||12|||27|||2
limit|||2|||12|||29|||2
counterInner|||3|||12|||31|||2
counterInner|||4|||12|||41|||2
BoundCheck|||1|||13|||2|||2
int|||19|||13|||15|||2
topRange|||1|||13|||16|||2
10|||8|||13|||18|||2
int|||20|||13|||22|||2
walker|||1|||13|||23|||2
walker|||2|||13|||27|||2
topRange|||2|||13|||29|||2
walker|||3|||13|||31|||2
walker|||4|||13|||41|||2
QuickCycle|||1|||14|||2|||2
float|||12|||14|||15|||2
loopCount|||1|||14|||16|||2
loopCount|||2|||14|||20|||2
loopCount|||3|||14|||24|||2
5|||7|||14|||26|||2
loopCount|||4|||14|||28|||2
int|||21|||14|||39|||2
loopCount|||5|||14|||41|||2
BriefRepeat|||1|||15|||2|||2
float|||13|||15|||15|||2
cycleVal|||1|||15|||16|||2
cycleVal|||2|||15|||22|||2
5|||8|||15|||24|||2
int|||22|||15|||34|||2
cycleVal|||3|||15|||36|||2
cycleVal|||4|||15|||39|||2
SizeCheck|||1|||16|||2|||2
float|||14|||16|||15|||2
lengthVal|||1|||16|||16|||2
7|||1|||16|||18|||2
float|||15|||16|||20|||2
widthVal|||1|||16|||21|||2
10|||9|||16|||23|||2
lengthVal|||2|||16|||27|||2
widthVal|||2|||16|||29|||2
x|||1|||16|||39|||2
NotSmaller|||1|||17|||2|||2
float|||16|||17|||15|||2
leftSide|||1|||17|||16|||2
7|||2|||17|||18|||2
float|||17|||17|||20|||2
rightSide|||1|||17|||21|||2
10|||10|||17|||23|||2
leftSide|||2|||17|||27|||2
rightSide|||2|||17|||29|||2
x|||2|||17|||41|||2
ScaleValue|||1|||18|||2|||2
int|||23|||18|||15|||2
valueSet|||1|||18|||18|||2
1|||2|||18|||21|||2
2|||1|||18|||23|||2
3|||1|||18|||25|||2
4|||1|||18|||27|||2
5|||9|||18|||29|||2
valueSet|||2|||18|||32|||2
2|||2|||18|||34|||2
valueSet|||3|||18|||37|||2
2|||3|||18|||39|||2
2|||4|||18|||42|||2
valueSet|||4|||18|||50|||2
2|||5|||18|||52|||2
ItemScale|||1|||19|||2|||2
int|||24|||19|||15|||2
numberList|||1|||19|||18|||2
1|||3|||19|||21|||2
2|||6|||19|||23|||2
3|||2|||19|||25|||2
4|||2|||19|||27|||2
5|||10|||19|||29|||2
numberList|||2|||19|||32|||2
2|||7|||19|||34|||2
2|||8|||19|||37|||2
numberList|||3|||19|||45|||2
2|||9|||19|||47|||2
IncrStep|||1|||20|||2|||2
float|||18|||20|||15|||2
indexLoop|||1|||20|||16|||2
indexLoop|||2|||20|||20|||2
1|||4|||20|||22|||2
indexLoop|||3|||20|||24|||2
4|||3|||20|||26|||2
indexLoop|||4|||20|||28|||2
int|||25|||20|||39|||2
indexLoop|||5|||20|||41|||2
StepAdvance|||1|||21|||2|||2
float|||19|||21|||15|||2
countIndex|||1|||21|||16|||2
countIndex|||2|||21|||20|||2
1|||5|||21|||22|||2
countIndex|||3|||21|||24|||2
4|||4|||21|||26|||2
countIndex|||4|||21|||28|||2
int|||26|||21|||39|||2
countIndex|||5|||21|||41|||2
OriginZero|||1|||22|||2|||2
float|||20|||22|||15|||2
zero|||1|||22|||16|||2
0|||17|||22|||18|||2
int|||27|||22|||27|||2
zero|||2|||22|||29|||2
FirstPos|||1|||23|||2|||2
float|||21|||23|||15|||2
startVal|||1|||23|||16|||2
1|||6|||23|||18|||2
int|||28|||23|||27|||2
startVal|||2|||23|||29|||2
protected|||1|||0|||0|||3
private|||1|||0|||4|||3
public|||1|||1|||0|||3
public|||2|||1|||4|||3
private|||2|||2|||0|||3
private|||3|||2|||4|||3
protected|||2|||3|||0|||3
protected|||3|||3|||4|||3
public|||3|||4|||0|||3
public|||4|||4|||4|||3
private|||4|||5|||0|||3
private|||5|||5|||4|||3
protected|||4|||6|||0|||3
protected|||5|||6|||4|||3
public|||5|||7|||0|||3
public|||6|||7|||4|||3
private|||6|||8|||0|||3
private|||7|||8|||4|||3
protected|||6|||9|||0|||3
protected|||7|||9|||4|||3
public|||7|||10|||0|||3
public|||8|||10|||4|||3
private|||8|||11|||0|||3
private|||9|||11|||4|||3
protected|||8|||12|||0|||3
protected|||9|||12|||4|||3
public|||9|||13|||0|||3
public|||10|||13|||4|||3
private|||10|||14|||0|||3
private|||11|||14|||4|||3
protected|||10|||15|||0|||3
protected|||11|||15|||4|||3
public|||11|||16|||0|||3
public|||12|||16|||4|||3
private|||12|||17|||0|||3
private|||13|||17|||4|||3
protected|||12|||18|||0|||3
protected|||13|||18|||4|||3
public|||13|||19|||0|||3
public|||14|||19|||4|||3
private|||14|||20|||0|||3
private|||15|||20|||4|||3
protected|||14|||21|||0|||3
protected|||15|||21|||4|||3
public|||15|||22|||0|||3
public|||16|||22|||4|||3
private|||16|||23|||0|||3
private|||17|||23|||4|||3
(|||1|||0|||8|||4
String|||1|||0|||9|||4
[|||1|||0|||10|||4
]|||1|||0|||11|||4
programArgs|||1|||0|||12|||4
(|||4|||1|||8|||4
String|||2|||1|||9|||4
[|||2|||1|||10|||4
]|||2|||1|||11|||4
args|||1|||1|||12|||4
(|||7|||2|||8|||4
String|||3|||2|||9|||4
[|||3|||2|||10|||4
]|||3|||2|||11|||4
args|||2|||2|||12|||4
(|||11|||3|||8|||4
String|||4|||3|||9|||4
[|||4|||3|||10|||4
]|||4|||3|||11|||4
args|||3|||3|||12|||4
(|||14|||4|||8|||4
String|||5|||4|||9|||4
[|||5|||4|||10|||4
]|||5|||4|||11|||4
args|||4|||4|||12|||4
(|||18|||5|||8|||4
String|||6|||5|||9|||4
[|||6|||5|||10|||4
]|||6|||5|||11|||4
args|||5|||5|||12|||4
(|||23|||6|||8|||4
String|||7|||6|||9|||4
[|||7|||6|||10|||4
]|||7|||6|||11|||4
args|||6|||6|||12|||4
(|||26|||7|||8|||4
String|||8|||7|||9|||4
[|||13|||7|||10|||4
]|||13|||7|||11|||4
args|||7|||7|||12|||4
(|||29|||8|||8|||4
String|||9|||8|||9|||4
[|||18|||8|||10|||4
]|||18|||8|||11|||4
args|||8|||8|||12|||4
(|||33|||9|||8|||4
String|||10|||9|||9|||4
[|||19|||9|||10|||4
]|||19|||9|||11|||4
args|||9|||9|||12|||4
(|||37|||10|||8|||4
String|||11|||10|||9|||4
[|||20|||10|||10|||4
]|||20|||10|||11|||4
args|||10|||10|||12|||4
(|||40|||11|||8|||4
String|||12|||11|||9|||4
[|||21|||11|||10|||4
]|||21|||11|||11|||4
args|||11|||11|||12|||4
(|||43|||12|||8|||4
String|||13|||12|||9|||4
[|||22|||12|||10|||4
]|||22|||12|||11|||4
args|||12|||12|||12|||4
(|||46|||13|||8|||4
String|||14|||13|||9|||4
[|||23|||13|||10|||4
]|||23|||13|||11|||4
args|||13|||13|||12|||4
(|||49|||14|||8|||4
String|||15|||14|||9|||4
[|||24|||14|||10|||4
]|||24|||14|||11|||4
args|||14|||14|||12|||4
(|||53|||15|||8|||4
String|||16|||15|||9|||4
[|||25|||15|||10|||4
]|||25|||15|||11|||4
args|||15|||15|||12|||4
(|||57|||16|||8|||4
String|||17|||16|||9|||4
[|||26|||16|||10|||4
]|||26|||16|||11|||4
args|||16|||16|||12|||4
(|||60|||17|||8|||4
String|||18|||17|||9|||4
[|||27|||17|||10|||4
]|||27|||17|||11|||4
args|||17|||17|||12|||4
(|||63|||18|||8|||4
String|||19|||18|||9|||4
[|||28|||18|||10|||4
]|||28|||18|||11|||4
args|||18|||18|||12|||4
(|||65|||19|||8|||4
String|||20|||19|||9|||4
[|||33|||19|||10|||4
]|||33|||19|||11|||4
args|||19|||19|||12|||4
(|||67|||20|||8|||4
String|||21|||20|||9|||4
[|||37|||20|||10|||4
]|||37|||20|||11|||4
args|||20|||20|||12|||4
(|||71|||21|||8|||4
String|||22|||21|||9|||4
[|||38|||21|||10|||4
]|||38|||21|||11|||4
args|||21|||21|||12|||4
(|||75|||22|||8|||4
String|||23|||22|||9|||4
[|||39|||22|||10|||4
]|||39|||22|||11|||4
args|||22|||22|||12|||4
(|||78|||23|||8|||4
String|||24|||23|||9|||4
[|||40|||23|||10|||4
]|||40|||23|||11|||4
args|||23|||23|||12|||4
{|||1|||0|||3|||5
)|||1|||0|||13|||5
{|||2|||0|||14|||5
)|||3|||0|||42|||5
;|||4|||0|||43|||5
{|||4|||1|||3|||5
)|||4|||1|||13|||5
{|||5|||1|||14|||5
)|||6|||1|||42|||5
;|||8|||1|||43|||5
{|||7|||2|||3|||5
)|||7|||2|||13|||5
{|||8|||2|||14|||5
)|||10|||2|||37|||5
;|||10|||2|||38|||5
;|||11|||2|||41|||5
{|||10|||3|||3|||5
)|||11|||3|||13|||5
{|||11|||3|||14|||5
)|||13|||3|||34|||5
;|||13|||3|||35|||5
;|||14|||3|||38|||5
{|||13|||4|||3|||5
)|||14|||4|||13|||5
{|||14|||4|||14|||5
)|||17|||4|||42|||5
;|||17|||4|||43|||5
{|||16|||5|||3|||5
)|||18|||5|||13|||5
{|||17|||5|||14|||5
)|||19|||5|||32|||5
)|||22|||5|||45|||5
;|||20|||5|||46|||5
{|||19|||6|||3|||5
)|||23|||6|||13|||5
{|||20|||6|||14|||5
)|||25|||6|||51|||5
;|||23|||6|||52|||5
{|||21|||7|||3|||5
)|||26|||7|||13|||5
{|||22|||7|||14|||5
)|||28|||7|||46|||5
;|||26|||7|||47|||5
{|||23|||8|||3|||5
)|||29|||8|||13|||5
{|||24|||8|||14|||5
)|||32|||8|||42|||5
;|||30|||8|||43|||5
{|||26|||9|||3|||5
)|||33|||9|||13|||5
{|||27|||9|||14|||5
)|||36|||9|||37|||5
;|||32|||9|||38|||5
;|||33|||9|||41|||5
{|||29|||10|||3|||5
)|||37|||10|||13|||5
{|||30|||10|||14|||5
)|||39|||10|||30|||5
;|||35|||10|||31|||5
{|||31|||11|||3|||5
)|||40|||11|||13|||5
{|||32|||11|||14|||5
)|||42|||11|||30|||5
;|||37|||11|||31|||5
{|||33|||12|||3|||5
)|||43|||12|||13|||5
{|||34|||12|||14|||5
)|||45|||12|||42|||5
;|||41|||12|||43|||5
{|||36|||13|||3|||5
)|||46|||13|||13|||5
{|||37|||13|||14|||5
)|||48|||13|||42|||5
;|||45|||13|||43|||5
{|||39|||14|||3|||5
)|||49|||14|||13|||5
{|||40|||14|||14|||5
)|||52|||14|||42|||5
;|||49|||14|||43|||5
{|||42|||15|||3|||5
)|||53|||15|||13|||5
{|||43|||15|||14|||5
)|||56|||15|||37|||5
;|||51|||15|||38|||5
;|||52|||15|||41|||5
{|||45|||16|||3|||5
)|||57|||16|||13|||5
{|||46|||16|||14|||5
)|||59|||16|||43|||5
;|||55|||16|||44|||5
{|||48|||17|||3|||5
)|||60|||17|||13|||5
{|||49|||17|||14|||5
)|||62|||17|||45|||5
;|||58|||17|||46|||5
{|||51|||18|||3|||5
)|||63|||18|||13|||5
{|||52|||18|||14|||5
)|||64|||18|||54|||5
;|||61|||18|||55|||5
{|||54|||19|||3|||5
)|||65|||19|||13|||5
{|||55|||19|||14|||5
)|||66|||19|||49|||5
;|||64|||19|||50|||5
{|||57|||20|||3|||5
)|||67|||20|||13|||5
{|||58|||20|||14|||5
)|||70|||20|||42|||5
;|||68|||20|||43|||5
{|||60|||21|||3|||5
)|||71|||21|||13|||5
{|||61|||21|||14|||5
)|||74|||21|||42|||5
;|||72|||21|||43|||5
{|||63|||22|||3|||5
)|||75|||22|||13|||5
{|||64|||22|||14|||5
)|||77|||22|||30|||5
;|||74|||22|||31|||5
{|||65|||23|||3|||5
)|||78|||23|||13|||5
{|||66|||23|||14|||5
)|||80|||23|||30|||5
;|||76|||23|||31|||5
}|||1|||0|||44|||6
}|||2|||0|||45|||6
}|||3|||0|||46|||6
}|||4|||1|||44|||6
}|||5|||1|||45|||6
}|||6|||1|||46|||6
}|||7|||2|||42|||6
}|||8|||2|||43|||6
}|||9|||2|||44|||6
}|||10|||3|||39|||6
}|||11|||3|||40|||6
}|||12|||3|||41|||6
}|||13|||4|||44|||6
}|||14|||4|||45|||6
}|||15|||4|||46|||6
}|||16|||5|||47|||6
}|||17|||5|||48|||6
}|||18|||5|||49|||6
}|||19|||6|||53|||6
}|||20|||6|||54|||6
}|||21|||7|||48|||6
}|||22|||7|||49|||6
}|||23|||8|||44|||6
}|||24|||8|||45|||6
}|||25|||8|||46|||6
}|||26|||9|||42|||6
}|||27|||9|||43|||6
}|||28|||9|||44|||6
}|||29|||10|||32|||6
}|||30|||10|||33|||6
}|||31|||11|||32|||6
}|||32|||11|||33|||6
}|||33|||12|||44|||6
}|||34|||12|||45|||6
}|||35|||12|||46|||6
}|||36|||13|||44|||6
}|||37|||13|||45|||6
}|||38|||13|||46|||6
}|||39|||14|||44|||6
}|||40|||14|||45|||6
}|||41|||14|||46|||6
}|||42|||15|||42|||6
}|||43|||15|||43|||6
}|||44|||15|||44|||6
}|||45|||16|||45|||6
}|||46|||16|||46|||6
}|||47|||16|||47|||6
}|||48|||17|||47|||6
}|||49|||17|||48|||6
}|||50|||17|||49|||6
}|||52|||18|||56|||6
}|||53|||18|||57|||6
}|||55|||19|||51|||6
}|||56|||19|||52|||6
}|||57|||20|||44|||6
}|||58|||20|||45|||6
}|||59|||20|||46|||6
}|||60|||21|||44|||6
}|||61|||21|||45|||6
}|||62|||21|||46|||6
}|||63|||22|||32|||6
}|||64|||22|||33|||6
}|||65|||23|||32|||6
for|||1|||0|||20|||7
(|||2|||0|||21|||7
0|||1|||0|||25|||7
<|||1|||0|||28|||7
;|||3|||0|||30|||7
++|||1|||0|||32|||7
)|||2|||0|||33|||7
{|||3|||0|||34|||7
for|||2|||1|||20|||7
(|||5|||1|||21|||7
0|||2|||1|||25|||7
<|||2|||1|||28|||7
;|||7|||1|||30|||7
++|||2|||1|||32|||7
)|||5|||1|||33|||7
{|||6|||1|||34|||7
0|||3|||2|||18|||7
while|||1|||2|||20|||7
<|||3|||2|||23|||7
)|||8|||2|||25|||7
{|||9|||2|||26|||7
++|||3|||2|||40|||7
0|||4|||3|||18|||7
while|||2|||3|||20|||7
<|||4|||3|||23|||7
)|||12|||3|||25|||7
{|||12|||3|||26|||7
++|||4|||3|||37|||7
)|||16|||4|||33|||7
{|||15|||4|||34|||7
)|||20|||5|||33|||7
{|||18|||5|||34|||7
for|||3|||8|||18|||7
(|||30|||8|||19|||7
=|||14|||8|||21|||7
0|||10|||8|||22|||7
<|||6|||8|||25|||7
;|||29|||8|||27|||7
++|||5|||8|||29|||7
)|||30|||8|||30|||7
{|||25|||8|||31|||7
0|||11|||9|||18|||7
while|||3|||9|||20|||7
<=|||1|||9|||23|||7
)|||34|||9|||25|||7
{|||28|||9|||26|||7
++|||6|||9|||40|||7
for|||4|||12|||20|||7
(|||44|||12|||21|||7
=|||19|||12|||24|||7
0|||13|||12|||25|||7
<|||7|||12|||28|||7
;|||40|||12|||30|||7
++|||7|||12|||32|||7
)|||44|||12|||33|||7
{|||35|||12|||34|||7
for|||5|||13|||20|||7
(|||47|||13|||21|||7
0|||14|||13|||25|||7
<|||8|||13|||28|||7
;|||44|||13|||30|||7
++|||8|||13|||32|||7
)|||47|||13|||33|||7
{|||38|||13|||34|||7
for|||6|||14|||18|||7
(|||50|||14|||19|||7
=|||22|||14|||21|||7
0|||15|||14|||22|||7
<|||9|||14|||25|||7
;|||48|||14|||27|||7
++|||9|||14|||29|||7
)|||50|||14|||30|||7
{|||41|||14|||31|||7
0|||16|||15|||18|||7
while|||4|||15|||20|||7
<|||10|||15|||23|||7
)|||54|||15|||25|||7
{|||44|||15|||26|||7
++|||10|||15|||40|||7
)|||58|||16|||30|||7
{|||47|||16|||31|||7
)|||61|||17|||32|||7
{|||50|||17|||33|||7
for|||7|||20|||18|||7
(|||68|||20|||19|||7
=|||31|||20|||21|||7
<|||11|||20|||25|||7
;|||67|||20|||27|||7
++|||11|||20|||29|||7
)|||68|||20|||30|||7
{|||59|||20|||31|||7
for|||8|||21|||18|||7
(|||72|||21|||19|||7
=|||32|||21|||21|||7
<=|||3|||21|||25|||7
;|||71|||21|||27|||7
++|||12|||21|||29|||7
)|||72|||21|||30|||7
{|||62|||21|||31|||7
class|||1|||0|||1|||8
static|||1|||0|||5|||8
class|||2|||1|||1|||8
static|||2|||1|||5|||8
class|||3|||2|||1|||8
static|||3|||2|||5|||8
class|||4|||3|||1|||8
static|||4|||3|||5|||8
class|||5|||4|||1|||8
static|||5|||4|||5|||8
class|||6|||5|||1|||8
static|||6|||5|||5|||8
class|||7|||6|||1|||8
static|||7|||6|||5|||8
class|||8|||7|||1|||8
static|||8|||7|||5|||8
class|||9|||8|||1|||8
static|||9|||8|||5|||8
class|||10|||9|||1|||8
static|||10|||9|||5|||8
class|||11|||10|||1|||8
static|||11|||10|||5|||8
class|||12|||11|||1|||8
static|||12|||11|||5|||8
class|||13|||12|||1|||8
static|||13|||12|||5|||8
class|||14|||13|||1|||8
static|||14|||13|||5|||8
class|||15|||14|||1|||8
static|||15|||14|||5|||8
class|||16|||15|||1|||8
static|||16|||15|||5|||8
class|||17|||16|||1|||8
static|||17|||16|||5|||8
class|||18|||17|||1|||8
static|||18|||17|||5|||8
class|||19|||18|||1|||8
static|||19|||18|||5|||8
class|||20|||19|||1|||8
static|||20|||19|||5|||8
class|||21|||20|||1|||8
static|||21|||20|||5|||8
class|||22|||21|||1|||8
static|||22|||21|||5|||8
class|||23|||22|||1|||8
static|||23|||22|||5|||8
class|||24|||23|||1|||8
static|||24|||23|||5|||8
main|||1|||0|||7|||9
main|||2|||1|||7|||9
main|||3|||2|||7|||9
main|||4|||3|||7|||9
main|||5|||4|||7|||9
main|||6|||5|||7|||9
main|||7|||6|||7|||9
main|||8|||7|||7|||9
main|||9|||8|||7|||9
main|||10|||9|||7|||9
main|||11|||10|||7|||9
main|||12|||11|||7|||9
main|||13|||12|||7|||9
main|||14|||13|||7|||9
main|||15|||14|||7|||9
main|||16|||15|||7|||9
main|||17|||16|||7|||9
main|||18|||17|||7|||9
main|||19|||18|||7|||9
main|||20|||19|||7|||9
main|||21|||20|||7|||9
main|||22|||21|||7|||9
main|||23|||22|||7|||9
main|||24|||23|||7|||9
