protected|||1|||0|||0|||5
class|||1|||0|||1|||5
private|||1|||0|||4|||5
public|||1|||1|||0|||5
class|||2|||1|||1|||5
public|||2|||1|||4|||5
private|||2|||2|||0|||5
class|||3|||2|||1|||5
private|||3|||2|||4|||5
protected|||2|||3|||0|||5
class|||4|||3|||1|||5
protected|||3|||3|||4|||5
public|||3|||4|||0|||5
class|||5|||4|||1|||5
public|||4|||4|||4|||5
private|||4|||5|||0|||5
class|||6|||5|||1|||5
private|||5|||5|||4|||5
protected|||4|||6|||0|||5
class|||7|||6|||1|||5
protected|||5|||6|||4|||5
public|||5|||7|||0|||5
class|||8|||7|||1|||5
public|||6|||7|||4|||5
private|||6|||8|||0|||5
class|||9|||8|||1|||5
private|||7|||8|||4|||5
protected|||6|||9|||0|||5
class|||10|||9|||1|||5
protected|||7|||9|||4|||5
public|||7|||10|||0|||5
class|||11|||10|||1|||5
public|||8|||10|||4|||5
private|||8|||11|||0|||5
class|||12|||11|||1|||5
private|||9|||11|||4|||5
protected|||8|||12|||0|||5
class|||13|||12|||1|||5
protected|||9|||12|||4|||5
public|||9|||13|||0|||5
class|||14|||13|||1|||5
public|||10|||13|||4|||5
private|||10|||14|||0|||5
class|||15|||14|||1|||5
private|||11|||14|||4|||5
protected|||10|||15|||0|||5
class|||16|||15|||1|||5
protected|||11|||15|||4|||5
public|||11|||16|||0|||5
class|||17|||16|||1|||5
public|||12|||16|||4|||5
private|||12|||17|||0|||5
class|||18|||17|||1|||5
private|||13|||17|||4|||5
protected|||12|||18|||0|||5
class|||19|||18|||1|||5
protected|||13|||18|||4|||5
public|||13|||19|||0|||5
class|||20|||19|||1|||5
public|||14|||19|||4|||5
private|||14|||20|||0|||5
class|||21|||20|||1|||5
private|||15|||20|||4|||5
protected|||14|||21|||0|||5
class|||22|||21|||1|||5
protected|||15|||21|||4|||5
public|||15|||22|||0|||5
class|||23|||22|||1|||5
public|||16|||22|||4|||5
private|||16|||23|||0|||5
class|||24|||23|||1|||5
private|||17|||23|||4|||5
AlgorithmicBase|||1|||0|||2|||3
main|||1|||0|||7|||3
String|||1|||0|||9|||3
programArgs|||1|||0|||12|||3
RepeatMechanism|||1|||1|||2|||3
main|||2|||1|||7|||3
String|||2|||1|||9|||3
args|||1|||1|||12|||3
NumberRange|||1|||2|||2|||3
main|||3|||2|||7|||3
String|||3|||2|||9|||3
args|||2|||2|||12|||3
LoopProcess|||1|||3|||2|||3
main|||4|||3|||7|||3
String|||4|||3|||9|||3
args|||3|||3|||12|||3
DecisionGate|||1|||4|||2|||3
main|||5|||4|||7|||3
String|||5|||4|||9|||3
args|||4|||4|||12|||3
ConditionFail|||1|||5|||2|||3
main|||6|||5|||7|||3
String|||6|||5|||9|||3
args|||5|||5|||12|||3
ArrayModify|||1|||6|||2|||3
main|||7|||6|||7|||3
String|||7|||6|||9|||3
args|||6|||6|||12|||3
DataStore|||1|||7|||2|||3
main|||8|||7|||7|||3
String|||8|||7|||9|||3
args|||7|||7|||12|||3
IterateAction|||1|||8|||2|||3
main|||9|||8|||7|||3
String|||9|||8|||9|||3
args|||8|||8|||12|||3
LimitAchieved|||1|||9|||2|||3
main|||10|||9|||7|||3
String|||10|||9|||9|||3
args|||9|||9|||12|||3
StartState|||1|||10|||2|||3
main|||11|||10|||7|||3
String|||11|||10|||9|||3
args|||10|||10|||12|||3
InitializeVal|||1|||11|||2|||3
main|||12|||11|||7|||3
String|||12|||11|||9|||3
args|||11|||11|||12|||3
SpanRun|||1|||12|||2|||3
main|||13|||12|||7|||3
String|||13|||12|||9|||3
args|||12|||12|||12|||3
BoundCheck|||1|||13|||2|||3
main|||14|||13|||7|||3
String|||14|||13|||9|||3
args|||13|||13|||12|||3
QuickCycle|||1|||14|||2|||3
main|||15|||14|||7|||3
String|||15|||14|||9|||3
args|||14|||14|||12|||3
BriefRepeat|||1|||15|||2|||3
main|||16|||15|||7|||3
String|||16|||15|||9|||3
args|||15|||15|||12|||3
SizeCheck|||1|||16|||2|||3
main|||17|||16|||7|||3
String|||17|||16|||9|||3
args|||16|||16|||12|||3
NotSmaller|||1|||17|||2|||3
main|||18|||17|||7|||3
String|||18|||17|||9|||3
args|||17|||17|||12|||3
ScaleValue|||1|||18|||2|||3
main|||19|||18|||7|||3
String|||19|||18|||9|||3
args|||18|||18|||12|||3
ItemScale|||1|||19|||2|||3
main|||20|||19|||7|||3
String|||20|||19|||9|||3
args|||19|||19|||12|||3
IncrStep|||1|||20|||2|||3
main|||21|||20|||7|||3
String|||21|||20|||9|||3
args|||20|||20|||12|||3
StepAdvance|||1|||21|||2|||3
main|||22|||21|||7|||3
String|||22|||21|||9|||3
args|||21|||21|||12|||3
OriginZero|||1|||22|||2|||3
main|||23|||22|||7|||3
String|||23|||22|||9|||3
args|||22|||22|||12|||3
FirstPos|||1|||23|||2|||3
main|||24|||23|||7|||3
String|||24|||23|||9|||3
args|||23|||23|||12|||3
{|||1|||0|||3|||1
(|||1|||0|||8|||1
)|||1|||0|||13|||1
{|||2|||0|||14|||1
;|||1|||0|||19|||1
(|||2|||0|||21|||1
)|||2|||0|||33|||1
{|||3|||0|||34|||1
(|||3|||0|||40|||1
)|||3|||0|||42|||1
;|||4|||0|||43|||1
{|||4|||1|||3|||1
(|||4|||1|||8|||1
)|||4|||1|||13|||1
{|||5|||1|||14|||1
;|||5|||1|||19|||1
(|||5|||1|||21|||1
)|||5|||1|||33|||1
{|||6|||1|||34|||1
(|||6|||1|||40|||1
)|||6|||1|||42|||1
;|||8|||1|||43|||1
{|||7|||2|||3|||1
(|||7|||2|||8|||1
)|||7|||2|||13|||1
{|||8|||2|||14|||1
;|||9|||2|||19|||1
(|||8|||2|||21|||1
)|||8|||2|||25|||1
{|||9|||2|||26|||1
(|||9|||2|||32|||1
(|||10|||2|||33|||1
)|||9|||2|||35|||1
)|||10|||2|||37|||1
;|||10|||2|||38|||1
;|||11|||2|||41|||1
{|||10|||3|||3|||1
(|||11|||3|||8|||1
)|||11|||3|||13|||1
{|||11|||3|||14|||1
;|||12|||3|||19|||1
(|||12|||3|||21|||1
)|||12|||3|||25|||1
{|||12|||3|||26|||1
(|||13|||3|||32|||1
)|||13|||3|||34|||1
;|||13|||3|||35|||1
;|||14|||3|||38|||1
{|||13|||4|||3|||1
(|||14|||4|||8|||1
)|||14|||4|||13|||1
{|||14|||4|||14|||1
;|||15|||4|||19|||1
;|||16|||4|||24|||1
(|||15|||4|||26|||1
(|||16|||4|||29|||1
)|||15|||4|||31|||1
)|||16|||4|||33|||1
{|||15|||4|||34|||1
(|||17|||4|||40|||1
)|||17|||4|||42|||1
;|||17|||4|||43|||1
{|||16|||5|||3|||1
(|||18|||5|||8|||1
)|||18|||5|||13|||1
{|||17|||5|||14|||1
;|||18|||5|||19|||1
;|||19|||5|||24|||1
(|||19|||5|||26|||1
(|||20|||5|||28|||1
)|||19|||5|||32|||1
)|||20|||5|||33|||1
{|||18|||5|||34|||1
(|||21|||5|||40|||1
(|||22|||5|||41|||1
)|||21|||5|||43|||1
)|||22|||5|||45|||1
;|||20|||5|||46|||1
{|||19|||6|||3|||1
(|||23|||6|||8|||1
)|||23|||6|||13|||1
{|||20|||6|||14|||1
;|||21|||6|||25|||1
(|||24|||6|||36|||1
)|||24|||6|||38|||1
;|||22|||6|||40|||1
(|||25|||6|||46|||1
)|||25|||6|||51|||1
;|||23|||6|||52|||1
{|||21|||7|||3|||1
(|||26|||7|||8|||1
)|||26|||7|||13|||1
{|||22|||7|||14|||1
;|||24|||7|||25|||1
(|||27|||7|||31|||1
)|||27|||7|||33|||1
;|||25|||7|||35|||1
(|||28|||7|||41|||1
)|||28|||7|||46|||1
;|||26|||7|||47|||1
{|||23|||8|||3|||1
(|||29|||8|||8|||1
)|||29|||8|||13|||1
{|||24|||8|||14|||1
;|||27|||8|||17|||1
(|||30|||8|||19|||1
)|||30|||8|||30|||1
{|||25|||8|||31|||1
(|||31|||8|||37|||1
(|||32|||8|||38|||1
)|||31|||8|||40|||1
)|||32|||8|||42|||1
;|||30|||8|||43|||1
{|||26|||9|||3|||1
(|||33|||9|||8|||1
)|||33|||9|||13|||1
{|||27|||9|||14|||1
;|||31|||9|||19|||1
(|||34|||9|||21|||1
)|||34|||9|||25|||1
{|||28|||9|||26|||1
(|||35|||9|||32|||1
(|||36|||9|||33|||1
)|||35|||9|||35|||1
)|||36|||9|||37|||1
;|||32|||9|||38|||1
;|||33|||9|||41|||1
{|||29|||10|||3|||1
(|||37|||10|||8|||1
)|||37|||10|||13|||1
{|||30|||10|||14|||1
;|||34|||10|||19|||1
(|||38|||10|||25|||1
(|||39|||10|||26|||1
)|||38|||10|||28|||1
)|||39|||10|||30|||1
;|||35|||10|||31|||1
{|||31|||11|||3|||1
(|||40|||11|||8|||1
)|||40|||11|||13|||1
{|||32|||11|||14|||1
;|||36|||11|||19|||1
(|||41|||11|||25|||1
(|||42|||11|||26|||1
)|||41|||11|||28|||1
)|||42|||11|||30|||1
;|||37|||11|||31|||1
{|||33|||12|||3|||1
(|||43|||12|||8|||1
)|||43|||12|||13|||1
{|||34|||12|||14|||1
;|||38|||12|||19|||1
(|||44|||12|||21|||1
)|||44|||12|||33|||1
{|||35|||12|||34|||1
(|||45|||12|||40|||1
)|||45|||12|||42|||1
;|||41|||12|||43|||1
{|||36|||13|||3|||1
(|||46|||13|||8|||1
)|||46|||13|||13|||1
{|||37|||13|||14|||1
;|||42|||13|||19|||1
(|||47|||13|||21|||1
)|||47|||13|||33|||1
{|||38|||13|||34|||1
(|||48|||13|||40|||1
)|||48|||13|||42|||1
;|||45|||13|||43|||1
{|||39|||14|||3|||1
(|||49|||14|||8|||1
)|||49|||14|||13|||1
{|||40|||14|||14|||1
;|||46|||14|||17|||1
(|||50|||14|||19|||1
)|||50|||14|||30|||1
{|||41|||14|||31|||1
(|||51|||14|||37|||1
(|||52|||14|||38|||1
)|||51|||14|||40|||1
)|||52|||14|||42|||1
;|||49|||14|||43|||1
{|||42|||15|||3|||1
(|||53|||15|||8|||1
)|||53|||15|||13|||1
{|||43|||15|||14|||1
;|||50|||15|||19|||1
(|||54|||15|||21|||1
)|||54|||15|||25|||1
{|||44|||15|||26|||1
(|||55|||15|||32|||1
(|||56|||15|||33|||1
)|||55|||15|||35|||1
)|||56|||15|||37|||1
;|||51|||15|||38|||1
;|||52|||15|||41|||1
{|||45|||16|||3|||1
(|||57|||16|||8|||1
)|||57|||16|||13|||1
{|||46|||16|||14|||1
;|||53|||16|||19|||1
;|||54|||16|||24|||1
(|||58|||16|||26|||1
)|||58|||16|||30|||1
{|||47|||16|||31|||1
(|||59|||16|||37|||1
)|||59|||16|||43|||1
;|||55|||16|||44|||1
{|||48|||17|||3|||1
(|||60|||17|||8|||1
)|||60|||17|||13|||1
{|||49|||17|||14|||1
;|||56|||17|||19|||1
;|||57|||17|||24|||1
(|||61|||17|||26|||1
)|||61|||17|||32|||1
{|||50|||17|||33|||1
(|||62|||17|||39|||1
)|||62|||17|||45|||1
;|||58|||17|||46|||1
{|||51|||18|||3|||1
(|||63|||18|||8|||1
)|||63|||18|||13|||1
{|||52|||18|||14|||1
;|||59|||18|||31|||1
;|||60|||18|||43|||1
(|||64|||18|||49|||1
)|||64|||18|||54|||1
;|||61|||18|||55|||1
{|||54|||19|||3|||1
(|||65|||19|||8|||1
)|||65|||19|||13|||1
{|||55|||19|||14|||1
;|||62|||19|||31|||1
;|||63|||19|||38|||1
(|||66|||19|||44|||1
)|||66|||19|||49|||1
;|||64|||19|||50|||1
{|||57|||20|||3|||1
(|||67|||20|||8|||1
)|||67|||20|||13|||1
{|||58|||20|||14|||1
;|||65|||20|||17|||1
(|||68|||20|||19|||1
)|||68|||20|||30|||1
{|||59|||20|||31|||1
(|||69|||20|||37|||1
(|||70|||20|||38|||1
)|||69|||20|||40|||1
)|||70|||20|||42|||1
;|||68|||20|||43|||1
{|||60|||21|||3|||1
(|||71|||21|||8|||1
)|||71|||21|||13|||1
{|||61|||21|||14|||1
;|||69|||21|||17|||1
(|||72|||21|||19|||1
)|||72|||21|||30|||1
{|||62|||21|||31|||1
(|||73|||21|||37|||1
(|||74|||21|||38|||1
)|||73|||21|||40|||1
)|||74|||21|||42|||1
;|||72|||21|||43|||1
{|||63|||22|||3|||1
(|||75|||22|||8|||1
)|||75|||22|||13|||1
{|||64|||22|||14|||1
;|||73|||22|||19|||1
(|||76|||22|||25|||1
(|||77|||22|||26|||1
)|||76|||22|||28|||1
)|||77|||22|||30|||1
;|||74|||22|||31|||1
{|||65|||23|||3|||1
(|||78|||23|||8|||1
)|||78|||23|||13|||1
{|||66|||23|||14|||1
;|||75|||23|||19|||1
(|||79|||23|||25|||1
(|||80|||23|||26|||1
)|||79|||23|||28|||1
)|||80|||23|||30|||1
;|||76|||23|||31|||1
static|||1|||0|||5|||4
void|||1|||0|||6|||4
static|||2|||1|||5|||4
void|||2|||1|||6|||4
static|||3|||2|||5|||4
void|||3|||2|||6|||4
static|||4|||3|||5|||4
void|||4|||3|||6|||4
static|||5|||4|||5|||4
void|||5|||4|||6|||4
static|||6|||5|||5|||4
void|||6|||5|||6|||4
static|||7|||6|||5|||4
void|||7|||6|||6|||4
static|||8|||7|||5|||4
void|||8|||7|||6|||4
static|||9|||8|||5|||4
void|||9|||8|||6|||4
static|||10|||9|||5|||4
void|||10|||9|||6|||4
static|||11|||10|||5|||4
void|||11|||10|||6|||4
static|||12|||11|||5|||4
void|||12|||11|||6|||4
static|||13|||12|||5|||4
void|||13|||12|||6|||4
static|||14|||13|||5|||4
void|||14|||13|||6|||4
static|||15|||14|||5|||4
void|||15|||14|||6|||4
static|||16|||15|||5|||4
void|||16|||15|||6|||4
static|||17|||16|||5|||4
void|||17|||16|||6|||4
static|||18|||17|||5|||4
void|||18|||17|||6|||4
static|||19|||18|||5|||4
void|||19|||18|||6|||4
static|||20|||19|||5|||4
void|||20|||19|||6|||4
static|||21|||20|||5|||4
void|||21|||20|||6|||4
static|||22|||21|||5|||4
void|||22|||21|||6|||4
static|||23|||22|||5|||4
void|||23|||22|||6|||4
static|||24|||23|||5|||4
void|||24|||23|||6|||4
[|||1|||0|||10|||2
]|||1|||0|||11|||2
[|||2|||1|||10|||2
]|||2|||1|||11|||2
[|||3|||2|||10|||2
]|||3|||2|||11|||2
[|||4|||3|||10|||2
]|||4|||3|||11|||2
[|||5|||4|||10|||2
]|||5|||4|||11|||2
[|||6|||5|||10|||2
]|||6|||5|||11|||2
[|||7|||6|||10|||2
]|||7|||6|||11|||2
[|||8|||6|||16|||2
]|||8|||6|||17|||2
[|||9|||6|||22|||2
]|||9|||6|||24|||2
[|||10|||6|||27|||2
]|||10|||6|||29|||2
[|||11|||6|||32|||2
]|||11|||6|||34|||2
[|||12|||6|||48|||2
]|||12|||6|||50|||2
[|||13|||7|||10|||2
]|||13|||7|||11|||2
[|||14|||7|||16|||2
]|||14|||7|||17|||2
[|||15|||7|||22|||2
]|||15|||7|||24|||2
[|||16|||7|||27|||2
]|||16|||7|||29|||2
[|||17|||7|||43|||2
]|||17|||7|||45|||2
[|||18|||8|||10|||2
]|||18|||8|||11|||2
[|||19|||9|||10|||2
]|||19|||9|||11|||2
[|||20|||10|||10|||2
]|||20|||10|||11|||2
[|||21|||11|||10|||2
]|||21|||11|||11|||2
[|||22|||12|||10|||2
]|||22|||12|||11|||2
[|||23|||13|||10|||2
]|||23|||13|||11|||2
[|||24|||14|||10|||2
]|||24|||14|||11|||2
[|||25|||15|||10|||2
]|||25|||15|||11|||2
[|||26|||16|||10|||2
]|||26|||16|||11|||2
[|||27|||17|||10|||2
]|||27|||17|||11|||2
[|||28|||18|||10|||2
]|||28|||18|||11|||2
[|||29|||18|||16|||2
]|||29|||18|||17|||2
[|||30|||18|||33|||2
]|||30|||18|||35|||2
[|||31|||18|||38|||2
]|||31|||18|||40|||2
[|||32|||18|||51|||2
]|||32|||18|||53|||2
[|||33|||19|||10|||2
]|||33|||19|||11|||2
[|||34|||19|||16|||2
]|||34|||19|||17|||2
[|||35|||19|||33|||2
]|||35|||19|||35|||2
[|||36|||19|||46|||2
]|||36|||19|||48|||2
[|||37|||20|||10|||2
]|||37|||20|||11|||2
[|||38|||21|||10|||2
]|||38|||21|||11|||2
[|||39|||22|||10|||2
]|||39|||22|||11|||2
[|||40|||23|||10|||2
]|||40|||23|||11|||2
float|||1|||0|||15|||8
int|||1|||0|||22|||8
float|||2|||1|||15|||8
int|||2|||1|||22|||8
float|||3|||2|||15|||8
int|||3|||2|||34|||8
float|||4|||3|||15|||8
int|||4|||4|||15|||8
int|||5|||4|||20|||8
float|||5|||4|||30|||8
float|||6|||5|||15|||8
float|||7|||5|||20|||8
int|||6|||5|||42|||8
int|||7|||6|||15|||8
int|||8|||6|||21|||8
int|||9|||6|||37|||8
int|||10|||7|||15|||8
int|||11|||7|||21|||8
int|||12|||7|||32|||8
float|||8|||8|||15|||8
int|||13|||8|||39|||8
float|||9|||9|||15|||8
int|||14|||9|||34|||8
float|||10|||10|||15|||8
int|||15|||10|||27|||8
float|||11|||11|||15|||8
int|||16|||11|||27|||8
int|||17|||12|||15|||8
int|||18|||12|||22|||8
int|||19|||13|||15|||8
int|||20|||13|||22|||8
float|||12|||14|||15|||8
int|||21|||14|||39|||8
float|||13|||15|||15|||8
int|||22|||15|||34|||8
float|||14|||16|||15|||8
float|||15|||16|||20|||8
float|||16|||17|||15|||8
float|||17|||17|||20|||8
int|||23|||18|||15|||8
int|||24|||19|||15|||8
float|||18|||20|||15|||8
int|||25|||20|||39|||8
float|||19|||21|||15|||8
int|||26|||21|||39|||8
float|||20|||22|||15|||8
int|||27|||22|||27|||8
float|||21|||23|||15|||8
int|||28|||23|||27|||8
totalElements|||1|||0|||16|||7
counter|||1|||0|||23|||7
counter|||2|||0|||27|||7
totalElements|||2|||0|||29|||7
counter|||3|||0|||31|||7
counter|||4|||0|||41|||7
itemsToRepeat|||1|||1|||16|||7
index|||1|||1|||23|||7
index|||2|||1|||27|||7
itemsToRepeat|||2|||1|||29|||7
index|||3|||1|||31|||7
index|||4|||1|||41|||7
iVal|||1|||2|||16|||7
iVal|||2|||2|||22|||7
iVal|||3|||2|||36|||7
iVal|||4|||2|||39|||7
iterator|||1|||3|||16|||7
iterator|||2|||3|||22|||7
iterator|||3|||3|||33|||7
iterator|||4|||3|||36|||7
currentIdx|||1|||4|||16|||7
maxValue|||1|||4|||21|||7
currentIdx|||2|||4|||27|||7
maxValue|||2|||4|||32|||7
currentIdx|||3|||4|||41|||7
checkIdx|||1|||5|||16|||7
upperLim|||1|||5|||21|||7
checkIdx|||2|||5|||29|||7
upperLim|||2|||5|||31|||7
checkIdx|||3|||5|||44|||7
dataPoints|||1|||6|||18|||7
dataPoints|||2|||6|||26|||7
dataPoints|||3|||6|||31|||7
dataPoints|||4|||6|||47|||7
container|||1|||7|||18|||7
container|||2|||7|||26|||7
container|||3|||7|||42|||7
kVal|||1|||8|||16|||7
kVal|||2|||8|||20|||7
kVal|||3|||8|||24|||7
kVal|||4|||8|||28|||7
kVal|||5|||8|||41|||7
limiter|||1|||9|||16|||7
limiter|||2|||9|||22|||7
limiter|||3|||9|||36|||7
limiter|||4|||9|||39|||7
initialValue|||1|||10|||16|||7
initialValue|||2|||10|||29|||7
identifier|||1|||11|||16|||7
identifier|||2|||11|||29|||7
limit|||1|||12|||16|||7
counterInner|||1|||12|||23|||7
counterInner|||2|||12|||27|||7
limit|||2|||12|||29|||7
counterInner|||3|||12|||31|||7
counterInner|||4|||12|||41|||7
topRange|||1|||13|||16|||7
walker|||1|||13|||23|||7
walker|||2|||13|||27|||7
topRange|||2|||13|||29|||7
walker|||3|||13|||31|||7
walker|||4|||13|||41|||7
loopCount|||1|||14|||16|||7
loopCount|||2|||14|||20|||7
loopCount|||3|||14|||24|||7
loopCount|||4|||14|||28|||7
loopCount|||5|||14|||41|||7
cycleVal|||1|||15|||16|||7
cycleVal|||2|||15|||22|||7
cycleVal|||3|||15|||36|||7
cycleVal|||4|||15|||39|||7
lengthVal|||1|||16|||16|||7
widthVal|||1|||16|||21|||7
lengthVal|||2|||16|||27|||7
widthVal|||2|||16|||29|||7
leftSide|||1|||17|||16|||7
rightSide|||1|||17|||21|||7
leftSide|||2|||17|||27|||7
rightSide|||2|||17|||29|||7
valueSet|||1|||18|||18|||7
valueSet|||2|||18|||32|||7
valueSet|||3|||18|||37|||7
valueSet|||4|||18|||50|||7
numberList|||1|||19|||18|||7
numberList|||2|||19|||32|||7
numberList|||3|||19|||45|||7
indexLoop|||1|||20|||16|||7
indexLoop|||2|||20|||20|||7
indexLoop|||3|||20|||24|||7
indexLoop|||4|||20|||28|||7
indexLoop|||5|||20|||41|||7
countIndex|||1|||21|||16|||7
countIndex|||2|||21|||20|||7
countIndex|||3|||21|||24|||7
countIndex|||4|||21|||28|||7
countIndex|||5|||21|||41|||7
zero|||1|||22|||16|||7
zero|||2|||22|||29|||7
startVal|||1|||23|||16|||7
startVal|||2|||23|||29|||7
=|||1|||0|||17|||9
10|||1|||0|||18|||9
for|||1|||0|||20|||9
=|||2|||0|||24|||9
0|||1|||0|||25|||9
;|||2|||0|||26|||9
<|||1|||0|||28|||9
;|||3|||0|||30|||9
++|||1|||0|||32|||9
=|||3|||1|||17|||9
10|||2|||1|||18|||9
for|||2|||1|||20|||9
=|||4|||1|||24|||9
0|||2|||1|||25|||9
;|||6|||1|||26|||9
<|||2|||1|||28|||9
;|||7|||1|||30|||9
++|||2|||1|||32|||9
=|||5|||2|||17|||9
0|||3|||2|||18|||9
while|||1|||2|||20|||9
<|||3|||2|||23|||9
10|||3|||2|||24|||9
++|||3|||2|||40|||9
=|||6|||3|||17|||9
0|||4|||3|||18|||9
while|||2|||3|||20|||9
<|||4|||3|||23|||9
10|||4|||3|||24|||9
++|||4|||3|||37|||9
=|||7|||4|||17|||9
5|||1|||4|||18|||9
=|||8|||4|||22|||9
10|||5|||4|||23|||9
if|||1|||4|||25|||9
<|||5|||4|||28|||9
=|||9|||5|||17|||9
5|||2|||5|||18|||9
=|||10|||5|||22|||9
10|||6|||5|||23|||9
if|||2|||5|||25|||9
!|||1|||5|||27|||9
>=|||1|||5|||30|||9
=|||11|||6|||19|||9
new|||1|||6|||20|||9
5|||3|||6|||23|||9
0|||5|||6|||28|||9
=|||12|||6|||30|||9
0|||6|||6|||33|||9
+|||1|||6|||35|||9
100.0f|||1|||6|||39|||9
0|||7|||6|||49|||9
=|||13|||7|||19|||9
new|||2|||7|||20|||9
5|||4|||7|||23|||9
0|||8|||7|||28|||9
+=|||1|||7|||30|||9
100.0f|||2|||7|||34|||9
0|||9|||7|||44|||9
for|||3|||8|||18|||9
=|||14|||8|||21|||9
0|||10|||8|||22|||9
;|||28|||8|||23|||9
<|||6|||8|||25|||9
5|||5|||8|||26|||9
;|||29|||8|||27|||9
++|||5|||8|||29|||9
=|||15|||9|||17|||9
0|||11|||9|||18|||9
while|||3|||9|||20|||9
<=|||1|||9|||23|||9
5|||6|||9|||24|||9
++|||6|||9|||40|||9
=|||16|||10|||17|||9
0|||12|||10|||18|||9
=|||17|||11|||17|||9
1|||1|||11|||18|||9
=|||18|||12|||17|||9
10|||7|||12|||18|||9
for|||4|||12|||20|||9
=|||19|||12|||24|||9
0|||13|||12|||25|||9
;|||39|||12|||26|||9
<|||7|||12|||28|||9
;|||40|||12|||30|||9
++|||7|||12|||32|||9
=|||20|||13|||17|||9
10|||8|||13|||18|||9
for|||5|||13|||20|||9
=|||21|||13|||24|||9
0|||14|||13|||25|||9
;|||43|||13|||26|||9
<|||8|||13|||28|||9
;|||44|||13|||30|||9
++|||8|||13|||32|||9
for|||6|||14|||18|||9
=|||22|||14|||21|||9
0|||15|||14|||22|||9
;|||47|||14|||23|||9
<|||9|||14|||25|||9
5|||7|||14|||26|||9
;|||48|||14|||27|||9
++|||9|||14|||29|||9
=|||23|||15|||17|||9
0|||16|||15|||18|||9
while|||4|||15|||20|||9
<|||10|||15|||23|||9
5|||8|||15|||24|||9
++|||10|||15|||40|||9
=|||24|||16|||17|||9
7|||1|||16|||18|||9
=|||25|||16|||22|||9
10|||9|||16|||23|||9
if|||3|||16|||25|||9
>|||1|||16|||28|||9
"|||1|||16|||38|||9
x|||1|||16|||39|||9
is|||1|||16|||40|||9
greater|||1|||16|||41|||9
"|||2|||16|||42|||9
=|||26|||17|||17|||9
7|||2|||17|||18|||9
=|||27|||17|||22|||9
10|||10|||17|||23|||9
if|||4|||17|||25|||9
<=|||2|||17|||28|||9
==|||1|||17|||30|||9
false|||1|||17|||31|||9
"|||3|||17|||40|||9
x|||2|||17|||41|||9
is|||2|||17|||42|||9
greater|||2|||17|||43|||9
"|||4|||17|||44|||9
=|||28|||18|||19|||9
{|||53|||18|||20|||9
1|||2|||18|||21|||9
,|||1|||18|||22|||9
2|||1|||18|||23|||9
,|||2|||18|||24|||9
3|||1|||18|||25|||9
,|||3|||18|||26|||9
4|||1|||18|||27|||9
,|||4|||18|||28|||9
5|||9|||18|||29|||9
}|||51|||18|||30|||9
2|||2|||18|||34|||9
=|||29|||18|||36|||9
2|||3|||18|||39|||9
*|||1|||18|||41|||9
2|||4|||18|||42|||9
2|||5|||18|||52|||9
=|||30|||19|||19|||9
{|||56|||19|||20|||9
1|||3|||19|||21|||9
,|||5|||19|||22|||9
2|||6|||19|||23|||9
,|||6|||19|||24|||9
3|||2|||19|||25|||9
,|||7|||19|||26|||9
4|||2|||19|||27|||9
,|||8|||19|||28|||9
5|||10|||19|||29|||9
}|||54|||19|||30|||9
2|||7|||19|||34|||9
*=|||1|||19|||36|||9
2|||8|||19|||37|||9
2|||9|||19|||47|||9
for|||7|||20|||18|||9
=|||31|||20|||21|||9
1|||4|||20|||22|||9
;|||66|||20|||23|||9
<|||11|||20|||25|||9
4|||3|||20|||26|||9
;|||67|||20|||27|||9
++|||11|||20|||29|||9
for|||8|||21|||18|||9
=|||32|||21|||21|||9
1|||5|||21|||22|||9
;|||70|||21|||23|||9
<=|||3|||21|||25|||9
4|||4|||21|||26|||9
;|||71|||21|||27|||9
++|||12|||21|||29|||9
=|||33|||22|||17|||9
0|||17|||22|||18|||9
=|||34|||23|||17|||9
1|||6|||23|||18|||9
System|||1|||0|||35|||6
.|||1|||0|||36|||6
out|||1|||0|||37|||6
.|||2|||0|||38|||6
println|||1|||0|||39|||6
System|||2|||1|||35|||6
.|||3|||1|||36|||6
out|||2|||1|||37|||6
.|||4|||1|||38|||6
println|||2|||1|||39|||6
System|||3|||2|||27|||6
.|||5|||2|||28|||6
out|||3|||2|||29|||6
.|||6|||2|||30|||6
println|||3|||2|||31|||6
System|||4|||3|||27|||6
.|||7|||3|||28|||6
out|||4|||3|||29|||6
.|||8|||3|||30|||6
println|||4|||3|||31|||6
System|||5|||4|||35|||6
.|||9|||4|||36|||6
out|||5|||4|||37|||6
.|||10|||4|||38|||6
println|||5|||4|||39|||6
System|||6|||5|||35|||6
.|||11|||5|||36|||6
out|||6|||5|||37|||6
.|||12|||5|||38|||6
println|||6|||5|||39|||6
System|||7|||6|||41|||6
.|||13|||6|||42|||6
out|||7|||6|||43|||6
.|||14|||6|||44|||6
println|||7|||6|||45|||6
System|||8|||7|||36|||6
.|||15|||7|||37|||6
out|||8|||7|||38|||6
.|||16|||7|||39|||6
println|||8|||7|||40|||6
System|||9|||8|||32|||6
.|||17|||8|||33|||6
out|||9|||8|||34|||6
.|||18|||8|||35|||6
println|||9|||8|||36|||6
System|||10|||9|||27|||6
.|||19|||9|||28|||6
out|||10|||9|||29|||6
.|||20|||9|||30|||6
println|||10|||9|||31|||6
System|||11|||10|||20|||6
.|||21|||10|||21|||6
out|||11|||10|||22|||6
.|||22|||10|||23|||6
println|||11|||10|||24|||6
System|||12|||11|||20|||6
.|||23|||11|||21|||6
out|||12|||11|||22|||6
.|||24|||11|||23|||6
println|||12|||11|||24|||6
System|||13|||12|||35|||6
.|||25|||12|||36|||6
out|||13|||12|||37|||6
.|||26|||12|||38|||6
println|||13|||12|||39|||6
System|||14|||13|||35|||6
.|||27|||13|||36|||6
out|||14|||13|||37|||6
.|||28|||13|||38|||6
println|||14|||13|||39|||6
System|||15|||14|||32|||6
.|||29|||14|||33|||6
out|||15|||14|||34|||6
.|||30|||14|||35|||6
println|||15|||14|||36|||6
System|||16|||15|||27|||6
.|||31|||15|||28|||6
out|||16|||15|||29|||6
.|||32|||15|||30|||6
println|||16|||15|||31|||6
System|||17|||16|||32|||6
.|||33|||16|||33|||6
out|||17|||16|||34|||6
.|||34|||16|||35|||6
println|||17|||16|||36|||6
System|||18|||17|||34|||6
.|||35|||17|||35|||6
out|||18|||17|||36|||6
.|||36|||17|||37|||6
println|||18|||17|||38|||6
System|||19|||18|||44|||6
.|||37|||18|||45|||6
out|||19|||18|||46|||6
.|||38|||18|||47|||6
println|||19|||18|||48|||6
System|||20|||19|||39|||6
.|||39|||19|||40|||6
out|||20|||19|||41|||6
.|||40|||19|||42|||6
println|||20|||19|||43|||6
System|||21|||20|||32|||6
.|||41|||20|||33|||6
out|||21|||20|||34|||6
.|||42|||20|||35|||6
println|||21|||20|||36|||6
System|||22|||21|||32|||6
.|||43|||21|||33|||6
out|||22|||21|||34|||6
.|||44|||21|||35|||6
println|||22|||21|||36|||6
System|||23|||22|||20|||6
.|||45|||22|||21|||6
out|||23|||22|||22|||6
.|||46|||22|||23|||6
println|||23|||22|||24|||6
System|||24|||23|||20|||6
.|||47|||23|||21|||6
out|||24|||23|||22|||6
.|||48|||23|||23|||6
println|||24|||23|||24|||6
}|||1|||0|||44|||0
}|||2|||0|||45|||0
}|||3|||0|||46|||0
}|||4|||1|||44|||0
}|||5|||1|||45|||0
}|||6|||1|||46|||0
}|||7|||2|||42|||0
}|||8|||2|||43|||0
}|||9|||2|||44|||0
}|||10|||3|||39|||0
}|||11|||3|||40|||0
}|||12|||3|||41|||0
}|||13|||4|||44|||0
}|||14|||4|||45|||0
}|||15|||4|||46|||0
}|||16|||5|||47|||0
}|||17|||5|||48|||0
}|||18|||5|||49|||0
}|||19|||6|||53|||0
}|||20|||6|||54|||0
}|||21|||7|||48|||0
}|||22|||7|||49|||0
}|||23|||8|||44|||0
}|||24|||8|||45|||0
}|||25|||8|||46|||0
}|||26|||9|||42|||0
}|||27|||9|||43|||0
}|||28|||9|||44|||0
}|||29|||10|||32|||0
}|||30|||10|||33|||0
}|||31|||11|||32|||0
}|||32|||11|||33|||0
}|||33|||12|||44|||0
}|||34|||12|||45|||0
}|||35|||12|||46|||0
}|||36|||13|||44|||0
}|||37|||13|||45|||0
}|||38|||13|||46|||0
}|||39|||14|||44|||0
}|||40|||14|||45|||0
}|||41|||14|||46|||0
}|||42|||15|||42|||0
}|||43|||15|||43|||0
}|||44|||15|||44|||0
}|||45|||16|||45|||0
}|||46|||16|||46|||0
}|||47|||16|||47|||0
}|||48|||17|||47|||0
}|||49|||17|||48|||0
}|||50|||17|||49|||0
}|||52|||18|||56|||0
}|||53|||18|||57|||0
}|||55|||19|||51|||0
}|||56|||19|||52|||0
}|||57|||20|||44|||0
}|||58|||20|||45|||0
}|||59|||20|||46|||0
}|||60|||21|||44|||0
}|||61|||21|||45|||0
}|||62|||21|||46|||0
}|||63|||22|||32|||0
}|||64|||22|||33|||0
}|||65|||23|||32|||0
}|||66|||23|||33|||0
