=|||1|||0|||17|||0
=|||2|||0|||24|||0
0|||1|||0|||25|||0
;|||2|||0|||26|||0
<|||1|||0|||28|||0
=|||3|||1|||17|||0
=|||4|||1|||24|||0
0|||2|||1|||25|||0
;|||6|||1|||26|||0
<|||2|||1|||28|||0
=|||5|||2|||19|||0
0|||3|||2|||20|||0
;|||9|||2|||21|||0
<|||3|||2|||23|||0
=|||6|||3|||17|||0
0|||4|||3|||18|||0
while|||1|||3|||20|||0
<|||4|||3|||23|||0
=|||7|||4|||17|||0
=|||8|||4|||22|||0
<|||5|||4|||28|||0
=|||9|||5|||17|||0
=|||10|||5|||22|||0
!|||1|||5|||27|||0
(|||18|||5|||28|||0
>=|||1|||5|||30|||0
=|||11|||6|||19|||0
new|||1|||6|||20|||0
[|||9|||6|||22|||0
0|||5|||6|||28|||0
+=|||1|||6|||30|||0
=|||12|||7|||19|||0
new|||2|||7|||20|||0
[|||14|||7|||22|||0
0|||7|||7|||28|||0
=|||13|||7|||30|||0
0|||8|||7|||33|||0
+|||1|||7|||35|||0
=|||14|||8|||19|||0
0|||10|||8|||20|||0
;|||27|||8|||21|||0
<|||6|||8|||23|||0
=|||15|||9|||19|||0
0|||11|||9|||20|||0
;|||30|||9|||21|||0
<=|||1|||9|||23|||0
=|||16|||10|||17|||0
0|||12|||10|||18|||0
=|||17|||11|||17|||0
=|||18|||12|||17|||0
=|||19|||12|||24|||0
0|||13|||12|||25|||0
;|||38|||12|||26|||0
<|||7|||12|||28|||0
=|||20|||13|||17|||0
=|||21|||13|||24|||0
0|||14|||13|||25|||0
;|||42|||13|||26|||0
<|||8|||13|||28|||0
=|||22|||14|||19|||0
0|||15|||14|||20|||0
;|||45|||14|||21|||0
<|||9|||14|||23|||0
=|||23|||15|||17|||0
0|||16|||15|||18|||0
while|||2|||15|||20|||0
<|||10|||15|||23|||0
=|||24|||16|||17|||0
=|||25|||16|||22|||0
>|||1|||16|||28|||0
is|||1|||16|||40|||0
greater|||1|||16|||41|||0
=|||26|||17|||17|||0
=|||27|||17|||22|||0
!|||2|||17|||27|||0
(|||51|||17|||28|||0
<=|||2|||17|||30|||0
is|||2|||17|||43|||0
greater|||2|||17|||44|||0
=|||28|||18|||19|||0
{|||53|||18|||20|||0
,|||1|||18|||22|||0
,|||2|||18|||24|||0
,|||3|||18|||26|||0
,|||4|||18|||28|||0
*=|||1|||18|||36|||0
=|||29|||19|||19|||0
{|||56|||19|||20|||0
,|||5|||19|||22|||0
,|||6|||19|||24|||0
,|||7|||19|||26|||0
,|||8|||19|||28|||0
=|||30|||19|||36|||0
*|||1|||19|||41|||0
=|||31|||20|||19|||0
;|||63|||20|||21|||0
<|||11|||20|||23|||0
=|||32|||21|||19|||0
;|||66|||21|||21|||0
<=|||3|||21|||23|||0
=|||33|||22|||17|||0
0|||17|||22|||18|||0
=|||34|||23|||17|||0
)|||1|||0|||13|||1
{|||2|||0|||14|||1
;|||1|||0|||19|||1
for|||1|||0|||20|||1
(|||2|||0|||21|||1
;|||3|||0|||30|||1
++|||1|||0|||32|||1
)|||2|||0|||33|||1
{|||3|||0|||34|||1
(|||3|||0|||40|||1
)|||3|||0|||42|||1
;|||4|||0|||43|||1
)|||4|||1|||13|||1
{|||5|||1|||14|||1
;|||5|||1|||19|||1
for|||2|||1|||20|||1
(|||5|||1|||21|||1
;|||7|||1|||30|||1
++|||2|||1|||32|||1
)|||5|||1|||33|||1
{|||6|||1|||34|||1
(|||6|||1|||40|||1
)|||6|||1|||42|||1
;|||8|||1|||43|||1
)|||7|||2|||13|||1
{|||8|||2|||14|||1
for|||3|||2|||15|||1
(|||8|||2|||16|||1
;|||10|||2|||25|||1
++|||3|||2|||27|||1
)|||8|||2|||28|||1
{|||9|||2|||29|||1
(|||9|||2|||35|||1
)|||9|||2|||37|||1
;|||11|||2|||38|||1
)|||10|||3|||13|||1
{|||11|||3|||14|||1
;|||12|||3|||19|||1
(|||11|||3|||21|||1
)|||11|||3|||25|||1
{|||12|||3|||26|||1
(|||12|||3|||32|||1
)|||12|||3|||34|||1
;|||13|||3|||35|||1
++|||4|||3|||37|||1
;|||14|||3|||38|||1
)|||13|||4|||13|||1
{|||14|||4|||14|||1
;|||15|||4|||19|||1
;|||16|||4|||24|||1
if|||1|||4|||25|||1
(|||14|||4|||26|||1
)|||14|||4|||30|||1
{|||15|||4|||31|||1
(|||15|||4|||37|||1
)|||15|||4|||39|||1
;|||17|||4|||40|||1
)|||16|||5|||13|||1
{|||17|||5|||14|||1
;|||18|||5|||19|||1
;|||19|||5|||24|||1
if|||2|||5|||25|||1
(|||17|||5|||26|||1
)|||17|||5|||32|||1
)|||18|||5|||33|||1
{|||18|||5|||34|||1
(|||19|||5|||40|||1
)|||19|||5|||42|||1
;|||20|||5|||43|||1
)|||20|||6|||13|||1
{|||20|||6|||14|||1
]|||9|||6|||24|||1
;|||21|||6|||25|||1
;|||22|||6|||32|||1
(|||21|||6|||38|||1
)|||21|||6|||43|||1
;|||23|||6|||44|||1
)|||22|||7|||13|||1
{|||22|||7|||14|||1
]|||14|||7|||24|||1
;|||24|||7|||25|||1
;|||25|||7|||37|||1
(|||23|||7|||43|||1
)|||23|||7|||48|||1
;|||26|||7|||49|||1
)|||24|||8|||13|||1
{|||24|||8|||14|||1
for|||4|||8|||15|||1
(|||25|||8|||16|||1
;|||28|||8|||25|||1
++|||5|||8|||27|||1
)|||25|||8|||28|||1
{|||25|||8|||29|||1
(|||26|||8|||35|||1
)|||26|||8|||37|||1
;|||29|||8|||38|||1
)|||27|||9|||13|||1
{|||27|||9|||14|||1
for|||5|||9|||15|||1
(|||28|||9|||16|||1
;|||31|||9|||25|||1
++|||6|||9|||27|||1
)|||28|||9|||28|||1
{|||28|||9|||29|||1
(|||29|||9|||35|||1
)|||29|||9|||37|||1
;|||32|||9|||38|||1
)|||30|||10|||13|||1
{|||30|||10|||14|||1
;|||33|||10|||19|||1
(|||31|||10|||25|||1
)|||31|||10|||27|||1
;|||34|||10|||28|||1
)|||32|||11|||13|||1
{|||32|||11|||14|||1
;|||35|||11|||19|||1
(|||33|||11|||25|||1
)|||33|||11|||27|||1
;|||36|||11|||28|||1
)|||34|||12|||13|||1
{|||34|||12|||14|||1
;|||37|||12|||19|||1
for|||6|||12|||20|||1
(|||35|||12|||21|||1
;|||39|||12|||30|||1
++|||7|||12|||32|||1
)|||35|||12|||33|||1
{|||35|||12|||34|||1
(|||36|||12|||40|||1
)|||36|||12|||42|||1
;|||40|||12|||43|||1
)|||37|||13|||13|||1
{|||37|||13|||14|||1
;|||41|||13|||19|||1
for|||7|||13|||20|||1
(|||38|||13|||21|||1
;|||43|||13|||30|||1
++|||8|||13|||32|||1
)|||38|||13|||33|||1
{|||38|||13|||34|||1
(|||39|||13|||40|||1
)|||39|||13|||42|||1
;|||44|||13|||43|||1
)|||40|||14|||13|||1
{|||40|||14|||14|||1
for|||8|||14|||15|||1
(|||41|||14|||16|||1
;|||46|||14|||25|||1
++|||9|||14|||27|||1
)|||41|||14|||28|||1
{|||41|||14|||29|||1
(|||42|||14|||35|||1
)|||42|||14|||37|||1
;|||47|||14|||38|||1
)|||43|||15|||13|||1
{|||43|||15|||14|||1
;|||48|||15|||19|||1
(|||44|||15|||21|||1
)|||44|||15|||25|||1
{|||44|||15|||26|||1
(|||45|||15|||32|||1
)|||45|||15|||34|||1
;|||49|||15|||35|||1
++|||10|||15|||37|||1
;|||50|||15|||38|||1
)|||46|||16|||13|||1
{|||46|||16|||14|||1
;|||51|||16|||19|||1
;|||52|||16|||24|||1
if|||3|||16|||25|||1
(|||47|||16|||26|||1
)|||47|||16|||30|||1
{|||47|||16|||31|||1
(|||48|||16|||37|||1
"|||1|||16|||38|||1
"|||2|||16|||42|||1
)|||48|||16|||43|||1
;|||53|||16|||44|||1
)|||49|||17|||13|||1
{|||49|||17|||14|||1
;|||54|||17|||19|||1
;|||55|||17|||24|||1
if|||4|||17|||25|||1
(|||50|||17|||26|||1
)|||50|||17|||32|||1
)|||51|||17|||33|||1
{|||50|||17|||34|||1
(|||52|||17|||40|||1
"|||3|||17|||41|||1
"|||4|||17|||45|||1
)|||52|||17|||46|||1
;|||56|||17|||47|||1
)|||53|||18|||13|||1
{|||52|||18|||14|||1
}|||51|||18|||30|||1
;|||57|||18|||31|||1
;|||58|||18|||38|||1
(|||54|||18|||44|||1
)|||54|||18|||49|||1
;|||59|||18|||50|||1
)|||55|||19|||13|||1
{|||55|||19|||14|||1
}|||54|||19|||30|||1
;|||60|||19|||31|||1
;|||61|||19|||43|||1
(|||56|||19|||49|||1
)|||56|||19|||54|||1
;|||62|||19|||55|||1
)|||57|||20|||13|||1
{|||58|||20|||14|||1
for|||9|||20|||15|||1
(|||58|||20|||16|||1
;|||64|||20|||25|||1
++|||11|||20|||27|||1
)|||58|||20|||28|||1
{|||59|||20|||29|||1
(|||59|||20|||35|||1
)|||59|||20|||37|||1
;|||65|||20|||38|||1
)|||60|||21|||13|||1
{|||61|||21|||14|||1
for|||10|||21|||15|||1
(|||61|||21|||16|||1
;|||67|||21|||25|||1
++|||12|||21|||27|||1
)|||61|||21|||28|||1
{|||62|||21|||29|||1
(|||62|||21|||35|||1
)|||62|||21|||37|||1
;|||68|||21|||38|||1
)|||63|||22|||13|||1
{|||64|||22|||14|||1
;|||69|||22|||19|||1
(|||64|||22|||25|||1
)|||64|||22|||27|||1
;|||70|||22|||28|||1
)|||65|||23|||13|||1
{|||66|||23|||14|||1
;|||71|||23|||19|||1
(|||66|||23|||25|||1
)|||66|||23|||27|||1
;|||72|||23|||28|||1
(|||1|||0|||8|||2
String|||1|||0|||9|||2
[|||1|||0|||10|||2
]|||1|||0|||11|||2
args|||1|||0|||12|||2
(|||4|||1|||8|||2
String|||2|||1|||9|||2
[|||2|||1|||10|||2
]|||2|||1|||11|||2
args|||2|||1|||12|||2
(|||7|||2|||8|||2
String|||3|||2|||9|||2
[|||3|||2|||10|||2
]|||3|||2|||11|||2
args|||3|||2|||12|||2
(|||10|||3|||8|||2
String|||4|||3|||9|||2
[|||4|||3|||10|||2
]|||4|||3|||11|||2
args|||4|||3|||12|||2
(|||13|||4|||8|||2
String|||5|||4|||9|||2
[|||5|||4|||10|||2
]|||5|||4|||11|||2
args|||5|||4|||12|||2
(|||16|||5|||8|||2
String|||6|||5|||9|||2
[|||6|||5|||10|||2
]|||6|||5|||11|||2
args|||6|||5|||12|||2
(|||20|||6|||8|||2
String|||7|||6|||9|||2
[|||7|||6|||10|||2
]|||7|||6|||11|||2
args|||7|||6|||12|||2
(|||22|||7|||8|||2
String|||8|||7|||9|||2
[|||12|||7|||10|||2
]|||12|||7|||11|||2
args|||8|||7|||12|||2
(|||24|||8|||8|||2
String|||9|||8|||9|||2
[|||18|||8|||10|||2
]|||18|||8|||11|||2
args|||9|||8|||12|||2
(|||27|||9|||8|||2
String|||10|||9|||9|||2
[|||19|||9|||10|||2
]|||19|||9|||11|||2
args|||10|||9|||12|||2
(|||30|||10|||8|||2
String|||11|||10|||9|||2
[|||20|||10|||10|||2
]|||20|||10|||11|||2
args|||11|||10|||12|||2
(|||32|||11|||8|||2
String|||12|||11|||9|||2
[|||21|||11|||10|||2
]|||21|||11|||11|||2
args|||12|||11|||12|||2
(|||34|||12|||8|||2
String|||13|||12|||9|||2
[|||22|||12|||10|||2
]|||22|||12|||11|||2
args|||13|||12|||12|||2
(|||37|||13|||8|||2
String|||14|||13|||9|||2
[|||23|||13|||10|||2
]|||23|||13|||11|||2
args|||14|||13|||12|||2
(|||40|||14|||8|||2
String|||15|||14|||9|||2
[|||24|||14|||10|||2
]|||24|||14|||11|||2
args|||15|||14|||12|||2
(|||43|||15|||8|||2
String|||16|||15|||9|||2
[|||25|||15|||10|||2
]|||25|||15|||11|||2
args|||16|||15|||12|||2
(|||46|||16|||8|||2
String|||17|||16|||9|||2
[|||26|||16|||10|||2
]|||26|||16|||11|||2
args|||17|||16|||12|||2
(|||49|||17|||8|||2
String|||18|||17|||9|||2
[|||27|||17|||10|||2
]|||27|||17|||11|||2
args|||18|||17|||12|||2
(|||53|||18|||8|||2
String|||19|||18|||9|||2
[|||28|||18|||10|||2
]|||28|||18|||11|||2
args|||19|||18|||12|||2
(|||55|||19|||8|||2
String|||20|||19|||9|||2
[|||32|||19|||10|||2
]|||32|||19|||11|||2
args|||20|||19|||12|||2
(|||57|||20|||8|||2
String|||21|||20|||9|||2
[|||37|||20|||10|||2
]|||37|||20|||11|||2
args|||21|||20|||12|||2
(|||60|||21|||8|||2
String|||22|||21|||9|||2
[|||38|||21|||10|||2
]|||38|||21|||11|||2
args|||22|||21|||12|||2
(|||63|||22|||8|||2
String|||23|||22|||9|||2
[|||39|||22|||10|||2
]|||39|||22|||11|||2
args|||23|||22|||12|||2
(|||65|||23|||8|||2
String|||24|||23|||9|||2
[|||40|||23|||10|||2
]|||40|||23|||11|||2
args|||24|||23|||12|||2
Example1|||1|||0|||2|||3
10|||1|||0|||18|||3
Example2|||1|||1|||2|||3
10|||2|||1|||18|||3
Example3|||1|||2|||2|||3
10|||3|||2|||24|||3
Example4|||1|||3|||2|||3
10|||4|||3|||24|||3
Example5|||1|||4|||2|||3
5|||1|||4|||18|||3
10|||5|||4|||23|||3
Example6|||1|||5|||2|||3
5|||2|||5|||18|||3
10|||6|||5|||23|||3
Example7|||1|||6|||2|||3
5|||3|||6|||23|||3
100|||1|||6|||31|||3
Example8|||1|||7|||2|||3
5|||4|||7|||23|||3
100|||2|||7|||36|||3
Example9|||1|||8|||2|||3
5|||5|||8|||24|||3
Example10|||1|||9|||2|||3
5|||6|||9|||24|||3
Example11|||1|||10|||2|||3
Example12|||1|||11|||2|||3
1|||1|||11|||18|||3
Example13|||1|||12|||2|||3
10|||7|||12|||18|||3
Example14|||1|||13|||2|||3
10|||8|||13|||18|||3
Example15|||1|||14|||2|||3
5|||7|||14|||24|||3
Example16|||1|||15|||2|||3
5|||8|||15|||24|||3
Example17|||1|||16|||2|||3
7|||1|||16|||18|||3
10|||9|||16|||23|||3
Example18|||1|||17|||2|||3
7|||2|||17|||18|||3
10|||10|||17|||23|||3
Example19|||1|||18|||2|||3
1|||2|||18|||21|||3
2|||1|||18|||23|||3
3|||1|||18|||25|||3
4|||1|||18|||27|||3
5|||9|||18|||29|||3
2|||3|||18|||37|||3
Example20|||1|||19|||2|||3
1|||3|||19|||21|||3
2|||5|||19|||23|||3
3|||2|||19|||25|||3
4|||2|||19|||27|||3
5|||10|||19|||29|||3
2|||8|||19|||42|||3
Example21|||1|||20|||2|||3
1|||4|||20|||20|||3
4|||3|||20|||24|||3
Example22|||1|||21|||2|||3
1|||5|||21|||20|||3
4|||4|||21|||24|||3
Example23|||1|||22|||2|||3
Example24|||1|||23|||2|||3
1|||6|||23|||18|||3
static|||1|||0|||5|||4
main|||1|||0|||7|||4
static|||2|||1|||5|||4
main|||2|||1|||7|||4
static|||3|||2|||5|||4
main|||3|||2|||7|||4
static|||4|||3|||5|||4
main|||4|||3|||7|||4
static|||5|||4|||5|||4
main|||5|||4|||7|||4
static|||6|||5|||5|||4
main|||6|||5|||7|||4
static|||7|||6|||5|||4
main|||7|||6|||7|||4
static|||8|||7|||5|||4
main|||8|||7|||7|||4
static|||9|||8|||5|||4
main|||9|||8|||7|||4
static|||10|||9|||5|||4
main|||10|||9|||7|||4
static|||11|||10|||5|||4
main|||11|||10|||7|||4
static|||12|||11|||5|||4
main|||12|||11|||7|||4
static|||13|||12|||5|||4
main|||13|||12|||7|||4
static|||14|||13|||5|||4
main|||14|||13|||7|||4
static|||15|||14|||5|||4
main|||15|||14|||7|||4
static|||16|||15|||5|||4
main|||16|||15|||7|||4
static|||17|||16|||5|||4
main|||17|||16|||7|||4
static|||18|||17|||5|||4
main|||18|||17|||7|||4
static|||19|||18|||5|||4
main|||19|||18|||7|||4
static|||20|||19|||5|||4
main|||20|||19|||7|||4
static|||21|||20|||5|||4
main|||21|||20|||7|||4
static|||22|||21|||5|||4
main|||22|||21|||7|||4
static|||23|||22|||5|||4
main|||23|||22|||7|||4
static|||24|||23|||5|||4
main|||24|||23|||7|||4
System|||1|||0|||35|||5
.|||1|||0|||36|||5
out|||1|||0|||37|||5
.|||2|||0|||38|||5
println|||1|||0|||39|||5
System|||2|||1|||35|||5
.|||3|||1|||36|||5
out|||2|||1|||37|||5
.|||4|||1|||38|||5
println|||2|||1|||39|||5
System|||3|||2|||30|||5
.|||5|||2|||31|||5
out|||3|||2|||32|||5
.|||6|||2|||33|||5
println|||3|||2|||34|||5
System|||4|||3|||27|||5
.|||7|||3|||28|||5
out|||4|||3|||29|||5
.|||8|||3|||30|||5
println|||4|||3|||31|||5
System|||5|||4|||32|||5
.|||9|||4|||33|||5
out|||5|||4|||34|||5
.|||10|||4|||35|||5
println|||5|||4|||36|||5
System|||6|||5|||35|||5
.|||11|||5|||36|||5
out|||6|||5|||37|||5
.|||12|||5|||38|||5
println|||6|||5|||39|||5
System|||7|||6|||33|||5
.|||13|||6|||34|||5
out|||7|||6|||35|||5
.|||14|||6|||36|||5
println|||7|||6|||37|||5
System|||8|||7|||38|||5
.|||15|||7|||39|||5
out|||8|||7|||40|||5
.|||16|||7|||41|||5
println|||8|||7|||42|||5
System|||9|||8|||30|||5
.|||17|||8|||31|||5
out|||9|||8|||32|||5
.|||18|||8|||33|||5
println|||9|||8|||34|||5
System|||10|||9|||30|||5
.|||19|||9|||31|||5
out|||10|||9|||32|||5
.|||20|||9|||33|||5
println|||10|||9|||34|||5
System|||11|||10|||20|||5
.|||21|||10|||21|||5
out|||11|||10|||22|||5
.|||22|||10|||23|||5
println|||11|||10|||24|||5
System|||12|||11|||20|||5
.|||23|||11|||21|||5
out|||12|||11|||22|||5
.|||24|||11|||23|||5
println|||12|||11|||24|||5
System|||13|||12|||35|||5
.|||25|||12|||36|||5
out|||13|||12|||37|||5
.|||26|||12|||38|||5
println|||13|||12|||39|||5
System|||14|||13|||35|||5
.|||27|||13|||36|||5
out|||14|||13|||37|||5
.|||28|||13|||38|||5
println|||14|||13|||39|||5
System|||15|||14|||30|||5
.|||29|||14|||31|||5
out|||15|||14|||32|||5
.|||30|||14|||33|||5
println|||15|||14|||34|||5
System|||16|||15|||27|||5
.|||31|||15|||28|||5
out|||16|||15|||29|||5
.|||32|||15|||30|||5
println|||16|||15|||31|||5
System|||17|||16|||32|||5
.|||33|||16|||33|||5
out|||17|||16|||34|||5
.|||34|||16|||35|||5
println|||17|||16|||36|||5
System|||18|||17|||35|||5
.|||35|||17|||36|||5
out|||18|||17|||37|||5
.|||36|||17|||38|||5
println|||18|||17|||39|||5
System|||19|||18|||39|||5
.|||37|||18|||40|||5
out|||19|||18|||41|||5
.|||38|||18|||42|||5
println|||19|||18|||43|||5
System|||20|||19|||44|||5
.|||39|||19|||45|||5
out|||20|||19|||46|||5
.|||40|||19|||47|||5
println|||20|||19|||48|||5
System|||21|||20|||30|||5
.|||41|||20|||31|||5
out|||21|||20|||32|||5
.|||42|||20|||33|||5
println|||21|||20|||34|||5
System|||22|||21|||30|||5
.|||43|||21|||31|||5
out|||22|||21|||32|||5
.|||44|||21|||33|||5
println|||22|||21|||34|||5
System|||23|||22|||20|||5
.|||45|||22|||21|||5
out|||23|||22|||22|||5
.|||46|||22|||23|||5
println|||23|||22|||24|||5
System|||24|||23|||20|||5
.|||47|||23|||21|||5
out|||24|||23|||22|||5
.|||48|||23|||23|||5
println|||24|||23|||24|||5
numElements|||1|||0|||16|||6
idx|||1|||0|||23|||6
idx|||2|||0|||27|||6
numElements|||2|||0|||29|||6
idx|||3|||0|||31|||6
idx|||4|||0|||41|||6
nElems|||1|||1|||16|||6
idx|||5|||1|||23|||6
idx|||6|||1|||27|||6
nElems|||2|||1|||29|||6
idx|||7|||1|||31|||6
idx|||8|||1|||41|||6
i|||1|||2|||18|||6
i|||2|||2|||22|||6
i|||3|||2|||26|||6
i|||4|||2|||36|||6
i|||5|||3|||16|||6
i|||6|||3|||22|||6
i|||7|||3|||33|||6
i|||8|||3|||36|||6
idx|||9|||4|||16|||6
N|||1|||4|||21|||6
idx|||10|||4|||27|||6
N|||2|||4|||29|||6
idx|||11|||4|||38|||6
idx|||12|||5|||16|||6
N|||3|||5|||21|||6
idx|||13|||5|||29|||6
N|||4|||5|||31|||6
idx|||14|||5|||41|||6
[|||8|||6|||16|||6
]|||8|||6|||17|||6
data|||1|||6|||18|||6
int|||12|||6|||21|||6
data|||2|||6|||26|||6
[|||10|||6|||27|||6
]|||10|||6|||29|||6
data|||3|||6|||39|||6
[|||11|||6|||40|||6
0|||6|||6|||41|||6
]|||11|||6|||42|||6
[|||13|||7|||16|||6
]|||13|||7|||17|||6
data|||4|||7|||18|||6
int|||14|||7|||21|||6
data|||5|||7|||26|||6
[|||15|||7|||27|||6
]|||15|||7|||29|||6
data|||6|||7|||31|||6
[|||16|||7|||32|||6
]|||16|||7|||34|||6
data|||7|||7|||44|||6
[|||17|||7|||45|||6
0|||9|||7|||46|||6
]|||17|||7|||47|||6
i|||9|||8|||18|||6
i|||10|||8|||22|||6
i|||11|||8|||26|||6
i|||12|||8|||36|||6
i|||13|||9|||18|||6
i|||14|||9|||22|||6
i|||15|||9|||26|||6
i|||16|||9|||36|||6
tid|||1|||10|||16|||6
tid|||2|||10|||26|||6
tid|||3|||11|||16|||6
tid|||4|||11|||26|||6
counter|||1|||12|||16|||6
i|||17|||12|||23|||6
i|||18|||12|||27|||6
counter|||2|||12|||29|||6
i|||19|||12|||31|||6
i|||20|||12|||41|||6
ctr|||1|||13|||16|||6
i|||21|||13|||23|||6
i|||22|||13|||27|||6
ctr|||2|||13|||29|||6
i|||23|||13|||31|||6
i|||24|||13|||41|||6
j|||1|||14|||18|||6
j|||2|||14|||22|||6
j|||3|||14|||26|||6
j|||4|||14|||36|||6
j|||5|||15|||16|||6
j|||6|||15|||22|||6
j|||7|||15|||33|||6
j|||8|||15|||36|||6
x|||1|||16|||16|||6
y|||1|||16|||21|||6
x|||2|||16|||27|||6
y|||2|||16|||29|||6
x|||3|||16|||39|||6
x|||4|||17|||16|||6
y|||3|||17|||21|||6
x|||5|||17|||29|||6
y|||4|||17|||31|||6
x|||6|||17|||42|||6
[|||29|||18|||16|||6
]|||29|||18|||17|||6
values|||1|||18|||18|||6
values|||2|||18|||32|||6
[|||30|||18|||33|||6
2|||2|||18|||34|||6
]|||30|||18|||35|||6
values|||3|||18|||45|||6
[|||31|||18|||46|||6
2|||4|||18|||47|||6
]|||31|||18|||48|||6
[|||33|||19|||16|||6
]|||33|||19|||17|||6
values|||4|||19|||18|||6
values|||5|||19|||32|||6
[|||34|||19|||33|||6
2|||6|||19|||34|||6
]|||34|||19|||35|||6
values|||6|||19|||37|||6
[|||35|||19|||38|||6
2|||7|||19|||39|||6
]|||35|||19|||40|||6
values|||7|||19|||50|||6
[|||36|||19|||51|||6
2|||9|||19|||52|||6
]|||36|||19|||53|||6
i|||25|||20|||18|||6
i|||26|||20|||22|||6
i|||27|||20|||26|||6
i|||28|||20|||36|||6
i|||29|||21|||18|||6
i|||30|||21|||22|||6
i|||31|||21|||26|||6
i|||32|||21|||36|||6
index|||1|||22|||16|||6
index|||2|||22|||26|||6
index|||3|||23|||16|||6
index|||4|||23|||26|||6
void|||1|||0|||6|||7
int|||1|||0|||15|||7
int|||2|||0|||22|||7
void|||2|||1|||6|||7
int|||3|||1|||15|||7
int|||4|||1|||22|||7
void|||3|||2|||6|||7
int|||5|||2|||17|||7
void|||4|||3|||6|||7
int|||6|||3|||15|||7
void|||5|||4|||6|||7
int|||7|||4|||15|||7
int|||8|||4|||20|||7
void|||6|||5|||6|||7
int|||9|||5|||15|||7
int|||10|||5|||20|||7
void|||7|||6|||6|||7
int|||11|||6|||15|||7
void|||8|||7|||6|||7
int|||13|||7|||15|||7
void|||9|||8|||6|||7
int|||15|||8|||17|||7
void|||10|||9|||6|||7
int|||16|||9|||17|||7
void|||11|||10|||6|||7
int|||17|||10|||15|||7
void|||12|||11|||6|||7
int|||18|||11|||15|||7
void|||13|||12|||6|||7
int|||19|||12|||15|||7
int|||20|||12|||22|||7
void|||14|||13|||6|||7
int|||21|||13|||15|||7
int|||22|||13|||22|||7
void|||15|||14|||6|||7
int|||23|||14|||17|||7
void|||16|||15|||6|||7
int|||24|||15|||15|||7
void|||17|||16|||6|||7
int|||25|||16|||15|||7
int|||26|||16|||20|||7
void|||18|||17|||6|||7
int|||27|||17|||15|||7
int|||28|||17|||20|||7
void|||19|||18|||6|||7
int|||29|||18|||15|||7
void|||20|||19|||6|||7
int|||30|||19|||15|||7
void|||21|||20|||6|||7
int|||31|||20|||17|||7
void|||22|||21|||6|||7
int|||32|||21|||17|||7
void|||23|||22|||6|||7
int|||33|||22|||15|||7
void|||24|||23|||6|||7
int|||34|||23|||15|||7
class|||1|||0|||1|||8
}|||1|||0|||44|||8
}|||2|||0|||45|||8
}|||3|||0|||46|||8
class|||2|||1|||1|||8
}|||4|||1|||44|||8
}|||5|||1|||45|||8
}|||6|||1|||46|||8
class|||3|||2|||1|||8
}|||7|||2|||39|||8
}|||8|||2|||40|||8
}|||9|||2|||41|||8
class|||4|||3|||1|||8
}|||10|||3|||39|||8
}|||11|||3|||40|||8
}|||12|||3|||41|||8
class|||5|||4|||1|||8
}|||13|||4|||41|||8
}|||14|||4|||42|||8
}|||15|||4|||43|||8
class|||6|||5|||1|||8
}|||16|||5|||44|||8
}|||17|||5|||45|||8
}|||18|||5|||46|||8
class|||7|||6|||1|||8
}|||19|||6|||45|||8
}|||20|||6|||46|||8
class|||8|||7|||1|||8
}|||21|||7|||50|||8
}|||22|||7|||51|||8
class|||9|||8|||1|||8
}|||23|||8|||39|||8
}|||24|||8|||40|||8
}|||25|||8|||41|||8
class|||10|||9|||1|||8
}|||26|||9|||39|||8
}|||27|||9|||40|||8
}|||28|||9|||41|||8
class|||11|||10|||1|||8
}|||29|||10|||29|||8
}|||30|||10|||30|||8
class|||12|||11|||1|||8
}|||31|||11|||29|||8
}|||32|||11|||30|||8
class|||13|||12|||1|||8
}|||33|||12|||44|||8
}|||34|||12|||45|||8
}|||35|||12|||46|||8
class|||14|||13|||1|||8
}|||36|||13|||44|||8
}|||37|||13|||45|||8
}|||38|||13|||46|||8
class|||15|||14|||1|||8
}|||39|||14|||39|||8
}|||40|||14|||40|||8
}|||41|||14|||41|||8
class|||16|||15|||1|||8
}|||42|||15|||39|||8
}|||43|||15|||40|||8
}|||44|||15|||41|||8
class|||17|||16|||1|||8
}|||45|||16|||45|||8
}|||46|||16|||46|||8
}|||47|||16|||47|||8
class|||18|||17|||1|||8
}|||48|||17|||48|||8
}|||49|||17|||49|||8
}|||50|||17|||50|||8
class|||19|||18|||1|||8
}|||52|||18|||51|||8
}|||53|||18|||52|||8
class|||20|||19|||1|||8
}|||55|||19|||56|||8
}|||56|||19|||57|||8
class|||21|||20|||1|||8
}|||57|||20|||39|||8
}|||58|||20|||40|||8
}|||59|||20|||41|||8
class|||22|||21|||1|||8
}|||60|||21|||39|||8
}|||61|||21|||40|||8
}|||62|||21|||41|||8
class|||23|||22|||1|||8
}|||63|||22|||29|||8
}|||64|||22|||30|||8
class|||24|||23|||1|||8
}|||65|||23|||29|||8
public|||1|||0|||0|||9
{|||1|||0|||3|||9
public|||2|||0|||4|||9
public|||3|||1|||0|||9
{|||4|||1|||3|||9
public|||4|||1|||4|||9
public|||5|||2|||0|||9
{|||7|||2|||3|||9
public|||6|||2|||4|||9
public|||7|||3|||0|||9
{|||10|||3|||3|||9
public|||8|||3|||4|||9
public|||9|||4|||0|||9
{|||13|||4|||3|||9
public|||10|||4|||4|||9
public|||11|||5|||0|||9
{|||16|||5|||3|||9
public|||12|||5|||4|||9
public|||13|||6|||0|||9
{|||19|||6|||3|||9
public|||14|||6|||4|||9
public|||15|||7|||0|||9
{|||21|||7|||3|||9
public|||16|||7|||4|||9
public|||17|||8|||0|||9
{|||23|||8|||3|||9
public|||18|||8|||4|||9
public|||19|||9|||0|||9
{|||26|||9|||3|||9
public|||20|||9|||4|||9
public|||21|||10|||0|||9
{|||29|||10|||3|||9
public|||22|||10|||4|||9
public|||23|||11|||0|||9
{|||31|||11|||3|||9
public|||24|||11|||4|||9
public|||25|||12|||0|||9
{|||33|||12|||3|||9
public|||26|||12|||4|||9
public|||27|||13|||0|||9
{|||36|||13|||3|||9
public|||28|||13|||4|||9
public|||29|||14|||0|||9
{|||39|||14|||3|||9
public|||30|||14|||4|||9
public|||31|||15|||0|||9
{|||42|||15|||3|||9
public|||32|||15|||4|||9
public|||33|||16|||0|||9
{|||45|||16|||3|||9
public|||34|||16|||4|||9
public|||35|||17|||0|||9
{|||48|||17|||3|||9
public|||36|||17|||4|||9
public|||37|||18|||0|||9
{|||51|||18|||3|||9
public|||38|||18|||4|||9
public|||39|||19|||0|||9
{|||54|||19|||3|||9
public|||40|||19|||4|||9
public|||41|||20|||0|||9
{|||57|||20|||3|||9
public|||42|||20|||4|||9
public|||43|||21|||0|||9
{|||60|||21|||3|||9
public|||44|||21|||4|||9
public|||45|||22|||0|||9
{|||63|||22|||3|||9
public|||46|||22|||4|||9
public|||47|||23|||0|||9
{|||65|||23|||3|||9
public|||48|||23|||4|||9
