public|||1|||0|||0|||0
public|||2|||0|||4|||0
public|||3|||1|||0|||0
public|||4|||1|||4|||0
public|||5|||2|||0|||0
public|||6|||2|||4|||0
public|||7|||3|||0|||0
public|||8|||3|||4|||0
public|||9|||4|||0|||0
public|||10|||4|||4|||0
public|||11|||5|||0|||0
public|||12|||5|||4|||0
public|||13|||6|||0|||0
public|||14|||6|||4|||0
public|||15|||7|||0|||0
public|||16|||7|||4|||0
public|||17|||8|||0|||0
public|||18|||8|||4|||0
public|||19|||9|||0|||0
public|||20|||9|||4|||0
public|||21|||10|||0|||0
public|||22|||10|||4|||0
public|||23|||11|||0|||0
public|||24|||11|||4|||0
public|||25|||12|||0|||0
public|||26|||12|||4|||0
public|||27|||13|||0|||0
public|||28|||13|||4|||0
public|||29|||14|||0|||0
public|||30|||14|||4|||0
public|||31|||15|||0|||0
public|||32|||15|||4|||0
public|||33|||16|||0|||0
public|||34|||16|||4|||0
public|||35|||17|||0|||0
public|||36|||17|||4|||0
public|||37|||18|||0|||0
public|||38|||18|||4|||0
public|||39|||19|||0|||0
public|||40|||19|||4|||0
public|||41|||20|||0|||0
public|||42|||20|||4|||0
public|||43|||21|||0|||0
public|||44|||21|||4|||0
public|||45|||22|||0|||0
public|||46|||22|||4|||0
public|||47|||23|||0|||0
public|||48|||23|||4|||0
class|||1|||0|||1|||2
static|||1|||0|||5|||2
void|||1|||0|||6|||2
main|||1|||0|||7|||2
String|||1|||0|||9|||2
System|||1|||0|||35|||2
class|||2|||1|||1|||2
static|||2|||1|||5|||2
void|||2|||1|||6|||2
main|||2|||1|||7|||2
String|||2|||1|||9|||2
System|||2|||1|||35|||2
class|||3|||2|||1|||2
static|||3|||2|||5|||2
void|||3|||2|||6|||2
main|||3|||2|||7|||2
String|||3|||2|||9|||2
System|||3|||2|||30|||2
class|||4|||3|||1|||2
static|||4|||3|||5|||2
void|||4|||3|||6|||2
main|||4|||3|||7|||2
String|||4|||3|||9|||2
System|||4|||3|||27|||2
class|||5|||4|||1|||2
static|||5|||4|||5|||2
void|||5|||4|||6|||2
main|||5|||4|||7|||2
String|||5|||4|||9|||2
System|||5|||4|||32|||2
class|||6|||5|||1|||2
static|||6|||5|||5|||2
void|||6|||5|||6|||2
main|||6|||5|||7|||2
String|||6|||5|||9|||2
System|||6|||5|||35|||2
class|||7|||6|||1|||2
static|||7|||6|||5|||2
void|||7|||6|||6|||2
main|||7|||6|||7|||2
String|||7|||6|||9|||2
System|||7|||6|||33|||2
class|||8|||7|||1|||2
static|||8|||7|||5|||2
void|||8|||7|||6|||2
main|||8|||7|||7|||2
String|||8|||7|||9|||2
System|||8|||7|||38|||2
class|||9|||8|||1|||2
static|||9|||8|||5|||2
void|||9|||8|||6|||2
main|||9|||8|||7|||2
String|||9|||8|||9|||2
System|||9|||8|||30|||2
class|||10|||9|||1|||2
static|||10|||9|||5|||2
void|||10|||9|||6|||2
main|||10|||9|||7|||2
String|||10|||9|||9|||2
System|||10|||9|||30|||2
class|||11|||10|||1|||2
static|||11|||10|||5|||2
void|||11|||10|||6|||2
main|||11|||10|||7|||2
String|||11|||10|||9|||2
System|||11|||10|||20|||2
class|||12|||11|||1|||2
static|||12|||11|||5|||2
void|||12|||11|||6|||2
main|||12|||11|||7|||2
String|||12|||11|||9|||2
System|||12|||11|||20|||2
class|||13|||12|||1|||2
static|||13|||12|||5|||2
void|||13|||12|||6|||2
main|||13|||12|||7|||2
String|||13|||12|||9|||2
System|||13|||12|||35|||2
class|||14|||13|||1|||2
static|||14|||13|||5|||2
void|||14|||13|||6|||2
main|||14|||13|||7|||2
String|||14|||13|||9|||2
System|||14|||13|||35|||2
class|||15|||14|||1|||2
static|||15|||14|||5|||2
void|||15|||14|||6|||2
main|||15|||14|||7|||2
String|||15|||14|||9|||2
System|||15|||14|||30|||2
class|||16|||15|||1|||2
static|||16|||15|||5|||2
void|||16|||15|||6|||2
main|||16|||15|||7|||2
String|||16|||15|||9|||2
System|||16|||15|||27|||2
class|||17|||16|||1|||2
static|||17|||16|||5|||2
void|||17|||16|||6|||2
main|||17|||16|||7|||2
String|||17|||16|||9|||2
System|||17|||16|||32|||2
class|||18|||17|||1|||2
static|||18|||17|||5|||2
void|||18|||17|||6|||2
main|||18|||17|||7|||2
String|||18|||17|||9|||2
System|||18|||17|||35|||2
class|||19|||18|||1|||2
static|||19|||18|||5|||2
void|||19|||18|||6|||2
main|||19|||18|||7|||2
String|||19|||18|||9|||2
System|||19|||18|||39|||2
class|||20|||19|||1|||2
static|||20|||19|||5|||2
void|||20|||19|||6|||2
main|||20|||19|||7|||2
String|||20|||19|||9|||2
System|||20|||19|||44|||2
class|||21|||20|||1|||2
static|||21|||20|||5|||2
void|||21|||20|||6|||2
main|||21|||20|||7|||2
String|||21|||20|||9|||2
System|||21|||20|||30|||2
class|||22|||21|||1|||2
static|||22|||21|||5|||2
void|||22|||21|||6|||2
main|||22|||21|||7|||2
String|||22|||21|||9|||2
System|||22|||21|||30|||2
class|||23|||22|||1|||2
static|||23|||22|||5|||2
void|||23|||22|||6|||2
main|||23|||22|||7|||2
String|||23|||22|||9|||2
System|||23|||22|||20|||2
class|||24|||23|||1|||2
static|||24|||23|||5|||2
void|||24|||23|||6|||2
main|||24|||23|||7|||2
String|||24|||23|||9|||2
System|||24|||23|||20|||2
Example1|||1|||0|||2|||3
numElements|||1|||0|||16|||3
=|||1|||0|||17|||3
10|||1|||0|||18|||3
for|||1|||0|||20|||3
idx|||1|||0|||23|||3
=|||2|||0|||24|||3
0|||1|||0|||25|||3
idx|||2|||0|||27|||3
<|||1|||0|||28|||3
numElements|||2|||0|||29|||3
idx|||3|||0|||31|||3
++|||1|||0|||32|||3
idx|||4|||0|||41|||3
Example2|||1|||1|||2|||3
nElems|||1|||1|||16|||3
=|||3|||1|||17|||3
10|||2|||1|||18|||3
for|||2|||1|||20|||3
idx|||5|||1|||23|||3
=|||4|||1|||24|||3
0|||2|||1|||25|||3
idx|||6|||1|||27|||3
<|||2|||1|||28|||3
nElems|||2|||1|||29|||3
idx|||7|||1|||31|||3
++|||2|||1|||32|||3
idx|||8|||1|||41|||3
Example3|||1|||2|||2|||3
for|||3|||2|||15|||3
i|||1|||2|||18|||3
=|||5|||2|||19|||3
0|||3|||2|||20|||3
i|||2|||2|||22|||3
<|||3|||2|||23|||3
10|||3|||2|||24|||3
i|||3|||2|||26|||3
++|||3|||2|||27|||3
i|||4|||2|||36|||3
Example4|||1|||3|||2|||3
i|||5|||3|||16|||3
=|||6|||3|||17|||3
0|||4|||3|||18|||3
while|||1|||3|||20|||3
i|||6|||3|||22|||3
<|||4|||3|||23|||3
10|||4|||3|||24|||3
i|||7|||3|||33|||3
i|||8|||3|||36|||3
++|||4|||3|||37|||3
Example5|||1|||4|||2|||3
idx|||9|||4|||16|||3
=|||7|||4|||17|||3
5|||1|||4|||18|||3
N|||1|||4|||21|||3
=|||8|||4|||22|||3
10|||5|||4|||23|||3
if|||1|||4|||25|||3
idx|||10|||4|||27|||3
<|||5|||4|||28|||3
N|||2|||4|||29|||3
idx|||11|||4|||38|||3
Example6|||1|||5|||2|||3
idx|||12|||5|||16|||3
=|||9|||5|||17|||3
5|||2|||5|||18|||3
N|||3|||5|||21|||3
=|||10|||5|||22|||3
10|||6|||5|||23|||3
if|||2|||5|||25|||3
!|||1|||5|||27|||3
idx|||13|||5|||29|||3
>=|||1|||5|||30|||3
N|||4|||5|||31|||3
idx|||14|||5|||41|||3
Example7|||1|||6|||2|||3
data|||1|||6|||18|||3
=|||11|||6|||19|||3
new|||1|||6|||20|||3
5|||3|||6|||23|||3
data|||2|||6|||26|||3
0|||5|||6|||28|||3
+=|||1|||6|||30|||3
100|||1|||6|||31|||3
data|||3|||6|||39|||3
0|||6|||6|||41|||3
Example8|||1|||7|||2|||3
data|||4|||7|||18|||3
=|||12|||7|||19|||3
new|||2|||7|||20|||3
5|||4|||7|||23|||3
data|||5|||7|||26|||3
0|||7|||7|||28|||3
=|||13|||7|||30|||3
data|||6|||7|||31|||3
0|||8|||7|||33|||3
+|||1|||7|||35|||3
100|||2|||7|||36|||3
data|||7|||7|||44|||3
0|||9|||7|||46|||3
Example9|||1|||8|||2|||3
for|||4|||8|||15|||3
i|||9|||8|||18|||3
=|||14|||8|||19|||3
0|||10|||8|||20|||3
i|||10|||8|||22|||3
<|||6|||8|||23|||3
5|||5|||8|||24|||3
i|||11|||8|||26|||3
++|||5|||8|||27|||3
i|||12|||8|||36|||3
Example10|||1|||9|||2|||3
for|||5|||9|||15|||3
i|||13|||9|||18|||3
=|||15|||9|||19|||3
0|||11|||9|||20|||3
i|||14|||9|||22|||3
<=|||1|||9|||23|||3
5|||6|||9|||24|||3
i|||15|||9|||26|||3
++|||6|||9|||27|||3
i|||16|||9|||36|||3
Example11|||1|||10|||2|||3
tid|||1|||10|||16|||3
=|||16|||10|||17|||3
0|||12|||10|||18|||3
tid|||2|||10|||26|||3
Example12|||1|||11|||2|||3
tid|||3|||11|||16|||3
=|||17|||11|||17|||3
1|||1|||11|||18|||3
tid|||4|||11|||26|||3
Example13|||1|||12|||2|||3
counter|||1|||12|||16|||3
=|||18|||12|||17|||3
10|||7|||12|||18|||3
for|||6|||12|||20|||3
i|||17|||12|||23|||3
=|||19|||12|||24|||3
0|||13|||12|||25|||3
i|||18|||12|||27|||3
<|||7|||12|||28|||3
counter|||2|||12|||29|||3
i|||19|||12|||31|||3
++|||7|||12|||32|||3
i|||20|||12|||41|||3
Example14|||1|||13|||2|||3
ctr|||1|||13|||16|||3
=|||20|||13|||17|||3
10|||8|||13|||18|||3
for|||7|||13|||20|||3
i|||21|||13|||23|||3
=|||21|||13|||24|||3
0|||14|||13|||25|||3
i|||22|||13|||27|||3
<|||8|||13|||28|||3
ctr|||2|||13|||29|||3
i|||23|||13|||31|||3
++|||8|||13|||32|||3
i|||24|||13|||41|||3
Example15|||1|||14|||2|||3
for|||8|||14|||15|||3
j|||1|||14|||18|||3
=|||22|||14|||19|||3
0|||15|||14|||20|||3
j|||2|||14|||22|||3
<|||9|||14|||23|||3
5|||7|||14|||24|||3
j|||3|||14|||26|||3
++|||9|||14|||27|||3
j|||4|||14|||36|||3
Example16|||1|||15|||2|||3
j|||5|||15|||16|||3
=|||23|||15|||17|||3
0|||16|||15|||18|||3
while|||2|||15|||20|||3
j|||6|||15|||22|||3
<|||10|||15|||23|||3
5|||8|||15|||24|||3
j|||7|||15|||33|||3
j|||8|||15|||36|||3
++|||10|||15|||37|||3
Example17|||1|||16|||2|||3
x|||1|||16|||16|||3
=|||24|||16|||17|||3
7|||1|||16|||18|||3
y|||1|||16|||21|||3
=|||25|||16|||22|||3
10|||9|||16|||23|||3
if|||3|||16|||25|||3
x|||2|||16|||27|||3
>|||1|||16|||28|||3
y|||2|||16|||29|||3
"|||1|||16|||38|||3
x|||3|||16|||39|||3
is|||1|||16|||40|||3
greater|||1|||16|||41|||3
"|||2|||16|||42|||3
Example18|||1|||17|||2|||3
x|||4|||17|||16|||3
=|||26|||17|||17|||3
7|||2|||17|||18|||3
y|||3|||17|||21|||3
=|||27|||17|||22|||3
10|||10|||17|||23|||3
if|||4|||17|||25|||3
!|||2|||17|||27|||3
x|||5|||17|||29|||3
<=|||2|||17|||30|||3
y|||4|||17|||31|||3
"|||3|||17|||41|||3
x|||6|||17|||42|||3
is|||2|||17|||43|||3
greater|||2|||17|||44|||3
"|||4|||17|||45|||3
Example19|||1|||18|||2|||3
values|||1|||18|||18|||3
=|||28|||18|||19|||3
1|||2|||18|||21|||3
,|||1|||18|||22|||3
2|||1|||18|||23|||3
,|||2|||18|||24|||3
3|||1|||18|||25|||3
,|||3|||18|||26|||3
4|||1|||18|||27|||3
,|||4|||18|||28|||3
5|||9|||18|||29|||3
values|||2|||18|||32|||3
2|||2|||18|||34|||3
*=|||1|||18|||36|||3
2|||3|||18|||37|||3
values|||3|||18|||45|||3
2|||4|||18|||47|||3
Example20|||1|||19|||2|||3
values|||4|||19|||18|||3
=|||29|||19|||19|||3
1|||3|||19|||21|||3
,|||5|||19|||22|||3
2|||5|||19|||23|||3
,|||6|||19|||24|||3
3|||2|||19|||25|||3
,|||7|||19|||26|||3
4|||2|||19|||27|||3
,|||8|||19|||28|||3
5|||10|||19|||29|||3
values|||5|||19|||32|||3
2|||6|||19|||34|||3
=|||30|||19|||36|||3
values|||6|||19|||37|||3
2|||7|||19|||39|||3
*|||1|||19|||41|||3
2|||8|||19|||42|||3
values|||7|||19|||50|||3
2|||9|||19|||52|||3
Example21|||1|||20|||2|||3
for|||9|||20|||15|||3
i|||25|||20|||18|||3
=|||31|||20|||19|||3
1|||4|||20|||20|||3
i|||26|||20|||22|||3
<|||11|||20|||23|||3
4|||3|||20|||24|||3
i|||27|||20|||26|||3
++|||11|||20|||27|||3
i|||28|||20|||36|||3
Example22|||1|||21|||2|||3
for|||10|||21|||15|||3
i|||29|||21|||18|||3
=|||32|||21|||19|||3
1|||5|||21|||20|||3
i|||30|||21|||22|||3
<=|||3|||21|||23|||3
4|||4|||21|||24|||3
i|||31|||21|||26|||3
++|||12|||21|||27|||3
i|||32|||21|||36|||3
Example23|||1|||22|||2|||3
index|||1|||22|||16|||3
=|||33|||22|||17|||3
0|||17|||22|||18|||3
index|||2|||22|||26|||3
Example24|||1|||23|||2|||3
index|||3|||23|||16|||3
=|||34|||23|||17|||3
1|||6|||23|||18|||3
index|||4|||23|||26|||3
{|||1|||0|||3|||5
{|||2|||0|||14|||5
{|||3|||0|||34|||5
{|||4|||1|||3|||5
{|||5|||1|||14|||5
{|||6|||1|||34|||5
{|||7|||2|||3|||5
{|||8|||2|||14|||5
{|||9|||2|||29|||5
{|||10|||3|||3|||5
{|||11|||3|||14|||5
{|||12|||3|||26|||5
{|||13|||4|||3|||5
{|||14|||4|||14|||5
{|||15|||4|||31|||5
{|||16|||5|||3|||5
{|||17|||5|||14|||5
{|||18|||5|||34|||5
{|||19|||6|||3|||5
{|||20|||6|||14|||5
{|||21|||7|||3|||5
{|||22|||7|||14|||5
{|||23|||8|||3|||5
{|||24|||8|||14|||5
{|||25|||8|||29|||5
{|||26|||9|||3|||5
{|||27|||9|||14|||5
{|||28|||9|||29|||5
{|||29|||10|||3|||5
{|||30|||10|||14|||5
{|||31|||11|||3|||5
{|||32|||11|||14|||5
{|||33|||12|||3|||5
{|||34|||12|||14|||5
{|||35|||12|||34|||5
{|||36|||13|||3|||5
{|||37|||13|||14|||5
{|||38|||13|||34|||5
{|||39|||14|||3|||5
{|||40|||14|||14|||5
{|||41|||14|||29|||5
{|||42|||15|||3|||5
{|||43|||15|||14|||5
{|||44|||15|||26|||5
{|||45|||16|||3|||5
{|||46|||16|||14|||5
{|||47|||16|||31|||5
{|||48|||17|||3|||5
{|||49|||17|||14|||5
{|||50|||17|||34|||5
{|||51|||18|||3|||5
{|||52|||18|||14|||5
{|||53|||18|||20|||5
{|||54|||19|||3|||5
{|||55|||19|||14|||5
{|||56|||19|||20|||5
{|||57|||20|||3|||5
{|||58|||20|||14|||5
{|||59|||20|||29|||5
{|||60|||21|||3|||5
{|||61|||21|||14|||5
{|||62|||21|||29|||5
{|||63|||22|||3|||5
{|||64|||22|||14|||5
{|||65|||23|||3|||5
{|||66|||23|||14|||5
(|||1|||0|||8|||6
)|||1|||0|||13|||6
(|||2|||0|||21|||6
)|||2|||0|||33|||6
.|||1|||0|||36|||6
.|||2|||0|||38|||6
(|||3|||0|||40|||6
)|||3|||0|||42|||6
(|||4|||1|||8|||6
)|||4|||1|||13|||6
(|||5|||1|||21|||6
)|||5|||1|||33|||6
.|||3|||1|||36|||6
.|||4|||1|||38|||6
(|||6|||1|||40|||6
)|||6|||1|||42|||6
(|||7|||2|||8|||6
)|||7|||2|||13|||6
(|||8|||2|||16|||6
)|||8|||2|||28|||6
.|||5|||2|||31|||6
.|||6|||2|||33|||6
(|||9|||2|||35|||6
)|||9|||2|||37|||6
(|||10|||3|||8|||6
)|||10|||3|||13|||6
(|||11|||3|||21|||6
)|||11|||3|||25|||6
.|||7|||3|||28|||6
.|||8|||3|||30|||6
(|||12|||3|||32|||6
)|||12|||3|||34|||6
(|||13|||4|||8|||6
)|||13|||4|||13|||6
(|||14|||4|||26|||6
)|||14|||4|||30|||6
.|||9|||4|||33|||6
.|||10|||4|||35|||6
(|||15|||4|||37|||6
)|||15|||4|||39|||6
(|||16|||5|||8|||6
)|||16|||5|||13|||6
(|||17|||5|||26|||6
(|||18|||5|||28|||6
)|||17|||5|||32|||6
)|||18|||5|||33|||6
.|||11|||5|||36|||6
.|||12|||5|||38|||6
(|||19|||5|||40|||6
)|||19|||5|||42|||6
(|||20|||6|||8|||6
)|||20|||6|||13|||6
.|||13|||6|||34|||6
.|||14|||6|||36|||6
(|||21|||6|||38|||6
)|||21|||6|||43|||6
(|||22|||7|||8|||6
)|||22|||7|||13|||6
.|||15|||7|||39|||6
.|||16|||7|||41|||6
(|||23|||7|||43|||6
)|||23|||7|||48|||6
(|||24|||8|||8|||6
)|||24|||8|||13|||6
(|||25|||8|||16|||6
)|||25|||8|||28|||6
.|||17|||8|||31|||6
.|||18|||8|||33|||6
(|||26|||8|||35|||6
)|||26|||8|||37|||6
(|||27|||9|||8|||6
)|||27|||9|||13|||6
(|||28|||9|||16|||6
)|||28|||9|||28|||6
.|||19|||9|||31|||6
.|||20|||9|||33|||6
(|||29|||9|||35|||6
)|||29|||9|||37|||6
(|||30|||10|||8|||6
)|||30|||10|||13|||6
.|||21|||10|||21|||6
.|||22|||10|||23|||6
(|||31|||10|||25|||6
)|||31|||10|||27|||6
(|||32|||11|||8|||6
)|||32|||11|||13|||6
.|||23|||11|||21|||6
.|||24|||11|||23|||6
(|||33|||11|||25|||6
)|||33|||11|||27|||6
(|||34|||12|||8|||6
)|||34|||12|||13|||6
(|||35|||12|||21|||6
)|||35|||12|||33|||6
.|||25|||12|||36|||6
.|||26|||12|||38|||6
(|||36|||12|||40|||6
)|||36|||12|||42|||6
(|||37|||13|||8|||6
)|||37|||13|||13|||6
(|||38|||13|||21|||6
)|||38|||13|||33|||6
.|||27|||13|||36|||6
.|||28|||13|||38|||6
(|||39|||13|||40|||6
)|||39|||13|||42|||6
(|||40|||14|||8|||6
)|||40|||14|||13|||6
(|||41|||14|||16|||6
)|||41|||14|||28|||6
.|||29|||14|||31|||6
.|||30|||14|||33|||6
(|||42|||14|||35|||6
)|||42|||14|||37|||6
(|||43|||15|||8|||6
)|||43|||15|||13|||6
(|||44|||15|||21|||6
)|||44|||15|||25|||6
.|||31|||15|||28|||6
.|||32|||15|||30|||6
(|||45|||15|||32|||6
)|||45|||15|||34|||6
(|||46|||16|||8|||6
)|||46|||16|||13|||6
(|||47|||16|||26|||6
)|||47|||16|||30|||6
.|||33|||16|||33|||6
.|||34|||16|||35|||6
(|||48|||16|||37|||6
)|||48|||16|||43|||6
(|||49|||17|||8|||6
)|||49|||17|||13|||6
(|||50|||17|||26|||6
(|||51|||17|||28|||6
)|||50|||17|||32|||6
)|||51|||17|||33|||6
.|||35|||17|||36|||6
.|||36|||17|||38|||6
(|||52|||17|||40|||6
)|||52|||17|||46|||6
(|||53|||18|||8|||6
)|||53|||18|||13|||6
.|||37|||18|||40|||6
.|||38|||18|||42|||6
(|||54|||18|||44|||6
)|||54|||18|||49|||6
(|||55|||19|||8|||6
)|||55|||19|||13|||6
.|||39|||19|||45|||6
.|||40|||19|||47|||6
(|||56|||19|||49|||6
)|||56|||19|||54|||6
(|||57|||20|||8|||6
)|||57|||20|||13|||6
(|||58|||20|||16|||6
)|||58|||20|||28|||6
.|||41|||20|||31|||6
.|||42|||20|||33|||6
(|||59|||20|||35|||6
)|||59|||20|||37|||6
(|||60|||21|||8|||6
)|||60|||21|||13|||6
(|||61|||21|||16|||6
)|||61|||21|||28|||6
.|||43|||21|||31|||6
.|||44|||21|||33|||6
(|||62|||21|||35|||6
)|||62|||21|||37|||6
(|||63|||22|||8|||6
)|||63|||22|||13|||6
.|||45|||22|||21|||6
.|||46|||22|||23|||6
(|||64|||22|||25|||6
)|||64|||22|||27|||6
(|||65|||23|||8|||6
)|||65|||23|||13|||6
.|||47|||23|||21|||6
.|||48|||23|||23|||6
(|||66|||23|||25|||6
)|||66|||23|||27|||6
[|||1|||0|||10|||7
]|||1|||0|||11|||7
[|||2|||1|||10|||7
]|||2|||1|||11|||7
[|||3|||2|||10|||7
]|||3|||2|||11|||7
[|||4|||3|||10|||7
]|||4|||3|||11|||7
[|||5|||4|||10|||7
]|||5|||4|||11|||7
[|||6|||5|||10|||7
]|||6|||5|||11|||7
[|||7|||6|||10|||7
]|||7|||6|||11|||7
[|||8|||6|||16|||7
]|||8|||6|||17|||7
[|||9|||6|||22|||7
]|||9|||6|||24|||7
[|||10|||6|||27|||7
]|||10|||6|||29|||7
[|||11|||6|||40|||7
]|||11|||6|||42|||7
[|||12|||7|||10|||7
]|||12|||7|||11|||7
[|||13|||7|||16|||7
]|||13|||7|||17|||7
[|||14|||7|||22|||7
]|||14|||7|||24|||7
[|||15|||7|||27|||7
]|||15|||7|||29|||7
[|||16|||7|||32|||7
]|||16|||7|||34|||7
[|||17|||7|||45|||7
]|||17|||7|||47|||7
[|||18|||8|||10|||7
]|||18|||8|||11|||7
[|||19|||9|||10|||7
]|||19|||9|||11|||7
[|||20|||10|||10|||7
]|||20|||10|||11|||7
[|||21|||11|||10|||7
]|||21|||11|||11|||7
[|||22|||12|||10|||7
]|||22|||12|||11|||7
[|||23|||13|||10|||7
]|||23|||13|||11|||7
[|||24|||14|||10|||7
]|||24|||14|||11|||7
[|||25|||15|||10|||7
]|||25|||15|||11|||7
[|||26|||16|||10|||7
]|||26|||16|||11|||7
[|||27|||17|||10|||7
]|||27|||17|||11|||7
[|||28|||18|||10|||7
]|||28|||18|||11|||7
[|||29|||18|||16|||7
]|||29|||18|||17|||7
[|||30|||18|||33|||7
]|||30|||18|||35|||7
[|||31|||18|||46|||7
]|||31|||18|||48|||7
[|||32|||19|||10|||7
]|||32|||19|||11|||7
[|||33|||19|||16|||7
]|||33|||19|||17|||7
[|||34|||19|||33|||7
]|||34|||19|||35|||7
[|||35|||19|||38|||7
]|||35|||19|||40|||7
[|||36|||19|||51|||7
]|||36|||19|||53|||7
[|||37|||20|||10|||7
]|||37|||20|||11|||7
[|||38|||21|||10|||7
]|||38|||21|||11|||7
[|||39|||22|||10|||7
]|||39|||22|||11|||7
[|||40|||23|||10|||7
]|||40|||23|||11|||7
args|||1|||0|||12|||4
out|||1|||0|||37|||4
println|||1|||0|||39|||4
args|||2|||1|||12|||4
out|||2|||1|||37|||4
println|||2|||1|||39|||4
args|||3|||2|||12|||4
out|||3|||2|||32|||4
println|||3|||2|||34|||4
args|||4|||3|||12|||4
out|||4|||3|||29|||4
println|||4|||3|||31|||4
args|||5|||4|||12|||4
out|||5|||4|||34|||4
println|||5|||4|||36|||4
args|||6|||5|||12|||4
out|||6|||5|||37|||4
println|||6|||5|||39|||4
args|||7|||6|||12|||4
out|||7|||6|||35|||4
println|||7|||6|||37|||4
args|||8|||7|||12|||4
out|||8|||7|||40|||4
println|||8|||7|||42|||4
args|||9|||8|||12|||4
out|||9|||8|||32|||4
println|||9|||8|||34|||4
args|||10|||9|||12|||4
out|||10|||9|||32|||4
println|||10|||9|||34|||4
args|||11|||10|||12|||4
out|||11|||10|||22|||4
println|||11|||10|||24|||4
args|||12|||11|||12|||4
out|||12|||11|||22|||4
println|||12|||11|||24|||4
args|||13|||12|||12|||4
out|||13|||12|||37|||4
println|||13|||12|||39|||4
args|||14|||13|||12|||4
out|||14|||13|||37|||4
println|||14|||13|||39|||4
args|||15|||14|||12|||4
out|||15|||14|||32|||4
println|||15|||14|||34|||4
args|||16|||15|||12|||4
out|||16|||15|||29|||4
println|||16|||15|||31|||4
args|||17|||16|||12|||4
out|||17|||16|||34|||4
println|||17|||16|||36|||4
args|||18|||17|||12|||4
out|||18|||17|||37|||4
println|||18|||17|||39|||4
args|||19|||18|||12|||4
out|||19|||18|||41|||4
println|||19|||18|||43|||4
args|||20|||19|||12|||4
out|||20|||19|||46|||4
println|||20|||19|||48|||4
args|||21|||20|||12|||4
out|||21|||20|||32|||4
println|||21|||20|||34|||4
args|||22|||21|||12|||4
out|||22|||21|||32|||4
println|||22|||21|||34|||4
args|||23|||22|||12|||4
out|||23|||22|||22|||4
println|||23|||22|||24|||4
args|||24|||23|||12|||4
out|||24|||23|||22|||4
println|||24|||23|||24|||4
int|||1|||0|||15|||1
int|||2|||0|||22|||1
int|||3|||1|||15|||1
int|||4|||1|||22|||1
int|||5|||2|||17|||1
int|||6|||3|||15|||1
int|||7|||4|||15|||1
int|||8|||4|||20|||1
int|||9|||5|||15|||1
int|||10|||5|||20|||1
int|||11|||6|||15|||1
int|||12|||6|||21|||1
int|||13|||7|||15|||1
int|||14|||7|||21|||1
int|||15|||8|||17|||1
int|||16|||9|||17|||1
int|||17|||10|||15|||1
int|||18|||11|||15|||1
int|||19|||12|||15|||1
int|||20|||12|||22|||1
int|||21|||13|||15|||1
int|||22|||13|||22|||1
int|||23|||14|||17|||1
int|||24|||15|||15|||1
int|||25|||16|||15|||1
int|||26|||16|||20|||1
int|||27|||17|||15|||1
int|||28|||17|||20|||1
int|||29|||18|||15|||1
int|||30|||19|||15|||1
int|||31|||20|||17|||1
int|||32|||21|||17|||1
int|||33|||22|||15|||1
int|||34|||23|||15|||1
;|||1|||0|||19|||9
;|||2|||0|||26|||9
;|||3|||0|||30|||9
;|||4|||0|||43|||9
;|||5|||1|||19|||9
;|||6|||1|||26|||9
;|||7|||1|||30|||9
;|||8|||1|||43|||9
;|||9|||2|||21|||9
;|||10|||2|||25|||9
;|||11|||2|||38|||9
;|||12|||3|||19|||9
;|||13|||3|||35|||9
;|||14|||3|||38|||9
;|||15|||4|||19|||9
;|||16|||4|||24|||9
;|||17|||4|||40|||9
;|||18|||5|||19|||9
;|||19|||5|||24|||9
;|||20|||5|||43|||9
;|||21|||6|||25|||9
;|||22|||6|||32|||9
;|||23|||6|||44|||9
;|||24|||7|||25|||9
;|||25|||7|||37|||9
;|||26|||7|||49|||9
;|||27|||8|||21|||9
;|||28|||8|||25|||9
;|||29|||8|||38|||9
;|||30|||9|||21|||9
;|||31|||9|||25|||9
;|||32|||9|||38|||9
;|||33|||10|||19|||9
;|||34|||10|||28|||9
;|||35|||11|||19|||9
;|||36|||11|||28|||9
;|||37|||12|||19|||9
;|||38|||12|||26|||9
;|||39|||12|||30|||9
;|||40|||12|||43|||9
;|||41|||13|||19|||9
;|||42|||13|||26|||9
;|||43|||13|||30|||9
;|||44|||13|||43|||9
;|||45|||14|||21|||9
;|||46|||14|||25|||9
;|||47|||14|||38|||9
;|||48|||15|||19|||9
;|||49|||15|||35|||9
;|||50|||15|||38|||9
;|||51|||16|||19|||9
;|||52|||16|||24|||9
;|||53|||16|||44|||9
;|||54|||17|||19|||9
;|||55|||17|||24|||9
;|||56|||17|||47|||9
;|||57|||18|||31|||9
;|||58|||18|||38|||9
;|||59|||18|||50|||9
;|||60|||19|||31|||9
;|||61|||19|||43|||9
;|||62|||19|||55|||9
;|||63|||20|||21|||9
;|||64|||20|||25|||9
;|||65|||20|||38|||9
;|||66|||21|||21|||9
;|||67|||21|||25|||9
;|||68|||21|||38|||9
;|||69|||22|||19|||9
;|||70|||22|||28|||9
;|||71|||23|||19|||9
;|||72|||23|||28|||9
}|||1|||0|||44|||8
}|||2|||0|||45|||8
}|||3|||0|||46|||8
}|||4|||1|||44|||8
}|||5|||1|||45|||8
}|||6|||1|||46|||8
}|||7|||2|||39|||8
}|||8|||2|||40|||8
}|||9|||2|||41|||8
}|||10|||3|||39|||8
}|||11|||3|||40|||8
}|||12|||3|||41|||8
}|||13|||4|||41|||8
}|||14|||4|||42|||8
}|||15|||4|||43|||8
}|||16|||5|||44|||8
}|||17|||5|||45|||8
}|||18|||5|||46|||8
}|||19|||6|||45|||8
}|||20|||6|||46|||8
}|||21|||7|||50|||8
}|||22|||7|||51|||8
}|||23|||8|||39|||8
}|||24|||8|||40|||8
}|||25|||8|||41|||8
}|||26|||9|||39|||8
}|||27|||9|||40|||8
}|||28|||9|||41|||8
}|||29|||10|||29|||8
}|||30|||10|||30|||8
}|||31|||11|||29|||8
}|||32|||11|||30|||8
}|||33|||12|||44|||8
}|||34|||12|||45|||8
}|||35|||12|||46|||8
}|||36|||13|||44|||8
}|||37|||13|||45|||8
}|||38|||13|||46|||8
}|||39|||14|||39|||8
}|||40|||14|||40|||8
}|||41|||14|||41|||8
}|||42|||15|||39|||8
}|||43|||15|||40|||8
}|||44|||15|||41|||8
}|||45|||16|||45|||8
}|||46|||16|||46|||8
}|||47|||16|||47|||8
}|||48|||17|||48|||8
}|||49|||17|||49|||8
}|||50|||17|||50|||8
}|||51|||18|||30|||8
}|||52|||18|||51|||8
}|||53|||18|||52|||8
}|||54|||19|||30|||8
}|||55|||19|||56|||8
}|||56|||19|||57|||8
}|||57|||20|||39|||8
}|||58|||20|||40|||8
}|||59|||20|||41|||8
}|||60|||21|||39|||8
}|||61|||21|||40|||8
}|||62|||21|||41|||8
}|||63|||22|||29|||8
}|||64|||22|||30|||8
}|||65|||23|||29|||8
}|||66|||23|||30|||8
