for|||1|||0|||0|||8
(|||1|||0|||1|||8
for|||2|||1|||5|||8
(|||3|||1|||6|||8
for|||3|||2|||0|||8
(|||4|||2|||1|||8
for|||4|||3|||0|||8
(|||6|||3|||1|||8
for|||5|||4|||5|||8
(|||8|||4|||6|||8
for|||6|||5|||17|||8
(|||9|||5|||18|||8
for|||7|||6|||0|||8
(|||11|||6|||1|||8
for|||8|||7|||5|||8
(|||13|||7|||6|||8
for|||9|||8|||11|||8
(|||14|||8|||12|||8
for|||10|||9|||9|||8
(|||16|||9|||10|||8
for|||11|||10|||9|||8
(|||17|||10|||10|||8
for|||12|||11|||8|||8
(|||18|||11|||9|||8
if|||1|||11|||24|||8
(|||19|||11|||25|||8
for|||13|||12|||8|||8
(|||20|||12|||9|||8
if|||2|||12|||24|||8
(|||21|||12|||25|||8
for|||14|||13|||9|||8
(|||22|||13|||10|||8
for|||15|||14|||9|||8
(|||23|||14|||10|||8
if|||3|||14|||25|||8
(|||24|||14|||26|||8
for|||16|||15|||0|||8
(|||25|||15|||1|||8
for|||17|||16|||12|||8
(|||26|||16|||13|||8
if|||4|||16|||30|||8
(|||28|||16|||31|||8
for|||18|||17|||13|||8
(|||31|||17|||14|||8
for|||19|||18|||13|||8
(|||32|||18|||14|||8
for|||20|||19|||7|||8
(|||33|||19|||8|||8
for|||21|||20|||0|||8
(|||38|||20|||1|||8
for|||22|||20|||18|||8
(|||39|||20|||19|||8
if|||5|||20|||38|||8
(|||40|||20|||39|||8
for|||23|||21|||0|||8
(|||41|||21|||1|||8
for|||24|||21|||24|||8
(|||42|||21|||25|||8
if|||6|||21|||42|||8
(|||43|||21|||43|||8
for|||25|||22|||0|||8
(|||44|||22|||1|||8
while|||1|||22|||31|||8
(|||45|||22|||32|||8
for|||26|||23|||0|||8
(|||46|||23|||1|||8
for|||27|||23|||20|||8
(|||47|||23|||21|||8
for|||28|||24|||17|||8
(|||52|||24|||18|||8
for|||29|||25|||9|||8
(|||56|||25|||10|||8
for|||30|||26|||14|||8
(|||57|||26|||15|||8
if|||7|||26|||32|||8
(|||59|||26|||33|||8
for|||31|||27|||7|||8
(|||61|||27|||8|||8
for|||32|||28|||0|||8
(|||67|||28|||1|||8
for|||33|||28|||20|||8
(|||68|||28|||21|||8
if|||8|||28|||36|||8
(|||69|||28|||37|||8
if|||9|||28|||48|||8
(|||70|||28|||49|||8
for|||34|||29|||21|||8
(|||73|||29|||22|||8
while|||2|||30|||5|||8
(|||75|||30|||6|||8
while|||3|||31|||9|||8
(|||77|||31|||10|||8
while|||4|||32|||5|||8
(|||78|||32|||6|||8
while|||5|||33|||5|||8
(|||80|||33|||6|||8
while|||6|||34|||9|||8
(|||82|||34|||10|||8
while|||7|||35|||22|||8
(|||83|||35|||23|||8
while|||8|||36|||9|||8
(|||85|||36|||10|||8
while|||9|||37|||9|||8
(|||87|||37|||10|||8
while|||10|||38|||15|||8
(|||88|||38|||16|||8
while|||11|||39|||9|||8
(|||90|||39|||10|||8
while|||12|||40|||9|||8
(|||91|||40|||10|||8
while|||13|||41|||12|||8
(|||92|||41|||13|||8
if|||10|||41|||21|||8
(|||93|||41|||22|||8
while|||14|||42|||12|||8
(|||94|||42|||13|||8
if|||11|||42|||21|||8
(|||95|||42|||22|||8
while|||15|||43|||11|||8
(|||96|||43|||12|||8
while|||16|||44|||13|||8
(|||97|||44|||14|||8
if|||12|||44|||22|||8
(|||98|||44|||23|||8
while|||17|||45|||7|||8
(|||99|||45|||8|||8
while|||18|||46|||16|||8
(|||100|||46|||17|||8
if|||13|||46|||27|||8
(|||102|||46|||28|||8
while|||19|||47|||13|||8
(|||105|||47|||14|||8
while|||20|||48|||17|||8
(|||106|||48|||18|||8
while|||21|||49|||12|||8
(|||107|||49|||13|||8
while|||22|||50|||5|||8
(|||112|||50|||6|||8
while|||23|||50|||21|||8
(|||113|||50|||22|||8
if|||14|||50|||34|||8
(|||114|||50|||35|||8
while|||24|||51|||5|||8
(|||115|||51|||6|||8
while|||25|||51|||27|||8
(|||116|||51|||28|||8
if|||15|||51|||36|||8
(|||117|||51|||37|||8
while|||26|||52|||5|||8
(|||118|||52|||6|||8
while|||27|||52|||28|||8
(|||119|||52|||29|||8
while|||28|||53|||5|||8
(|||120|||53|||6|||8
while|||29|||53|||21|||8
(|||121|||53|||22|||8
while|||30|||54|||21|||8
(|||126|||54|||22|||8
while|||31|||55|||9|||8
(|||130|||55|||10|||8
while|||32|||56|||18|||8
(|||131|||56|||19|||8
if|||16|||56|||29|||8
(|||133|||56|||30|||8
while|||33|||57|||12|||8
(|||135|||57|||13|||8
while|||34|||58|||5|||8
(|||141|||58|||6|||8
while|||35|||58|||21|||8
(|||142|||58|||22|||8
if|||17|||58|||30|||8
(|||143|||58|||31|||8
if|||18|||58|||46|||8
(|||144|||58|||47|||8
while|||36|||59|||21|||8
(|||147|||59|||22|||8
int|||1|||0|||2|||3
int|||2|||1|||0|||3
int|||3|||1|||7|||3
int|||4|||2|||2|||3
int|||5|||3|||2|||3
int|||6|||4|||0|||3
int|||7|||4|||7|||3
int|||8|||5|||0|||3
int|||9|||5|||19|||3
int|||10|||6|||2|||3
int|||11|||7|||0|||3
int|||12|||7|||7|||3
int|||13|||8|||0|||3
int|||14|||8|||13|||3
int|||15|||9|||0|||3
int|||16|||10|||0|||3
int|||17|||11|||0|||3
int|||18|||11|||10|||3
int|||19|||12|||0|||3
int|||20|||12|||10|||3
int|||21|||13|||0|||3
int|||22|||13|||11|||3
int|||23|||14|||0|||3
int|||24|||14|||11|||3
int|||25|||15|||2|||3
String|||1|||16|||0|||3
int|||26|||16|||7|||3
int|||27|||16|||14|||3
int|||28|||17|||0|||3
int|||29|||18|||0|||3
int|||30|||18|||15|||3
String|||2|||19|||0|||3
int|||31|||19|||9|||3
int|||32|||19|||32|||3
int|||33|||20|||2|||3
int|||34|||20|||20|||3
int|||35|||20|||53|||3
int|||36|||21|||2|||3
int|||37|||21|||19|||3
int|||38|||21|||26|||3
int|||39|||21|||58|||3
int|||40|||22|||2|||3
int|||41|||22|||17|||3
int|||42|||23|||2|||3
int|||43|||23|||15|||3
int|||44|||23|||22|||3
int|||45|||24|||0|||3
int|||46|||24|||19|||3
int|||47|||25|||0|||3
String|||3|||26|||0|||3
int|||48|||26|||9|||3
int|||49|||26|||16|||3
String|||4|||27|||0|||3
int|||50|||27|||9|||3
char|||1|||27|||32|||3
int|||51|||28|||2|||3
int|||52|||28|||15|||3
int|||53|||28|||22|||3
int|||54|||29|||0|||3
int|||55|||30|||0|||3
int|||56|||31|||0|||3
int|||57|||32|||0|||3
int|||58|||33|||0|||3
int|||59|||34|||0|||3
int|||60|||35|||0|||3
int|||61|||35|||17|||3
int|||62|||36|||0|||3
int|||63|||37|||0|||3
int|||64|||38|||0|||3
int|||65|||39|||0|||3
int|||66|||40|||0|||3
int|||67|||41|||0|||3
int|||68|||42|||0|||3
int|||69|||43|||0|||3
int|||70|||44|||0|||3
int|||71|||45|||0|||3
String|||5|||46|||0|||3
int|||72|||46|||7|||3
int|||73|||47|||0|||3
int|||74|||48|||0|||3
String|||6|||49|||0|||3
int|||75|||49|||7|||3
int|||76|||49|||30|||3
int|||77|||50|||0|||3
int|||78|||50|||16|||3
int|||79|||50|||49|||3
int|||80|||51|||0|||3
int|||81|||51|||16|||3
int|||82|||51|||56|||3
int|||83|||52|||0|||3
int|||84|||52|||14|||3
int|||85|||53|||0|||3
int|||86|||53|||12|||3
int|||87|||54|||0|||3
int|||88|||55|||0|||3
String|||7|||56|||0|||3
int|||89|||56|||9|||3
String|||8|||57|||0|||3
int|||90|||57|||7|||3
char|||2|||57|||30|||3
int|||91|||58|||0|||3
int|||92|||58|||12|||3
int|||93|||59|||0|||3
i|||1|||0|||3|||0
i|||2|||0|||7|||0
i|||3|||0|||11|||0
i|||4|||0|||20|||0
i|||5|||1|||8|||0
i|||6|||1|||12|||0
i|||7|||1|||16|||0
i|||8|||1|||21|||0
i|||9|||2|||3|||0
i|||10|||2|||7|||0
i|||11|||2|||11|||0
i|||12|||2|||21|||0
i|||13|||3|||3|||0
i|||14|||3|||7|||0
i|||15|||3|||11|||0
i|||16|||3|||21|||0
i|||17|||4|||8|||0
i|||18|||4|||12|||0
i|||19|||4|||16|||0
i|||20|||4|||21|||0
i|||21|||5|||20|||0
i|||22|||5|||24|||0
i|||23|||5|||30|||0
i|||24|||5|||41|||0
i|||25|||6|||3|||0
i|||26|||6|||11|||0
i|||27|||6|||15|||0
i|||28|||6|||26|||0
i|||29|||7|||8|||0
i|||30|||7|||12|||0
i|||31|||7|||18|||0
i|||32|||7|||25|||0
i|||33|||8|||14|||0
i|||34|||8|||18|||0
i|||35|||8|||22|||0
i|||36|||11|||11|||0
i|||37|||11|||15|||0
i|||38|||11|||21|||0
i|||39|||11|||28|||0
i|||40|||11|||37|||0
i|||41|||12|||11|||0
i|||42|||12|||15|||0
i|||43|||12|||21|||0
i|||44|||12|||28|||0
i|||45|||12|||37|||0
i|||46|||14|||12|||0
i|||47|||14|||16|||0
i|||48|||14|||22|||0
i|||49|||14|||29|||0
i|||50|||15|||3|||0
i|||51|||15|||9|||0
i|||52|||15|||17|||0
i|||53|||15|||25|||0
i|||54|||15|||30|||0
i|||55|||15|||39|||0
i|||56|||15|||50|||0
i|||57|||16|||15|||0
i|||58|||16|||19|||0
i|||59|||16|||27|||0
i|||60|||16|||42|||0
i|||61|||18|||16|||0
i|||62|||18|||20|||0
i|||63|||18|||24|||0
i|||64|||19|||10|||0
i|||65|||19|||14|||0
i|||66|||19|||22|||0
i|||67|||19|||38|||0
i|||68|||20|||3|||0
i|||69|||20|||7|||0
i|||70|||20|||15|||0
i|||71|||20|||31|||0
i|||72|||21|||3|||0
i|||73|||21|||7|||0
i|||74|||21|||15|||0
i|||75|||21|||22|||0
i|||76|||21|||29|||0
i|||77|||21|||63|||0
i|||78|||21|||68|||0
i|||79|||22|||3|||0
i|||80|||22|||7|||0
i|||81|||22|||13|||0
i|||82|||22|||22|||0
i|||83|||22|||27|||0
i|||84|||23|||3|||0
i|||85|||23|||7|||0
i|||86|||23|||11|||0
i|||87|||23|||29|||0
i|||88|||23|||52|||0
i|||89|||24|||20|||0
i|||90|||24|||24|||0
i|||91|||24|||28|||0
i|||92|||24|||37|||0
i|||93|||24|||43|||0
i|||94|||26|||17|||0
i|||95|||26|||21|||0
i|||96|||26|||29|||0
i|||97|||26|||38|||0
i|||98|||27|||10|||0
i|||99|||27|||14|||0
i|||100|||27|||22|||0
i|||101|||27|||39|||0
i|||102|||28|||3|||0
i|||103|||28|||7|||0
i|||104|||28|||11|||0
i|||105|||28|||29|||0
i|||106|||28|||38|||0
i|||107|||28|||60|||0
i|||108|||30|||1|||0
i|||109|||30|||7|||0
i|||110|||30|||18|||0
i|||111|||30|||24|||0
i|||112|||31|||5|||0
i|||113|||31|||11|||0
i|||114|||31|||18|||0
i|||115|||31|||20|||0
i|||116|||32|||1|||0
i|||117|||32|||7|||0
i|||118|||32|||18|||0
i|||119|||32|||24|||0
i|||120|||33|||1|||0
i|||121|||33|||7|||0
i|||122|||33|||18|||0
i|||123|||33|||24|||0
i|||124|||34|||5|||0
i|||125|||34|||11|||0
i|||126|||34|||18|||0
i|||127|||34|||20|||0
i|||128|||35|||18|||0
i|||129|||35|||24|||0
i|||130|||35|||39|||0
i|||131|||35|||46|||0
i|||132|||36|||1|||0
i|||133|||36|||11|||0
i|||134|||36|||24|||0
i|||135|||36|||31|||0
i|||136|||37|||5|||0
i|||137|||37|||11|||0
i|||138|||37|||22|||0
i|||139|||37|||25|||0
i|||140|||38|||11|||0
i|||141|||38|||17|||0
i|||142|||38|||48|||0
i|||143|||41|||8|||0
i|||144|||41|||14|||0
i|||145|||41|||25|||0
i|||146|||41|||34|||0
i|||147|||41|||37|||0
i|||148|||42|||8|||0
i|||149|||42|||14|||0
i|||150|||42|||25|||0
i|||151|||42|||34|||0
i|||152|||42|||37|||0
i|||153|||44|||9|||0
i|||154|||44|||15|||0
i|||155|||44|||26|||0
i|||156|||44|||34|||0
i|||157|||45|||1|||0
i|||158|||45|||9|||0
i|||159|||45|||22|||0
i|||160|||45|||27|||0
i|||161|||45|||36|||0
i|||162|||45|||47|||0
i|||163|||45|||54|||0
i|||164|||46|||12|||0
i|||165|||46|||18|||0
i|||166|||46|||39|||0
i|||167|||46|||49|||0
i|||168|||48|||13|||0
i|||169|||48|||19|||0
i|||170|||48|||28|||0
i|||171|||49|||8|||0
i|||172|||49|||14|||0
i|||173|||49|||36|||0
i|||174|||49|||43|||0
i|||175|||50|||1|||0
i|||176|||50|||7|||0
i|||177|||50|||29|||0
i|||178|||50|||83|||0
i|||179|||51|||1|||0
i|||180|||51|||7|||0
i|||181|||51|||19|||0
i|||182|||51|||23|||0
i|||183|||51|||61|||0
i|||184|||51|||66|||0
i|||185|||51|||81|||0
i|||186|||52|||1|||0
i|||187|||52|||7|||0
i|||188|||52|||19|||0
i|||189|||52|||24|||0
i|||190|||52|||67|||0
i|||191|||53|||1|||0
i|||192|||53|||7|||0
i|||193|||53|||25|||0
i|||194|||53|||45|||0
i|||195|||53|||68|||0
i|||196|||54|||17|||0
i|||197|||54|||23|||0
i|||198|||54|||33|||0
i|||199|||54|||39|||0
i|||200|||54|||44|||0
i|||201|||56|||14|||0
i|||202|||56|||20|||0
i|||203|||56|||35|||0
i|||204|||56|||44|||0
i|||205|||57|||8|||0
i|||206|||57|||14|||0
i|||207|||57|||37|||0
i|||208|||57|||44|||0
i|||209|||58|||1|||0
i|||210|||58|||7|||0
i|||211|||58|||25|||0
i|||212|||58|||32|||0
i|||213|||58|||58|||0
i|||214|||58|||64|||0
=|||1|||0|||4|||4
=|||2|||1|||2|||4
=|||3|||1|||9|||4
=|||4|||2|||4|||4
=|||5|||3|||4|||4
=|||6|||4|||2|||4
=|||7|||4|||9|||4
=|||8|||5|||4|||4
=|||9|||5|||21|||4
=|||10|||6|||4|||4
=|||11|||7|||2|||4
=|||12|||7|||9|||4
=|||13|||8|||2|||4
,|||5|||8|||4|||4
=|||14|||8|||6|||4
,|||6|||8|||8|||4
=|||15|||8|||15|||4
=|||19|||9|||2|||4
,|||7|||9|||4|||4
=|||20|||9|||6|||4
=|||21|||10|||2|||4
,|||8|||10|||4|||4
=|||22|||10|||6|||4
=|||25|||11|||12|||4
=|||28|||12|||12|||4
=|||30|||13|||2|||4
,|||9|||13|||4|||4
=|||31|||13|||6|||4
,|||10|||13|||21|||4
,|||11|||13|||27|||4
=|||35|||14|||2|||4
,|||12|||14|||4|||4
=|||36|||14|||6|||4
=|||37|||14|||13|||4
=|||39|||15|||4|||4
,|||13|||15|||6|||4
=|||43|||16|||2|||4
=|||44|||16|||9|||4
=|||45|||16|||16|||4
=|||46|||17|||2|||4
,|||14|||17|||4|||4
=|||47|||17|||6|||4
,|||15|||17|||8|||4
=|||48|||17|||10|||4
=|||50|||18|||2|||4
,|||16|||18|||4|||4
=|||51|||18|||6|||4
,|||17|||18|||8|||4
=|||52|||18|||10|||4
=|||53|||18|||17|||4
=|||54|||19|||2|||4
=|||55|||19|||11|||4
=|||56|||20|||4|||4
=|||57|||20|||22|||4
=|||61|||21|||4|||4
=|||63|||21|||28|||4
=|||68|||22|||4|||4
,|||18|||22|||24|||4
=|||73|||23|||4|||4
=|||74|||23|||17|||4
=|||75|||23|||24|||4
=|||77|||24|||2|||4
,|||19|||24|||4|||4
=|||78|||24|||6|||4
,|||20|||24|||8|||4
=|||79|||24|||10|||4
,|||21|||24|||12|||4
=|||80|||24|||14|||4
=|||81|||24|||21|||4
=|||82|||25|||2|||4
,|||22|||25|||4|||4
=|||83|||25|||6|||4
=|||84|||26|||2|||4
=|||85|||26|||11|||4
=|||86|||26|||18|||4
=|||87|||27|||2|||4
=|||88|||27|||11|||4
=|||89|||28|||4|||4
=|||90|||28|||17|||4
=|||91|||28|||24|||4
=|||93|||29|||2|||4
,|||23|||29|||4|||4
=|||94|||29|||6|||4
,|||24|||29|||8|||4
=|||96|||30|||2|||4
=|||97|||31|||2|||4
,|||25|||31|||4|||4
=|||98|||31|||6|||4
=|||99|||32|||2|||4
=|||100|||33|||2|||4
=|||101|||34|||2|||4
,|||26|||34|||4|||4
=|||102|||34|||6|||4
=|||103|||35|||4|||4
=|||104|||35|||19|||4
=|||106|||37|||2|||4
,|||31|||37|||4|||4
=|||107|||37|||6|||4
=|||108|||38|||2|||4
,|||32|||38|||4|||4
=|||109|||38|||6|||4
,|||33|||38|||8|||4
,|||34|||38|||10|||4
=|||110|||38|||12|||4
=|||114|||39|||2|||4
,|||35|||39|||4|||4
=|||115|||39|||6|||4
=|||116|||40|||2|||4
,|||36|||40|||4|||4
=|||117|||40|||6|||4
,|||37|||41|||7|||4
=|||120|||41|||9|||4
,|||38|||42|||7|||4
=|||123|||42|||9|||4
=|||125|||43|||2|||4
,|||39|||43|||4|||4
=|||126|||43|||6|||4
,|||40|||43|||8|||4
=|||130|||44|||2|||4
,|||41|||44|||4|||4
=|||131|||44|||6|||4
,|||42|||44|||8|||4
=|||132|||44|||10|||4
=|||134|||45|||2|||4
,|||43|||45|||4|||4
=|||138|||46|||2|||4
=|||139|||46|||9|||4
,|||44|||46|||11|||4
=|||140|||46|||13|||4
=|||141|||47|||2|||4
,|||45|||47|||4|||4
=|||142|||47|||6|||4
,|||46|||47|||8|||4
=|||143|||47|||10|||4
=|||145|||48|||2|||4
,|||47|||48|||4|||4
=|||146|||48|||6|||4
,|||48|||48|||8|||4
=|||147|||48|||10|||4
,|||49|||48|||12|||4
=|||148|||48|||14|||4
=|||149|||49|||2|||4
=|||150|||49|||9|||4
=|||151|||50|||2|||4
=|||152|||50|||18|||4
=|||156|||51|||2|||4
,|||50|||51|||20|||4
=|||163|||52|||2|||4
,|||51|||52|||21|||4
=|||168|||53|||2|||4
=|||169|||53|||14|||4
,|||52|||53|||16|||4
=|||170|||53|||18|||4
=|||172|||54|||2|||4
,|||53|||54|||4|||4
=|||173|||54|||6|||4
,|||54|||54|||8|||4
=|||174|||54|||10|||4
,|||55|||54|||12|||4
=|||175|||54|||14|||4
,|||56|||54|||16|||4
=|||176|||54|||18|||4
=|||177|||55|||2|||4
,|||57|||55|||4|||4
=|||178|||55|||6|||4
=|||179|||56|||2|||4
=|||180|||56|||11|||4
,|||58|||56|||13|||4
=|||181|||56|||15|||4
=|||182|||57|||2|||4
=|||183|||57|||9|||4
=|||184|||58|||2|||4
=|||185|||58|||14|||4
,|||59|||58|||16|||4
=|||186|||58|||18|||4
=|||188|||59|||2|||4
,|||60|||59|||4|||4
=|||189|||59|||6|||4
,|||61|||59|||8|||4
1|||1|||0|||5|||2
5|||1|||0|||9|||2
0|||1|||1|||3|||2
1|||2|||1|||10|||2
5|||2|||1|||14|||2
2|||1|||2|||5|||2
10|||1|||2|||9|||2
2|||2|||2|||13|||2
1|||3|||3|||5|||2
10|||2|||3|||9|||2
2|||3|||3|||13|||2
1|||4|||4|||3|||2
1|||5|||4|||10|||2
5|||3|||4|||14|||2
0|||2|||5|||22|||2
1|||7|||6|||9|||2
0|||3|||6|||13|||2
0|||4|||7|||3|||2
0|||5|||7|||10|||2
0|||6|||8|||3|||2
1|||8|||8|||7|||2
0|||7|||8|||16|||2
5|||5|||8|||20|||2
12345|||1|||9|||3|||2
0|||8|||9|||7|||2
0|||9|||9|||14|||2
10|||3|||9|||18|||2
0|||10|||10|||3|||2
1234|||1|||10|||7|||2
0|||11|||10|||14|||2
10|||4|||10|||18|||2
10|||5|||10|||24|||2
10|||6|||10|||28|||2
0|||12|||11|||5|||2
1|||9|||11|||13|||2
0|||13|||12|||5|||2
1|||10|||12|||13|||2
24|||1|||13|||3|||2
36|||1|||13|||7|||2
0|||14|||13|||16|||2
17|||1|||14|||3|||2
1|||11|||14|||7|||2
2|||5|||14|||14|||2
2|||6|||14|||20|||2
0|||15|||14|||31|||2
0|||16|||14|||35|||2
0|||17|||15|||5|||2
2|||7|||15|||15|||2
1|||12|||15|||41|||2
1|||13|||15|||52|||2
0|||18|||16|||10|||2
0|||19|||16|||17|||2
1|||14|||16|||47|||2
121|||1|||17|||3|||2
0|||20|||17|||7|||2
0|||21|||17|||18|||2
10|||7|||17|||22|||2
10|||8|||17|||28|||2
10|||9|||17|||32|||2
2|||8|||18|||3|||2
1|||15|||18|||11|||2
0|||22|||18|||18|||2
0|||23|||19|||12|||2
0|||24|||20|||5|||2
1|||16|||20|||13|||2
0|||25|||20|||23|||2
1|||17|||20|||33|||2
1|||18|||20|||49|||2
1|||19|||20|||70|||2
1|||20|||20|||77|||2
0|||26|||21|||5|||2
1|||21|||21|||13|||2
1|||22|||21|||31|||2
1|||23|||22|||5|||2
1|||24|||22|||29|||2
0|||27|||22|||35|||2
1|||25|||22|||48|||2
1|||26|||22|||61|||2
0|||28|||23|||5|||2
5|||6|||23|||9|||2
1|||27|||23|||18|||2
0|||29|||23|||25|||2
1|||28|||23|||60|||2
5|||7|||24|||3|||2
2|||9|||24|||7|||2
1|||29|||24|||11|||2
1|||30|||24|||15|||2
0|||30|||24|||22|||2
1|||31|||24|||45|||2
123|||1|||25|||3|||2
0|||31|||25|||7|||2
0|||32|||25|||14|||2
10|||10|||25|||18|||2
10|||11|||25|||24|||2
1|||32|||26|||12|||2
0|||33|||26|||19|||2
0|||34|||27|||12|||2
32|||1|||27|||42|||2
2|||10|||28|||5|||2
50|||1|||28|||9|||2
1|||33|||28|||18|||2
2|||11|||28|||25|||2
2|||12|||28|||31|||2
0|||35|||28|||42|||2
0|||36|||28|||46|||2
1|||34|||28|||52|||2
12|||1|||29|||3|||2
18|||1|||29|||7|||2
0|||37|||29|||28|||2
0|||38|||29|||34|||2
1|||35|||30|||3|||2
5|||8|||30|||9|||2
0|||39|||31|||3|||2
1|||36|||31|||7|||2
5|||9|||31|||13|||2
2|||13|||32|||3|||2
10|||12|||32|||9|||2
2|||14|||32|||26|||2
1|||37|||33|||3|||2
10|||13|||33|||9|||2
2|||15|||33|||26|||2
1|||38|||34|||3|||2
1|||39|||34|||7|||2
5|||10|||34|||13|||2
0|||40|||35|||20|||2
1|||41|||36|||7|||2
0|||41|||36|||13|||2
0|||42|||37|||3|||2
0|||43|||37|||7|||2
0|||44|||38|||3|||2
1|||42|||38|||7|||2
0|||45|||38|||13|||2
5|||12|||38|||19|||2
12345|||2|||39|||3|||2
0|||46|||39|||7|||2
0|||47|||39|||13|||2
10|||14|||39|||21|||2
0|||48|||40|||3|||2
1234|||2|||40|||7|||2
0|||49|||40|||13|||2
10|||15|||40|||20|||2
10|||16|||40|||24|||2
10|||17|||40|||28|||2
0|||50|||41|||5|||2
1|||43|||41|||10|||2
0|||51|||42|||5|||2
1|||44|||42|||10|||2
24|||2|||43|||3|||2
36|||2|||43|||7|||2
0|||52|||43|||15|||2
17|||2|||44|||3|||2
1|||45|||44|||7|||2
2|||17|||44|||11|||2
2|||18|||44|||19|||2
0|||53|||44|||28|||2
0|||54|||44|||32|||2
0|||55|||45|||3|||2
2|||19|||45|||15|||2
1|||46|||45|||38|||2
1|||47|||45|||49|||2
0|||56|||46|||10|||2
0|||57|||46|||14|||2
1|||48|||46|||44|||2
121|||2|||47|||3|||2
0|||58|||47|||7|||2
0|||59|||47|||17|||2
10|||18|||47|||24|||2
10|||19|||47|||28|||2
10|||20|||47|||32|||2
2|||20|||48|||3|||2
1|||49|||48|||11|||2
0|||60|||48|||15|||2
0|||61|||49|||10|||2
0|||62|||50|||3|||2
1|||50|||50|||13|||2
0|||63|||50|||19|||2
1|||51|||50|||31|||2
1|||52|||50|||45|||2
1|||53|||50|||66|||2
1|||54|||50|||73|||2
0|||64|||51|||3|||2
1|||55|||51|||13|||2
1|||56|||51|||25|||2
1|||57|||52|||3|||2
1|||58|||52|||26|||2
0|||65|||52|||32|||2
1|||59|||52|||46|||2
1|||60|||52|||62|||2
0|||66|||53|||3|||2
5|||13|||53|||9|||2
1|||61|||53|||15|||2
0|||67|||53|||19|||2
1|||62|||53|||53|||2
5|||14|||54|||3|||2
2|||21|||54|||7|||2
1|||63|||54|||11|||2
1|||64|||54|||15|||2
0|||68|||54|||19|||2
1|||65|||54|||41|||2
123|||2|||55|||3|||2
0|||69|||55|||7|||2
0|||70|||55|||13|||2
10|||21|||55|||20|||2
10|||22|||55|||24|||2
1|||66|||56|||12|||2
0|||71|||56|||16|||2
0|||72|||57|||10|||2
32|||2|||57|||40|||2
2|||22|||58|||3|||2
50|||2|||58|||9|||2
1|||67|||58|||15|||2
2|||23|||58|||19|||2
2|||24|||58|||27|||2
0|||73|||58|||36|||2
0|||74|||58|||40|||2
1|||68|||58|||50|||2
12|||2|||59|||3|||2
18|||2|||59|||7|||2
0|||75|||59|||27|||2
0|||76|||59|||33|||2
;|||1|||0|||6|||9
<=|||1|||0|||8|||9
;|||2|||0|||10|||9
++|||1|||0|||12|||9
;|||5|||1|||11|||9
<=|||2|||1|||13|||9
;|||6|||1|||15|||9
++|||2|||1|||17|||9
;|||8|||2|||6|||9
<=|||3|||2|||8|||9
;|||9|||2|||10|||9
;|||11|||3|||6|||9
<=|||4|||3|||8|||9
;|||12|||3|||10|||9
;|||15|||4|||11|||9
<=|||5|||4|||13|||9
;|||16|||4|||15|||9
++|||3|||4|||17|||9
;|||19|||5|||23|||9
<|||1|||5|||25|||9
;|||20|||5|||29|||9
++|||4|||5|||31|||9
;|||22|||6|||10|||9
;|||23|||6|||14|||9
--|||1|||6|||16|||9
;|||26|||7|||11|||9
<|||2|||7|||13|||9
;|||27|||7|||17|||9
++|||5|||7|||19|||9
;|||30|||8|||17|||9
<|||3|||8|||19|||9
;|||31|||8|||21|||9
++|||6|||8|||23|||9
;|||37|||9|||11|||9
;|||38|||9|||15|||9
++|||7|||9|||21|||9
;|||41|||10|||11|||9
;|||42|||10|||15|||9
;|||45|||11|||14|||9
<|||4|||11|||16|||9
;|||46|||11|||20|||9
++|||8|||11|||22|||9
;|||49|||12|||14|||9
<|||5|||12|||16|||9
;|||50|||12|||20|||9
++|||9|||12|||22|||9
;|||53|||13|||13|||9
;|||54|||13|||17|||9
;|||57|||14|||15|||9
<=|||6|||14|||17|||9
;|||58|||14|||21|||9
++|||10|||14|||23|||9
;|||60|||15|||8|||9
<|||7|||15|||10|||9
;|||61|||15|||16|||9
++|||11|||15|||18|||9
;|||67|||16|||18|||9
<|||8|||16|||20|||9
;|||68|||16|||26|||9
++|||12|||16|||28|||9
++|||13|||16|||50|||9
;|||71|||17|||15|||9
;|||72|||17|||19|||9
;|||75|||18|||19|||9
<|||9|||18|||21|||9
;|||76|||18|||23|||9
++|||14|||18|||25|||9
;|||79|||19|||13|||9
<|||10|||19|||15|||9
;|||80|||19|||21|||9
++|||15|||19|||23|||9
;|||82|||20|||6|||9
<|||11|||20|||8|||9
;|||83|||20|||14|||9
++|||16|||20|||16|||9
;|||84|||20|||24|||9
<|||12|||20|||26|||9
;|||85|||20|||34|||9
++|||17|||20|||36|||9
;|||89|||21|||6|||9
<|||13|||21|||8|||9
;|||90|||21|||14|||9
++|||18|||21|||16|||9
;|||92|||21|||32|||9
<|||14|||21|||34|||9
;|||93|||21|||38|||9
++|||19|||21|||40|||9
;|||98|||22|||6|||9
<|||16|||22|||8|||9
;|||99|||22|||12|||9
++|||20|||22|||14|||9
--|||2|||22|||54|||9
;|||103|||23|||6|||9
<|||17|||23|||8|||9
;|||104|||23|||10|||9
++|||21|||23|||12|||9
;|||106|||23|||26|||9
<=|||7|||23|||28|||9
;|||107|||23|||30|||9
++|||22|||23|||32|||9
;|||112|||24|||23|||9
<|||18|||24|||25|||9
;|||113|||24|||27|||9
++|||23|||24|||29|||9
;|||118|||25|||11|||9
;|||119|||25|||15|||9
;|||123|||26|||20|||9
<|||19|||26|||22|||9
;|||124|||26|||28|||9
++|||24|||26|||30|||9
++|||25|||26|||45|||9
;|||127|||27|||13|||9
<|||20|||27|||15|||9
;|||128|||27|||21|||9
++|||26|||27|||23|||9
;|||130|||28|||6|||9
<=|||8|||28|||8|||9
;|||131|||28|||10|||9
++|||27|||28|||12|||9
;|||133|||28|||26|||9
<=|||9|||28|||28|||9
;|||134|||28|||32|||9
++|||28|||28|||34|||9
;|||138|||29|||23|||9
;|||139|||29|||35|||9
++|||29|||29|||37|||9
<=|||10|||30|||8|||9
++|||30|||30|||25|||9
<=|||11|||31|||12|||9
++|||31|||31|||21|||9
<=|||12|||32|||8|||9
<=|||13|||33|||8|||9
<=|||14|||34|||12|||9
++|||32|||34|||21|||9
<|||21|||35|||25|||9
++|||33|||35|||47|||9
--|||3|||36|||32|||9
<|||22|||37|||12|||9
++|||34|||37|||26|||9
<|||23|||38|||18|||9
++|||35|||38|||49|||9
++|||36|||39|||17|||9
<|||24|||41|||15|||9
++|||37|||41|||38|||9
<|||25|||42|||15|||9
++|||38|||42|||38|||9
<=|||15|||44|||16|||9
++|||39|||44|||35|||9
<|||27|||45|||10|||9
++|||40|||45|||55|||9
<|||28|||46|||19|||9
++|||41|||46|||47|||9
++|||42|||46|||50|||9
<|||29|||48|||20|||9
++|||43|||48|||29|||9
<|||30|||49|||15|||9
++|||44|||49|||44|||9
<|||31|||50|||8|||9
<|||32|||50|||24|||9
++|||45|||50|||80|||9
++|||46|||50|||84|||9
<|||33|||51|||8|||9
<|||34|||51|||30|||9
++|||47|||51|||53|||9
++|||48|||51|||82|||9
<|||36|||52|||8|||9
--|||4|||52|||55|||9
++|||49|||52|||68|||9
<|||37|||53|||8|||9
<=|||16|||53|||24|||9
++|||50|||53|||57|||9
++|||51|||53|||69|||9
<|||38|||54|||24|||9
++|||52|||54|||45|||9
<|||39|||56|||21|||9
++|||53|||56|||42|||9
++|||54|||56|||45|||9
<|||40|||57|||15|||9
++|||55|||57|||45|||9
<=|||17|||58|||8|||9
<=|||18|||58|||24|||9
++|||56|||58|||43|||9
++|||57|||58|||65|||9
++|||58|||59|||36|||9
)|||1|||0|||13|||6
)|||2|||0|||24|||6
)|||3|||1|||18|||6
)|||4|||2|||14|||6
)|||5|||2|||25|||6
)|||6|||3|||14|||6
)|||7|||3|||25|||6
)|||8|||4|||18|||6
)|||9|||5|||32|||6
]|||2|||5|||42|||6
)|||10|||5|||46|||6
)|||11|||6|||17|||6
]|||3|||6|||27|||6
)|||12|||6|||31|||6
)|||13|||7|||20|||6
]|||4|||7|||26|||6
)|||14|||8|||24|||6
{|||2|||8|||25|||6
)|||15|||8|||36|||6
)|||16|||9|||19|||6
)|||17|||10|||19|||6
]|||5|||11|||6|||6
)|||18|||11|||23|||6
]|||6|||11|||29|||6
)|||19|||11|||32|||6
]|||7|||11|||38|||6
]|||8|||12|||6|||6
)|||20|||12|||23|||6
]|||9|||12|||29|||6
)|||21|||12|||32|||6
]|||10|||12|||38|||6
)|||22|||13|||31|||6
)|||23|||14|||24|||6
)|||24|||14|||32|||6
)|||25|||15|||19|||6
{|||3|||15|||20|||6
]|||11|||15|||26|||6
]|||12|||15|||31|||6
]|||13|||15|||42|||6
]|||14|||15|||53|||6
)|||26|||16|||25|||6
)|||27|||16|||29|||6
)|||28|||16|||43|||6
)|||29|||16|||44|||6
)|||30|||16|||48|||6
)|||31|||17|||23|||6
)|||32|||18|||26|||6
)|||33|||19|||20|||6
)|||34|||19|||24|||6
)|||36|||19|||39|||6
)|||37|||19|||43|||6
)|||38|||20|||17|||6
)|||39|||20|||37|||6
]|||15|||20|||43|||6
]|||16|||20|||50|||6
)|||40|||20|||51|||6
{|||4|||20|||52|||6
]|||17|||20|||59|||6
]|||18|||20|||64|||6
]|||19|||20|||71|||6
]|||20|||20|||78|||6
)|||41|||21|||17|||6
{|||5|||21|||18|||6
)|||42|||21|||41|||6
]|||21|||21|||47|||6
]|||22|||21|||52|||6
)|||43|||21|||53|||6
]|||23|||21|||64|||6
]|||24|||21|||69|||6
]|||25|||21|||74|||6
]|||26|||21|||79|||6
)|||44|||22|||15|||6
{|||6|||22|||16|||6
]|||27|||22|||23|||6
]|||28|||22|||40|||6
)|||45|||22|||43|||6
]|||29|||22|||49|||6
]|||30|||22|||55|||6
]|||31|||22|||62|||6
)|||46|||23|||13|||6
{|||7|||23|||14|||6
)|||47|||23|||33|||6
{|||8|||23|||34|||6
)|||48|||23|||45|||6
)|||49|||23|||55|||6
)|||50|||23|||61|||6
)|||51|||23|||70|||6
)|||52|||24|||30|||6
{|||9|||24|||31|||6
)|||53|||24|||38|||6
)|||54|||24|||46|||6
)|||55|||24|||58|||6
)|||56|||25|||19|||6
)|||57|||26|||27|||6
)|||58|||26|||31|||6
)|||59|||26|||39|||6
)|||60|||26|||43|||6
)|||61|||27|||20|||6
)|||62|||27|||24|||6
)|||64|||27|||40|||6
)|||65|||27|||43|||6
)|||66|||27|||44|||6
)|||67|||28|||13|||6
{|||10|||28|||14|||6
)|||68|||28|||35|||6
)|||69|||28|||43|||6
)|||70|||28|||53|||6
)|||71|||28|||64|||6
)|||72|||29|||15|||6
)|||73|||29|||38|||6
)|||74|||29|||47|||6
)|||75|||30|||10|||6
{|||11|||30|||11|||6
)|||76|||30|||22|||6
)|||77|||31|||14|||6
{|||12|||31|||15|||6
)|||78|||32|||10|||6
{|||13|||32|||11|||6
)|||79|||32|||22|||6
)|||80|||33|||10|||6
{|||14|||33|||11|||6
)|||81|||33|||22|||6
)|||82|||34|||14|||6
{|||15|||34|||15|||6
)|||83|||35|||29|||6
{|||17|||35|||30|||6
]|||33|||35|||40|||6
)|||84|||35|||44|||6
)|||85|||36|||14|||6
{|||18|||36|||15|||6
]|||34|||36|||25|||6
)|||86|||36|||29|||6
)|||87|||37|||16|||6
{|||19|||37|||17|||6
]|||35|||37|||23|||6
)|||88|||38|||20|||6
{|||20|||38|||21|||6
)|||89|||38|||32|||6
)|||90|||39|||14|||6
{|||21|||39|||15|||6
)|||91|||40|||14|||6
{|||22|||40|||15|||6
]|||36|||41|||6|||6
)|||92|||41|||19|||6
{|||23|||41|||20|||6
]|||37|||41|||26|||6
)|||93|||41|||29|||6
]|||38|||41|||35|||6
]|||39|||42|||6|||6
)|||94|||42|||19|||6
{|||24|||42|||20|||6
]|||40|||42|||26|||6
)|||95|||42|||29|||6
]|||41|||42|||35|||6
)|||96|||43|||16|||6
{|||25|||43|||17|||6
)|||97|||44|||20|||6
{|||26|||44|||21|||6
)|||98|||44|||29|||6
)|||99|||45|||16|||6
{|||27|||45|||17|||6
]|||42|||45|||23|||6
]|||43|||45|||28|||6
]|||44|||45|||39|||6
]|||45|||45|||50|||6
)|||100|||46|||24|||6
)|||101|||46|||25|||6
{|||28|||46|||26|||6
)|||102|||46|||40|||6
)|||103|||46|||41|||6
)|||104|||46|||45|||6
)|||105|||47|||18|||6
{|||29|||47|||19|||6
)|||106|||48|||22|||6
{|||30|||48|||23|||6
)|||107|||49|||20|||6
)|||108|||49|||21|||6
{|||31|||49|||22|||6
)|||110|||49|||37|||6
)|||111|||49|||41|||6
)|||112|||50|||14|||6
{|||32|||50|||15|||6
)|||113|||50|||32|||6
{|||33|||50|||33|||6
]|||46|||50|||39|||6
]|||47|||50|||46|||6
)|||114|||50|||47|||6
{|||34|||50|||48|||6
]|||48|||50|||55|||6
]|||49|||50|||60|||6
]|||50|||50|||67|||6
]|||51|||50|||74|||6
)|||115|||51|||14|||6
{|||35|||51|||15|||6
)|||116|||51|||34|||6
{|||36|||51|||35|||6
]|||52|||51|||41|||6
]|||53|||51|||46|||6
)|||117|||51|||47|||6
]|||54|||51|||62|||6
]|||55|||51|||67|||6
]|||56|||51|||72|||6
]|||57|||51|||77|||6
)|||118|||52|||12|||6
{|||37|||52|||13|||6
]|||58|||52|||20|||6
]|||59|||52|||37|||6
)|||119|||52|||40|||6
{|||38|||52|||41|||6
]|||60|||52|||47|||6
]|||61|||52|||52|||6
]|||62|||52|||63|||6
)|||120|||53|||10|||6
{|||39|||53|||11|||6
)|||121|||53|||26|||6
{|||40|||53|||27|||6
)|||122|||53|||38|||6
)|||123|||53|||48|||6
)|||124|||53|||54|||6
)|||125|||53|||66|||6
)|||126|||54|||26|||6
{|||41|||54|||27|||6
)|||127|||54|||34|||6
)|||128|||54|||42|||6
)|||129|||54|||57|||6
)|||130|||55|||14|||6
{|||42|||55|||15|||6
)|||131|||56|||26|||6
)|||132|||56|||27|||6
{|||43|||56|||28|||6
)|||133|||56|||36|||6
)|||134|||56|||40|||6
)|||135|||57|||20|||6
)|||136|||57|||21|||6
{|||44|||57|||22|||6
)|||138|||57|||38|||6
)|||139|||57|||41|||6
)|||140|||57|||42|||6
)|||141|||58|||10|||6
{|||45|||58|||11|||6
)|||142|||58|||28|||6
{|||46|||58|||29|||6
)|||143|||58|||37|||6
)|||144|||58|||51|||6
)|||145|||58|||62|||6
)|||146|||59|||15|||6
)|||147|||59|||34|||6
)|||148|||59|||45|||6
System|||1|||0|||14|||7
.|||1|||0|||15|||7
out|||1|||0|||16|||7
.|||2|||0|||17|||7
print|||1|||0|||18|||7
(|||2|||0|||19|||7
+|||1|||0|||21|||7
"|||1|||0|||22|||7
"|||2|||0|||23|||7
+=|||1|||1|||20|||7
+=|||2|||2|||12|||7
System|||2|||2|||15|||7
.|||3|||2|||16|||7
out|||2|||2|||17|||7
.|||4|||2|||18|||7
print|||2|||2|||19|||7
(|||5|||2|||20|||7
+|||2|||2|||22|||7
"|||3|||2|||23|||7
"|||4|||2|||24|||7
+=|||3|||3|||12|||7
System|||3|||3|||15|||7
.|||5|||3|||16|||7
out|||3|||3|||17|||7
.|||6|||3|||18|||7
print|||3|||3|||19|||7
(|||7|||3|||20|||7
+|||3|||3|||22|||7
"|||5|||3|||23|||7
"|||6|||3|||24|||7
*=|||1|||4|||20|||7
[|||1|||5|||1|||7
]|||1|||5|||2|||7
{|||1|||5|||5|||7
}|||1|||5|||15|||7
.|||7|||5|||27|||7
length|||1|||5|||28|||7
System|||4|||5|||33|||7
.|||8|||5|||34|||7
out|||4|||5|||35|||7
.|||9|||5|||36|||7
print|||4|||5|||37|||7
(|||10|||5|||38|||7
[|||2|||5|||40|||7
+|||4|||5|||43|||7
"|||7|||5|||44|||7
"|||8|||5|||45|||7
.|||10|||6|||6|||7
length|||2|||6|||7|||7
-|||1|||6|||8|||7
>=|||1|||6|||12|||7
System|||5|||6|||18|||7
.|||11|||6|||19|||7
out|||5|||6|||20|||7
.|||12|||6|||21|||7
print|||5|||6|||22|||7
(|||12|||6|||23|||7
[|||3|||6|||25|||7
+|||5|||6|||28|||7
"|||9|||6|||29|||7
"|||10|||6|||30|||7
.|||13|||7|||15|||7
length|||3|||7|||16|||7
+=|||4|||7|||22|||7
[|||4|||7|||24|||7
System|||6|||8|||26|||7
.|||14|||8|||27|||7
out|||6|||8|||28|||7
.|||15|||8|||29|||7
print|||6|||8|||30|||7
(|||15|||8|||31|||7
+|||6|||8|||33|||7
"|||11|||8|||34|||7
"|||12|||8|||35|||7
=|||16|||8|||39|||7
+|||7|||8|||41|||7
=|||17|||8|||45|||7
=|||18|||8|||49|||7
>|||1|||9|||13|||7
/=|||1|||9|||17|||7
>|||2|||10|||13|||7
/=|||2|||10|||17|||7
=|||23|||10|||21|||7
*|||1|||10|||23|||7
+|||8|||10|||25|||7
%|||1|||10|||27|||7
=|||24|||11|||2|||7
[|||5|||11|||4|||7
.|||16|||11|||18|||7
length|||4|||11|||19|||7
[|||6|||11|||27|||7
>|||3|||11|||30|||7
=|||26|||11|||34|||7
[|||7|||11|||36|||7
=|||27|||12|||2|||7
[|||8|||12|||4|||7
.|||17|||12|||18|||7
length|||5|||12|||19|||7
[|||9|||12|||27|||7
<|||6|||12|||30|||7
=|||29|||12|||34|||7
[|||10|||12|||36|||7
!=|||1|||13|||15|||7
=|||32|||13|||19|||7
=|||33|||13|||23|||7
%|||2|||13|||25|||7
=|||34|||13|||29|||7
/|||1|||14|||19|||7
%|||3|||14|||28|||7
==|||1|||14|||30|||7
=|||38|||14|||34|||7
.|||18|||15|||12|||7
length|||6|||15|||13|||7
/|||2|||15|||14|||7
=|||40|||15|||22|||7
[|||11|||15|||24|||7
[|||12|||15|||29|||7
=|||41|||15|||32|||7
[|||13|||15|||34|||7
.|||19|||15|||36|||7
length|||7|||15|||37|||7
-|||2|||15|||38|||7
-|||3|||15|||40|||7
[|||14|||15|||45|||7
.|||20|||15|||47|||7
length|||8|||15|||48|||7
-|||4|||15|||49|||7
-|||5|||15|||51|||7
=|||42|||15|||54|||7
"|||13|||16|||3|||7
"|||14|||16|||5|||7
.|||21|||16|||22|||7
length|||9|||16|||23|||7
(|||27|||16|||24|||7
"|||15|||16|||32|||7
"|||16|||16|||34|||7
.|||22|||16|||35|||7
indexOf|||1|||16|||36|||7
(|||29|||16|||37|||7
.|||23|||16|||39|||7
charAt|||1|||16|||40|||7
(|||30|||16|||41|||7
!=|||2|||16|||45|||7
-|||6|||16|||46|||7
>|||4|||17|||17|||7
/=|||3|||17|||21|||7
=|||49|||17|||25|||7
*|||2|||17|||27|||7
+|||9|||17|||29|||7
%|||4|||17|||31|||7
*=|||2|||18|||28|||7
"|||17|||19|||3|||7
"|||18|||19|||5|||7
.|||24|||19|||17|||7
length|||10|||19|||18|||7
(|||34|||19|||19|||7
System|||7|||19|||25|||7
.|||25|||19|||26|||7
out|||7|||19|||27|||7
.|||26|||19|||28|||7
print|||7|||19|||29|||7
(|||35|||19|||30|||7
(|||36|||19|||31|||7
)|||35|||19|||33|||7
.|||27|||19|||35|||7
charAt|||2|||19|||36|||7
(|||37|||19|||37|||7
+|||10|||19|||40|||7
"|||19|||19|||41|||7
"|||20|||19|||42|||7
.|||28|||20|||10|||7
length|||11|||20|||11|||7
-|||7|||20|||12|||7
.|||29|||20|||28|||7
length|||12|||20|||29|||7
-|||8|||20|||30|||7
-|||9|||20|||32|||7
[|||15|||20|||41|||7
>|||5|||20|||44|||7
[|||16|||20|||46|||7
+|||11|||20|||48|||7
=|||58|||20|||55|||7
[|||17|||20|||57|||7
[|||18|||20|||62|||7
=|||59|||20|||65|||7
[|||19|||20|||67|||7
+|||12|||20|||69|||7
[|||20|||20|||74|||7
+|||13|||20|||76|||7
=|||60|||20|||79|||7
.|||30|||21|||10|||7
length|||13|||21|||11|||7
-|||10|||21|||12|||7
=|||62|||21|||21|||7
+|||14|||21|||30|||7
.|||31|||21|||36|||7
length|||14|||21|||37|||7
[|||21|||21|||45|||7
<|||15|||21|||48|||7
[|||22|||21|||50|||7
=|||64|||21|||55|||7
=|||65|||21|||60|||7
[|||23|||21|||62|||7
[|||24|||21|||67|||7
=|||66|||21|||70|||7
[|||25|||21|||72|||7
[|||26|||21|||77|||7
=|||67|||21|||80|||7
.|||32|||22|||10|||7
length|||15|||22|||11|||7
=|||69|||22|||19|||7
[|||27|||22|||21|||7
=|||70|||22|||26|||7
-|||11|||22|||28|||7
>=|||2|||22|||34|||7
&&|||1|||22|||36|||7
[|||28|||22|||38|||7
>|||6|||22|||41|||7
[|||29|||22|||45|||7
+|||15|||22|||47|||7
=|||71|||22|||50|||7
[|||30|||22|||52|||7
[|||31|||22|||58|||7
+|||16|||22|||60|||7
=|||72|||22|||63|||7
System|||8|||23|||35|||7
.|||33|||23|||36|||7
out|||8|||23|||37|||7
.|||34|||23|||38|||7
print|||8|||23|||39|||7
(|||48|||23|||40|||7
+|||17|||23|||42|||7
"|||21|||23|||43|||7
"|||22|||23|||44|||7
=|||76|||23|||48|||7
*|||3|||23|||50|||7
(|||49|||23|||51|||7
-|||12|||23|||53|||7
/|||3|||23|||56|||7
(|||50|||23|||57|||7
+|||18|||23|||59|||7
System|||9|||23|||64|||7
.|||35|||23|||65|||7
out|||9|||23|||66|||7
.|||36|||23|||67|||7
println|||1|||23|||68|||7
(|||51|||23|||69|||7
*=|||3|||24|||33|||7
(|||53|||24|||34|||7
-|||13|||24|||36|||7
*=|||4|||24|||41|||7
(|||54|||24|||42|||7
+|||19|||24|||44|||7
System|||10|||24|||49|||7
.|||37|||24|||50|||7
out|||10|||24|||51|||7
.|||38|||24|||52|||7
print|||9|||24|||53|||7
(|||55|||24|||54|||7
/|||4|||24|||56|||7
>|||7|||25|||13|||7
/=|||4|||25|||17|||7
+=|||5|||25|||21|||7
%|||5|||25|||23|||7
"|||23|||26|||3|||7
"|||24|||26|||7|||7
.|||39|||26|||24|||7
length|||16|||26|||25|||7
(|||58|||26|||26|||7
.|||40|||26|||35|||7
charAt|||3|||26|||36|||7
(|||60|||26|||37|||7
==|||2|||26|||40|||7
'|||1|||26|||41|||7
'|||2|||26|||42|||7
"|||25|||27|||3|||7
"|||26|||27|||5|||7
.|||41|||27|||17|||7
length|||17|||27|||18|||7
(|||62|||27|||19|||7
System|||11|||27|||25|||7
.|||42|||27|||26|||7
out|||11|||27|||27|||7
.|||43|||27|||28|||7
print|||10|||27|||29|||7
(|||63|||27|||30|||7
(|||64|||27|||31|||7
)|||63|||27|||33|||7
(|||65|||27|||34|||7
.|||44|||27|||36|||7
charAt|||4|||27|||37|||7
(|||66|||27|||38|||7
-|||14|||27|||41|||7
/|||5|||28|||30|||7
%|||6|||28|||39|||7
==|||3|||28|||41|||7
=|||92|||28|||45|||7
==|||4|||28|||51|||7
System|||12|||28|||54|||7
.|||45|||28|||55|||7
out|||12|||28|||56|||7
.|||46|||28|||57|||7
print|||11|||28|||58|||7
(|||71|||28|||59|||7
+|||20|||28|||61|||7
"|||27|||28|||62|||7
"|||28|||28|||63|||7
=|||95|||29|||10|||7
(|||72|||29|||11|||7
>|||8|||29|||13|||7
?|||1|||29|||16|||7
:|||1|||29|||18|||7
%|||7|||29|||25|||7
!=|||3|||29|||27|||7
|||||1|||29|||29|||7
%|||8|||29|||31|||7
!=|||4|||29|||33|||7
System|||13|||29|||40|||7
.|||47|||29|||41|||7
out|||13|||29|||42|||7
.|||48|||29|||43|||7
print|||12|||29|||44|||7
(|||74|||29|||45|||7
System|||14|||30|||12|||7
.|||49|||30|||13|||7
out|||14|||30|||14|||7
.|||50|||30|||15|||7
print|||13|||30|||16|||7
(|||76|||30|||17|||7
+|||21|||30|||19|||7
"|||29|||30|||20|||7
"|||30|||30|||21|||7
+=|||6|||31|||17|||7
System|||15|||32|||12|||7
.|||51|||32|||13|||7
out|||15|||32|||14|||7
.|||52|||32|||15|||7
print|||14|||32|||16|||7
(|||79|||32|||17|||7
+|||22|||32|||19|||7
"|||31|||32|||20|||7
"|||32|||32|||21|||7
+=|||7|||32|||25|||7
System|||16|||33|||12|||7
.|||53|||33|||13|||7
out|||16|||33|||14|||7
.|||54|||33|||15|||7
print|||15|||33|||16|||7
(|||81|||33|||17|||7
+|||23|||33|||19|||7
"|||33|||33|||20|||7
"|||34|||33|||21|||7
+=|||8|||33|||25|||7
*=|||5|||34|||17|||7
[|||32|||35|||1|||7
]|||32|||35|||2|||7
{|||16|||35|||5|||7
}|||16|||35|||15|||7
.|||55|||35|||27|||7
length|||18|||35|||28|||7
System|||17|||35|||31|||7
.|||56|||35|||32|||7
out|||17|||35|||33|||7
.|||57|||35|||34|||7
print|||16|||35|||35|||7
(|||84|||35|||36|||7
[|||33|||35|||38|||7
+|||24|||35|||41|||7
"|||35|||35|||42|||7
"|||36|||35|||43|||7
=|||105|||36|||2|||7
.|||58|||36|||4|||7
length|||19|||36|||5|||7
-|||15|||36|||6|||7
>=|||3|||36|||12|||7
System|||18|||36|||16|||7
.|||59|||36|||17|||7
out|||18|||36|||18|||7
.|||60|||36|||19|||7
print|||17|||36|||20|||7
(|||86|||36|||21|||7
[|||34|||36|||23|||7
+|||25|||36|||26|||7
"|||37|||36|||27|||7
"|||38|||36|||28|||7
.|||61|||37|||14|||7
length|||20|||37|||15|||7
+=|||9|||37|||19|||7
[|||35|||37|||21|||7
System|||19|||38|||22|||7
.|||62|||38|||23|||7
out|||19|||38|||24|||7
.|||63|||38|||25|||7
print|||18|||38|||26|||7
(|||89|||38|||27|||7
+|||26|||38|||29|||7
"|||39|||38|||30|||7
"|||40|||38|||31|||7
=|||111|||38|||35|||7
+|||27|||38|||37|||7
=|||112|||38|||41|||7
=|||113|||38|||45|||7
>|||9|||39|||12|||7
/=|||5|||39|||20|||7
>|||10|||40|||12|||7
=|||118|||40|||17|||7
*|||4|||40|||19|||7
+|||28|||40|||21|||7
%|||9|||40|||23|||7
/=|||6|||40|||27|||7
=|||119|||41|||2|||7
[|||36|||41|||4|||7
.|||64|||41|||17|||7
length|||21|||41|||18|||7
[|||37|||41|||24|||7
>|||11|||41|||27|||7
=|||121|||41|||31|||7
[|||38|||41|||33|||7
=|||122|||42|||2|||7
[|||39|||42|||4|||7
.|||65|||42|||17|||7
length|||22|||42|||18|||7
[|||40|||42|||24|||7
<|||26|||42|||27|||7
=|||124|||42|||31|||7
[|||41|||42|||33|||7
!=|||5|||43|||14|||7
=|||127|||43|||19|||7
=|||128|||43|||23|||7
%|||10|||43|||25|||7
=|||129|||43|||29|||7
/|||6|||44|||18|||7
%|||11|||44|||25|||7
==|||5|||44|||27|||7
=|||133|||44|||31|||7
.|||66|||45|||12|||7
length|||23|||45|||13|||7
/|||7|||45|||14|||7
=|||135|||45|||19|||7
[|||42|||45|||21|||7
[|||43|||45|||26|||7
=|||136|||45|||29|||7
[|||44|||45|||31|||7
.|||67|||45|||33|||7
length|||24|||45|||34|||7
-|||16|||45|||35|||7
-|||17|||45|||37|||7
[|||45|||45|||42|||7
.|||68|||45|||44|||7
length|||25|||45|||45|||7
-|||18|||45|||46|||7
-|||19|||45|||48|||7
=|||137|||45|||51|||7
"|||41|||46|||3|||7
"|||42|||46|||5|||7
.|||69|||46|||21|||7
length|||26|||46|||22|||7
(|||101|||46|||23|||7
"|||43|||46|||29|||7
"|||44|||46|||31|||7
.|||70|||46|||32|||7
indexOf|||2|||46|||33|||7
(|||103|||46|||34|||7
.|||71|||46|||36|||7
charAt|||5|||46|||37|||7
(|||104|||46|||38|||7
!=|||6|||46|||42|||7
-|||20|||46|||43|||7
>|||12|||47|||16|||7
=|||144|||47|||21|||7
*|||5|||47|||23|||7
+|||29|||47|||25|||7
%|||12|||47|||27|||7
/=|||7|||47|||31|||7
*=|||6|||48|||25|||7
"|||45|||49|||3|||7
"|||46|||49|||5|||7
.|||72|||49|||17|||7
length|||27|||49|||18|||7
(|||108|||49|||19|||7
System|||20|||49|||23|||7
.|||73|||49|||24|||7
out|||20|||49|||25|||7
.|||74|||49|||26|||7
print|||19|||49|||27|||7
(|||109|||49|||28|||7
(|||110|||49|||29|||7
)|||109|||49|||31|||7
.|||75|||49|||33|||7
charAt|||6|||49|||34|||7
(|||111|||49|||35|||7
+|||30|||49|||38|||7
"|||47|||49|||39|||7
"|||48|||49|||40|||7
.|||76|||50|||10|||7
length|||28|||50|||11|||7
-|||21|||50|||12|||7
.|||77|||50|||26|||7
length|||29|||50|||27|||7
-|||22|||50|||28|||7
-|||23|||50|||30|||7
[|||46|||50|||37|||7
>|||13|||50|||40|||7
[|||47|||50|||42|||7
+|||31|||50|||44|||7
=|||153|||50|||51|||7
[|||48|||50|||53|||7
[|||49|||50|||58|||7
=|||154|||50|||61|||7
[|||50|||50|||63|||7
+|||32|||50|||65|||7
[|||51|||50|||70|||7
+|||33|||50|||72|||7
=|||155|||50|||75|||7
.|||78|||51|||10|||7
length|||30|||51|||11|||7
-|||24|||51|||12|||7
=|||157|||51|||18|||7
=|||158|||51|||22|||7
+|||34|||51|||24|||7
.|||79|||51|||32|||7
length|||31|||51|||33|||7
[|||52|||51|||39|||7
<|||35|||51|||42|||7
[|||53|||51|||44|||7
=|||159|||51|||49|||7
=|||160|||51|||58|||7
[|||54|||51|||60|||7
[|||55|||51|||65|||7
=|||161|||51|||68|||7
[|||56|||51|||70|||7
[|||57|||51|||75|||7
=|||162|||51|||78|||7
.|||80|||52|||10|||7
length|||32|||52|||11|||7
=|||164|||52|||16|||7
[|||58|||52|||18|||7
=|||165|||52|||23|||7
-|||25|||52|||25|||7
>=|||4|||52|||31|||7
&&|||2|||52|||33|||7
[|||59|||52|||35|||7
>|||14|||52|||38|||7
[|||60|||52|||43|||7
+|||35|||52|||45|||7
=|||166|||52|||48|||7
[|||61|||52|||50|||7
[|||62|||52|||59|||7
+|||36|||52|||61|||7
=|||167|||52|||64|||7
System|||21|||53|||28|||7
.|||81|||53|||29|||7
out|||21|||53|||30|||7
.|||82|||53|||31|||7
print|||20|||53|||32|||7
(|||122|||53|||33|||7
+|||37|||53|||35|||7
"|||49|||53|||36|||7
"|||50|||53|||37|||7
=|||171|||53|||41|||7
*|||6|||53|||43|||7
(|||123|||53|||44|||7
-|||26|||53|||46|||7
/|||8|||53|||49|||7
(|||124|||53|||50|||7
+|||38|||53|||52|||7
System|||22|||53|||60|||7
.|||83|||53|||61|||7
out|||22|||53|||62|||7
.|||84|||53|||63|||7
println|||2|||53|||64|||7
(|||125|||53|||65|||7
*=|||7|||54|||29|||7
(|||127|||54|||30|||7
-|||27|||54|||32|||7
*=|||8|||54|||37|||7
(|||128|||54|||38|||7
+|||39|||54|||40|||7
System|||23|||54|||48|||7
.|||85|||54|||49|||7
out|||23|||54|||50|||7
.|||86|||54|||51|||7
print|||21|||54|||52|||7
(|||129|||54|||53|||7
/|||9|||54|||55|||7
>|||15|||55|||12|||7
+=|||10|||55|||17|||7
%|||13|||55|||19|||7
/=|||8|||55|||23|||7
"|||51|||56|||3|||7
"|||52|||56|||7|||7
.|||87|||56|||23|||7
length|||33|||56|||24|||7
(|||132|||56|||25|||7
.|||88|||56|||32|||7
charAt|||7|||56|||33|||7
(|||134|||56|||34|||7
==|||6|||56|||37|||7
'|||3|||56|||38|||7
'|||4|||56|||39|||7
"|||53|||57|||3|||7
"|||54|||57|||5|||7
.|||89|||57|||17|||7
length|||34|||57|||18|||7
(|||136|||57|||19|||7
System|||24|||57|||23|||7
.|||90|||57|||24|||7
out|||24|||57|||25|||7
.|||91|||57|||26|||7
print|||22|||57|||27|||7
(|||137|||57|||28|||7
(|||138|||57|||29|||7
)|||137|||57|||31|||7
(|||139|||57|||32|||7
.|||92|||57|||34|||7
charAt|||8|||57|||35|||7
(|||140|||57|||36|||7
-|||28|||57|||39|||7
/|||10|||58|||26|||7
%|||14|||58|||33|||7
==|||7|||58|||35|||7
=|||187|||58|||39|||7
==|||8|||58|||49|||7
System|||25|||58|||52|||7
.|||93|||58|||53|||7
out|||25|||58|||54|||7
.|||94|||58|||55|||7
print|||23|||58|||56|||7
(|||145|||58|||57|||7
+|||40|||58|||59|||7
"|||55|||58|||60|||7
"|||56|||58|||61|||7
=|||190|||59|||10|||7
(|||146|||59|||11|||7
>|||16|||59|||13|||7
?|||2|||59|||16|||7
:|||2|||59|||18|||7
%|||15|||59|||24|||7
!=|||7|||59|||26|||7
|||||2|||59|||28|||7
%|||16|||59|||30|||7
!=|||8|||59|||32|||7
System|||26|||59|||38|||7
.|||95|||59|||39|||7
out|||26|||59|||40|||7
.|||96|||59|||41|||7
print|||24|||59|||42|||7
(|||148|||59|||43|||7
;|||3|||0|||25|||5
;|||4|||1|||4|||5
;|||7|||1|||22|||5
;|||10|||2|||26|||5
;|||13|||3|||26|||5
;|||14|||4|||4|||5
;|||17|||4|||22|||5
;|||18|||5|||16|||5
;|||21|||5|||47|||5
;|||24|||6|||32|||5
;|||25|||7|||4|||5
;|||28|||7|||27|||5
;|||29|||8|||10|||5
;|||32|||8|||37|||5
;|||33|||8|||43|||5
;|||34|||8|||47|||5
;|||35|||8|||51|||5
}|||2|||8|||52|||5
;|||36|||9|||8|||5
;|||39|||9|||22|||5
;|||40|||10|||8|||5
;|||43|||10|||29|||5
;|||44|||11|||7|||5
;|||47|||11|||39|||5
;|||48|||12|||7|||5
;|||51|||12|||39|||5
;|||52|||13|||8|||5
;|||55|||13|||32|||5
;|||56|||14|||8|||5
;|||59|||14|||36|||5
;|||62|||15|||27|||5
;|||63|||15|||43|||5
;|||64|||15|||56|||5
}|||3|||15|||57|||5
;|||65|||16|||6|||5
;|||66|||16|||11|||5
;|||69|||16|||51|||5
;|||70|||17|||12|||5
;|||73|||17|||33|||5
;|||74|||18|||12|||5
;|||77|||18|||30|||5
;|||78|||19|||6|||5
;|||81|||19|||44|||5
;|||86|||20|||60|||5
;|||87|||20|||72|||5
;|||88|||20|||81|||5
}|||4|||20|||82|||5
;|||91|||21|||23|||5
;|||94|||21|||57|||5
;|||95|||21|||65|||5
;|||96|||21|||75|||5
;|||97|||21|||82|||5
}|||5|||21|||83|||5
;|||100|||22|||30|||5
;|||101|||22|||56|||5
;|||102|||22|||65|||5
}|||6|||22|||66|||5
;|||105|||23|||19|||5
;|||108|||23|||46|||5
;|||109|||23|||62|||5
}|||7|||23|||63|||5
;|||110|||23|||71|||5
}|||8|||23|||72|||5
;|||111|||24|||16|||5
;|||114|||24|||39|||5
;|||115|||24|||47|||5
}|||9|||24|||48|||5
;|||116|||24|||59|||5
;|||117|||25|||8|||5
;|||120|||25|||25|||5
;|||121|||26|||8|||5
;|||122|||26|||13|||5
;|||125|||26|||46|||5
;|||126|||27|||6|||5
;|||129|||27|||45|||5
;|||132|||28|||19|||5
;|||135|||28|||47|||5
;|||136|||28|||65|||5
}|||10|||28|||66|||5
;|||137|||29|||20|||5
;|||140|||29|||39|||5
;|||141|||29|||48|||5
;|||142|||30|||4|||5
;|||143|||30|||23|||5
;|||144|||30|||26|||5
}|||11|||30|||27|||5
;|||145|||31|||8|||5
;|||146|||31|||19|||5
;|||147|||31|||22|||5
}|||12|||31|||23|||5
;|||148|||32|||4|||5
;|||149|||32|||23|||5
;|||150|||32|||27|||5
}|||13|||32|||28|||5
;|||151|||33|||4|||5
;|||152|||33|||23|||5
;|||153|||33|||27|||5
}|||14|||33|||28|||5
;|||154|||34|||8|||5
;|||155|||34|||19|||5
;|||156|||34|||22|||5
}|||15|||34|||23|||5
;|||157|||35|||16|||5
;|||158|||35|||21|||5
;|||159|||35|||45|||5
;|||160|||35|||48|||5
}|||17|||35|||49|||5
;|||161|||36|||8|||5
;|||162|||36|||30|||5
;|||163|||36|||33|||5
}|||18|||36|||34|||5
;|||164|||37|||8|||5
;|||165|||37|||24|||5
;|||166|||37|||27|||5
}|||19|||37|||28|||5
;|||167|||38|||14|||5
;|||168|||38|||33|||5
;|||169|||38|||39|||5
;|||170|||38|||43|||5
;|||171|||38|||47|||5
;|||172|||38|||50|||5
}|||20|||38|||51|||5
;|||173|||39|||8|||5
;|||174|||39|||18|||5
;|||175|||39|||22|||5
}|||21|||39|||23|||5
;|||176|||40|||8|||5
;|||177|||40|||25|||5
;|||178|||40|||29|||5
}|||22|||40|||30|||5
;|||179|||41|||11|||5
;|||180|||41|||36|||5
;|||181|||41|||39|||5
}|||23|||41|||40|||5
;|||182|||42|||11|||5
;|||183|||42|||36|||5
;|||184|||42|||39|||5
}|||24|||42|||40|||5
;|||185|||43|||10|||5
;|||186|||43|||21|||5
;|||187|||43|||27|||5
;|||188|||43|||31|||5
}|||25|||43|||32|||5
;|||189|||44|||12|||5
;|||190|||44|||33|||5
;|||191|||44|||36|||5
}|||26|||44|||37|||5
;|||192|||45|||6|||5
;|||193|||45|||24|||5
;|||194|||45|||40|||5
;|||195|||45|||53|||5
;|||196|||45|||56|||5
}|||27|||45|||57|||5
;|||197|||46|||6|||5
;|||198|||46|||15|||5
;|||199|||46|||48|||5
;|||200|||46|||51|||5
}|||28|||46|||52|||5
;|||201|||47|||12|||5
;|||202|||47|||29|||5
;|||203|||47|||33|||5
}|||29|||47|||34|||5
;|||204|||48|||16|||5
;|||205|||48|||27|||5
;|||206|||48|||30|||5
}|||30|||48|||31|||5
;|||207|||49|||6|||5
;|||208|||49|||11|||5
;|||209|||49|||42|||5
;|||210|||49|||45|||5
}|||31|||49|||46|||5
;|||211|||50|||4|||5
;|||212|||50|||20|||5
;|||213|||50|||56|||5
;|||214|||50|||68|||5
;|||215|||50|||77|||5
}|||32|||50|||78|||5
;|||216|||50|||81|||5
}|||33|||50|||82|||5
;|||217|||50|||85|||5
}|||34|||50|||86|||5
;|||218|||51|||4|||5
;|||219|||51|||26|||5
;|||220|||51|||51|||5
;|||221|||51|||54|||5
}|||35|||51|||55|||5
;|||222|||51|||63|||5
;|||223|||51|||73|||5
;|||224|||51|||80|||5
;|||225|||51|||83|||5
}|||36|||51|||84|||5
;|||226|||52|||4|||5
;|||227|||52|||27|||5
;|||228|||52|||53|||5
;|||229|||52|||56|||5
}|||37|||52|||57|||5
;|||230|||52|||66|||5
;|||231|||52|||69|||5
}|||38|||52|||70|||5
;|||232|||53|||4|||5
;|||233|||53|||20|||5
;|||234|||53|||39|||5
;|||235|||53|||55|||5
;|||236|||53|||58|||5
}|||39|||53|||59|||5
;|||237|||53|||67|||5
;|||238|||53|||70|||5
}|||40|||53|||71|||5
;|||239|||54|||20|||5
;|||240|||54|||35|||5
;|||241|||54|||43|||5
;|||242|||54|||46|||5
}|||41|||54|||47|||5
;|||243|||54|||58|||5
;|||244|||55|||8|||5
;|||245|||55|||21|||5
;|||246|||55|||25|||5
}|||42|||55|||26|||5
;|||247|||56|||8|||5
;|||248|||56|||17|||5
;|||249|||56|||43|||5
;|||250|||56|||46|||5
}|||43|||56|||47|||5
;|||251|||57|||6|||5
;|||252|||57|||11|||5
;|||253|||57|||43|||5
;|||254|||57|||46|||5
}|||44|||57|||47|||5
;|||255|||58|||4|||5
;|||256|||58|||20|||5
;|||257|||58|||41|||5
;|||258|||58|||44|||5
}|||45|||58|||45|||5
;|||259|||58|||63|||5
;|||260|||58|||66|||5
}|||46|||58|||67|||5
;|||261|||59|||20|||5
;|||262|||59|||37|||5
;|||263|||59|||46|||5
sum|||1|||1|||1|||1
sum|||2|||1|||19|||1
fact|||1|||4|||1|||1
fact|||2|||4|||19|||1
arr|||1|||5|||3|||1
1|||6|||5|||6|||1
,|||1|||5|||7|||1
2|||4|||5|||8|||1
,|||2|||5|||9|||1
3|||1|||5|||10|||1
,|||3|||5|||11|||1
4|||1|||5|||12|||1
,|||4|||5|||13|||1
5|||4|||5|||14|||1
arr|||2|||5|||26|||1
arr|||3|||5|||39|||1
arr|||4|||6|||5|||1
arr|||5|||6|||24|||1
sum|||3|||7|||1|||1
arr|||6|||7|||14|||1
sum|||4|||7|||21|||1
arr|||7|||7|||23|||1
a|||1|||8|||1|||1
b|||1|||8|||5|||1
c|||1|||8|||9|||1
a|||2|||8|||32|||1
c|||2|||8|||38|||1
a|||3|||8|||40|||1
b|||2|||8|||42|||1
a|||4|||8|||44|||1
b|||3|||8|||46|||1
b|||4|||8|||48|||1
c|||3|||8|||50|||1
num|||1|||9|||1|||1
count|||1|||9|||5|||1
num|||2|||9|||12|||1
num|||3|||9|||16|||1
count|||2|||9|||20|||1
rev|||1|||10|||1|||1
num|||4|||10|||5|||1
num|||5|||10|||12|||1
num|||6|||10|||16|||1
rev|||2|||10|||20|||1
rev|||3|||10|||22|||1
num|||7|||10|||26|||1
max|||1|||11|||1|||1
arr|||8|||11|||3|||1
arr|||9|||11|||17|||1
arr|||10|||11|||26|||1
max|||2|||11|||31|||1
max|||3|||11|||33|||1
arr|||11|||11|||35|||1
min|||1|||12|||1|||1
arr|||12|||12|||3|||1
arr|||13|||12|||17|||1
arr|||14|||12|||26|||1
min|||2|||12|||31|||1
min|||3|||12|||33|||1
arr|||15|||12|||35|||1
a|||5|||13|||1|||1
b|||5|||13|||5|||1
t|||1|||13|||12|||1
b|||6|||13|||14|||1
t|||2|||13|||18|||1
b|||7|||13|||20|||1
b|||8|||13|||22|||1
a|||6|||13|||24|||1
b|||9|||13|||26|||1
a|||7|||13|||28|||1
t|||3|||13|||30|||1
n|||1|||14|||1|||1
flag|||1|||14|||5|||1
n|||2|||14|||18|||1
n|||3|||14|||27|||1
flag|||2|||14|||33|||1
temp|||1|||15|||7|||1
arr|||16|||15|||11|||1
temp|||2|||15|||21|||1
arr|||17|||15|||23|||1
arr|||18|||15|||28|||1
arr|||19|||15|||33|||1
arr|||20|||15|||35|||1
arr|||21|||15|||44|||1
arr|||22|||15|||46|||1
temp|||3|||15|||55|||1
str|||1|||16|||1|||1
hello|||1|||16|||4|||1
vc|||1|||16|||8|||1
str|||2|||16|||21|||1
aeiou|||1|||16|||33|||1
str|||3|||16|||38|||1
vc|||2|||16|||49|||1
num|||8|||17|||1|||1
rev|||4|||17|||5|||1
temp|||4|||17|||9|||1
num|||9|||17|||11|||1
temp|||5|||17|||16|||1
temp|||6|||17|||20|||1
rev|||5|||17|||24|||1
rev|||6|||17|||26|||1
temp|||7|||17|||30|||1
x|||1|||18|||1|||1
y|||1|||18|||5|||1
3|||2|||18|||7|||1
res|||1|||18|||9|||1
y|||2|||18|||22|||1
res|||2|||18|||27|||1
x|||2|||18|||29|||1
s|||1|||19|||1|||1
abc|||1|||19|||4|||1
s|||2|||19|||16|||1
s|||3|||19|||34|||1
arr|||23|||20|||9|||1
j|||1|||20|||21|||1
j|||2|||20|||25|||1
arr|||24|||20|||27|||1
j|||3|||20|||35|||1
arr|||25|||20|||40|||1
j|||4|||20|||42|||1
arr|||26|||20|||45|||1
j|||5|||20|||47|||1
t|||4|||20|||54|||1
arr|||27|||20|||56|||1
j|||6|||20|||58|||1
arr|||28|||20|||61|||1
j|||7|||20|||63|||1
arr|||29|||20|||66|||1
j|||8|||20|||68|||1
arr|||30|||20|||73|||1
j|||9|||20|||75|||1
t|||5|||20|||80|||1
arr|||31|||21|||9|||1
min|||4|||21|||20|||1
j|||10|||21|||27|||1
j|||11|||21|||33|||1
arr|||32|||21|||35|||1
j|||12|||21|||39|||1
arr|||33|||21|||44|||1
j|||13|||21|||46|||1
arr|||34|||21|||49|||1
min|||5|||21|||51|||1
min|||6|||21|||54|||1
j|||14|||21|||56|||1
t|||6|||21|||59|||1
arr|||35|||21|||61|||1
arr|||36|||21|||66|||1
arr|||37|||21|||71|||1
min|||7|||21|||73|||1
arr|||38|||21|||76|||1
min|||8|||21|||78|||1
t|||7|||21|||81|||1
arr|||39|||22|||9|||1
key|||1|||22|||18|||1
arr|||40|||22|||20|||1
j|||15|||22|||25|||1
j|||16|||22|||33|||1
arr|||41|||22|||37|||1
j|||17|||22|||39|||1
key|||2|||22|||42|||1
arr|||42|||22|||44|||1
j|||18|||22|||46|||1
arr|||43|||22|||51|||1
j|||19|||22|||53|||1
arr|||44|||22|||57|||1
j|||20|||22|||59|||1
key|||3|||22|||64|||1
c|||4|||23|||16|||1
j|||21|||23|||23|||1
j|||22|||23|||27|||1
j|||23|||23|||31|||1
c|||5|||23|||41|||1
c|||6|||23|||47|||1
c|||7|||23|||49|||1
j|||24|||23|||54|||1
j|||25|||23|||58|||1
n|||4|||24|||1|||1
r|||1|||24|||5|||1
num|||10|||24|||9|||1
den|||1|||24|||13|||1
r|||2|||24|||26|||1
num|||11|||24|||32|||1
n|||5|||24|||35|||1
den|||2|||24|||40|||1
num|||12|||24|||55|||1
den|||3|||24|||57|||1
num|||13|||25|||1|||1
sum|||5|||25|||5|||1
num|||14|||25|||12|||1
num|||15|||25|||16|||1
sum|||6|||25|||20|||1
num|||16|||25|||22|||1
str|||4|||26|||1|||1
Hello|||1|||26|||4|||1
world|||1|||26|||5|||1
Java|||1|||26|||6|||1
wc|||1|||26|||10|||1
str|||5|||26|||23|||1
str|||6|||26|||34|||1
wc|||2|||26|||44|||1
str|||7|||27|||1|||1
hello|||2|||27|||4|||1
str|||8|||27|||16|||1
str|||9|||27|||35|||1
f|||1|||28|||16|||1
j|||26|||28|||23|||1
j|||27|||28|||27|||1
j|||28|||28|||33|||1
j|||29|||28|||40|||1
f|||2|||28|||44|||1
f|||3|||28|||50|||1
a|||8|||29|||1|||1
b|||10|||29|||5|||1
lcm|||1|||29|||9|||1
a|||9|||29|||12|||1
b|||11|||29|||14|||1
a|||10|||29|||17|||1
b|||12|||29|||19|||1
lcm|||2|||29|||24|||1
a|||11|||29|||26|||1
lcm|||3|||29|||30|||1
b|||13|||29|||32|||1
lcm|||4|||29|||36|||1
lcm|||5|||29|||46|||1
sum|||7|||31|||1|||1
sum|||8|||31|||16|||1
fact|||3|||34|||1|||1
fact|||4|||34|||16|||1
arr|||45|||35|||3|||1
1|||40|||35|||6|||1
,|||27|||35|||7|||1
2|||16|||35|||8|||1
,|||28|||35|||9|||1
3|||3|||35|||10|||1
,|||29|||35|||11|||1
4|||2|||35|||12|||1
,|||30|||35|||13|||1
5|||11|||35|||14|||1
arr|||46|||35|||26|||1
arr|||47|||35|||37|||1
arr|||48|||36|||3|||1
arr|||49|||36|||22|||1
sum|||9|||37|||1|||1
arr|||50|||37|||13|||1
sum|||10|||37|||18|||1
arr|||51|||37|||20|||1
a|||12|||38|||1|||1
b|||14|||38|||5|||1
c|||8|||38|||9|||1
a|||13|||38|||28|||1
c|||9|||38|||34|||1
a|||14|||38|||36|||1
b|||15|||38|||38|||1
a|||15|||38|||40|||1
b|||16|||38|||42|||1
b|||17|||38|||44|||1
c|||10|||38|||46|||1
num|||17|||39|||1|||1
count|||3|||39|||5|||1
num|||18|||39|||11|||1
count|||4|||39|||16|||1
num|||19|||39|||19|||1
rev|||7|||40|||1|||1
num|||20|||40|||5|||1
num|||21|||40|||11|||1
rev|||8|||40|||16|||1
rev|||9|||40|||18|||1
num|||22|||40|||22|||1
num|||23|||40|||26|||1
max|||4|||41|||1|||1
arr|||52|||41|||3|||1
arr|||53|||41|||16|||1
arr|||54|||41|||23|||1
max|||5|||41|||28|||1
max|||6|||41|||30|||1
arr|||55|||41|||32|||1
min|||9|||42|||1|||1
arr|||56|||42|||3|||1
arr|||57|||42|||16|||1
arr|||58|||42|||23|||1
min|||10|||42|||28|||1
min|||11|||42|||30|||1
arr|||59|||42|||32|||1
a|||16|||43|||1|||1
b|||18|||43|||5|||1
t|||8|||43|||9|||1
b|||19|||43|||13|||1
t|||9|||43|||18|||1
b|||20|||43|||20|||1
b|||21|||43|||22|||1
a|||17|||43|||24|||1
b|||22|||43|||26|||1
a|||18|||43|||28|||1
t|||10|||43|||30|||1
n|||6|||44|||1|||1
flag|||3|||44|||5|||1
n|||7|||44|||17|||1
n|||8|||44|||24|||1
flag|||4|||44|||30|||1
temp|||8|||45|||5|||1
arr|||60|||45|||11|||1
temp|||9|||45|||18|||1
arr|||61|||45|||20|||1
arr|||62|||45|||25|||1
arr|||63|||45|||30|||1
arr|||64|||45|||32|||1
arr|||65|||45|||41|||1
arr|||66|||45|||43|||1
temp|||10|||45|||52|||1
str|||10|||46|||1|||1
hello|||3|||46|||4|||1
vc|||3|||46|||8|||1
str|||11|||46|||20|||1
aeiou|||2|||46|||30|||1
str|||12|||46|||35|||1
vc|||4|||46|||46|||1
num|||24|||47|||1|||1
rev|||10|||47|||5|||1
temp|||11|||47|||9|||1
num|||25|||47|||11|||1
temp|||12|||47|||15|||1
rev|||11|||47|||20|||1
rev|||12|||47|||22|||1
temp|||13|||47|||26|||1
temp|||14|||47|||30|||1
x|||3|||48|||1|||1
y|||3|||48|||5|||1
3|||4|||48|||7|||1
res|||3|||48|||9|||1
y|||4|||48|||21|||1
res|||4|||48|||24|||1
x|||4|||48|||26|||1
s|||4|||49|||1|||1
abc|||2|||49|||4|||1
s|||5|||49|||16|||1
s|||6|||49|||32|||1
arr|||67|||50|||9|||1
j|||30|||50|||17|||1
j|||31|||50|||23|||1
arr|||68|||50|||25|||1
arr|||69|||50|||36|||1
j|||32|||50|||38|||1
arr|||70|||50|||41|||1
j|||33|||50|||43|||1
t|||11|||50|||50|||1
arr|||71|||50|||52|||1
j|||34|||50|||54|||1
arr|||72|||50|||57|||1
j|||35|||50|||59|||1
arr|||73|||50|||62|||1
j|||36|||50|||64|||1
arr|||74|||50|||69|||1
j|||37|||50|||71|||1
t|||12|||50|||76|||1
j|||38|||50|||79|||1
arr|||75|||51|||9|||1
min|||12|||51|||17|||1
j|||39|||51|||21|||1
j|||40|||51|||29|||1
arr|||76|||51|||31|||1
arr|||77|||51|||38|||1
j|||41|||51|||40|||1
arr|||78|||51|||43|||1
min|||13|||51|||45|||1
min|||14|||51|||48|||1
j|||42|||51|||50|||1
j|||43|||51|||52|||1
t|||13|||51|||57|||1
arr|||79|||51|||59|||1
arr|||80|||51|||64|||1
arr|||81|||51|||69|||1
min|||15|||51|||71|||1
arr|||82|||51|||74|||1
min|||16|||51|||76|||1
t|||14|||51|||79|||1
arr|||83|||52|||9|||1
key|||4|||52|||15|||1
arr|||84|||52|||17|||1
j|||44|||52|||22|||1
j|||45|||52|||30|||1
arr|||85|||52|||34|||1
j|||46|||52|||36|||1
key|||5|||52|||39|||1
arr|||86|||52|||42|||1
j|||47|||52|||44|||1
arr|||87|||52|||49|||1
j|||48|||52|||51|||1
j|||49|||52|||54|||1
arr|||88|||52|||58|||1
j|||50|||52|||60|||1
key|||6|||52|||65|||1
c|||11|||53|||13|||1
j|||51|||53|||17|||1
j|||52|||53|||23|||1
c|||12|||53|||34|||1
c|||13|||53|||40|||1
c|||14|||53|||42|||1
j|||53|||53|||47|||1
j|||54|||53|||51|||1
j|||55|||53|||56|||1
n|||9|||54|||1|||1
r|||3|||54|||5|||1
num|||26|||54|||9|||1
den|||4|||54|||13|||1
r|||4|||54|||25|||1
num|||27|||54|||28|||1
n|||10|||54|||31|||1
den|||5|||54|||36|||1
num|||28|||54|||54|||1
den|||6|||54|||56|||1
num|||29|||55|||1|||1
sum|||11|||55|||5|||1
num|||30|||55|||11|||1
sum|||12|||55|||16|||1
num|||31|||55|||18|||1
num|||32|||55|||22|||1
str|||13|||56|||1|||1
Hello|||2|||56|||4|||1
world|||2|||56|||5|||1
Java|||2|||56|||6|||1
wc|||3|||56|||10|||1
str|||14|||56|||22|||1
str|||15|||56|||31|||1
wc|||4|||56|||41|||1
str|||16|||57|||1|||1
hello|||4|||57|||4|||1
str|||17|||57|||16|||1
str|||18|||57|||33|||1
f|||4|||58|||13|||1
j|||56|||58|||17|||1
j|||57|||58|||23|||1
j|||58|||58|||34|||1
f|||5|||58|||38|||1
j|||59|||58|||42|||1
f|||6|||58|||48|||1
a|||19|||59|||1|||1
b|||23|||59|||5|||1
lcm|||6|||59|||9|||1
a|||20|||59|||12|||1
b|||24|||59|||14|||1
a|||21|||59|||17|||1
b|||25|||59|||19|||1
lcm|||7|||59|||23|||1
a|||22|||59|||25|||1
lcm|||8|||59|||29|||1
b|||26|||59|||31|||1
lcm|||9|||59|||35|||1
lcm|||10|||59|||44|||1
