protected|||1|||0|||0|||6
class|||1|||0|||1|||6
private|||1|||0|||4|||6
public|||1|||1|||0|||6
class|||2|||1|||1|||6
public|||2|||1|||4|||6
private|||2|||2|||0|||6
class|||3|||2|||1|||6
private|||3|||2|||4|||6
protected|||2|||3|||0|||6
class|||4|||3|||1|||6
protected|||3|||3|||4|||6
public|||3|||4|||0|||6
class|||5|||4|||1|||6
public|||4|||4|||4|||6
private|||4|||5|||0|||6
class|||6|||5|||1|||6
private|||5|||5|||4|||6
protected|||4|||6|||0|||6
class|||7|||6|||1|||6
protected|||5|||6|||4|||6
public|||5|||7|||0|||6
class|||8|||7|||1|||6
public|||6|||7|||4|||6
private|||6|||8|||0|||6
class|||9|||8|||1|||6
private|||7|||8|||4|||6
protected|||6|||9|||0|||6
class|||10|||9|||1|||6
protected|||7|||9|||4|||6
public|||7|||10|||0|||6
class|||11|||10|||1|||6
public|||8|||10|||4|||6
private|||8|||11|||0|||6
class|||12|||11|||1|||6
private|||9|||11|||4|||6
protected|||8|||12|||0|||6
class|||13|||12|||1|||6
protected|||9|||12|||4|||6
public|||9|||13|||0|||6
class|||14|||13|||1|||6
public|||10|||13|||4|||6
private|||10|||14|||0|||6
class|||15|||14|||1|||6
private|||11|||14|||4|||6
protected|||10|||15|||0|||6
class|||16|||15|||1|||6
protected|||11|||15|||4|||6
public|||11|||16|||0|||6
class|||17|||16|||1|||6
public|||12|||16|||4|||6
private|||12|||17|||0|||6
class|||18|||17|||1|||6
private|||13|||17|||4|||6
protected|||12|||18|||0|||6
class|||19|||18|||1|||6
protected|||13|||18|||4|||6
public|||13|||19|||0|||6
class|||20|||19|||1|||6
public|||14|||19|||4|||6
private|||14|||20|||0|||6
class|||21|||20|||1|||6
private|||15|||20|||4|||6
protected|||14|||21|||0|||6
class|||22|||21|||1|||6
protected|||15|||21|||4|||6
public|||15|||22|||0|||6
class|||23|||22|||1|||6
public|||16|||22|||4|||6
private|||16|||23|||0|||6
class|||24|||23|||1|||6
private|||17|||23|||4|||6
AlgorithmicBase|||1|||0|||2|||7
{|||1|||0|||3|||7
main|||1|||0|||7|||7
(|||1|||0|||8|||7
{|||2|||0|||14|||7
{|||3|||0|||34|||7
RepeatMechanism|||1|||1|||2|||7
{|||4|||1|||3|||7
main|||2|||1|||7|||7
(|||4|||1|||8|||7
{|||5|||1|||14|||7
{|||6|||1|||34|||7
NumberRange|||1|||2|||2|||7
{|||7|||2|||3|||7
main|||3|||2|||7|||7
(|||7|||2|||8|||7
{|||8|||2|||14|||7
{|||9|||2|||26|||7
LoopProcess|||1|||3|||2|||7
{|||10|||3|||3|||7
main|||4|||3|||7|||7
(|||11|||3|||8|||7
{|||11|||3|||14|||7
{|||12|||3|||26|||7
DecisionGate|||1|||4|||2|||7
{|||13|||4|||3|||7
main|||5|||4|||7|||7
(|||14|||4|||8|||7
{|||14|||4|||14|||7
{|||15|||4|||34|||7
ConditionFail|||1|||5|||2|||7
{|||16|||5|||3|||7
main|||6|||5|||7|||7
(|||18|||5|||8|||7
{|||17|||5|||14|||7
{|||18|||5|||34|||7
ArrayModify|||1|||6|||2|||7
{|||19|||6|||3|||7
main|||7|||6|||7|||7
(|||23|||6|||8|||7
{|||20|||6|||14|||7
DataStore|||1|||7|||2|||7
{|||21|||7|||3|||7
main|||8|||7|||7|||7
(|||26|||7|||8|||7
{|||22|||7|||14|||7
IterateAction|||1|||8|||2|||7
{|||23|||8|||3|||7
main|||9|||8|||7|||7
(|||29|||8|||8|||7
{|||24|||8|||14|||7
{|||25|||8|||31|||7
LimitAchieved|||1|||9|||2|||7
{|||26|||9|||3|||7
main|||10|||9|||7|||7
(|||33|||9|||8|||7
{|||27|||9|||14|||7
{|||28|||9|||26|||7
StartState|||1|||10|||2|||7
{|||29|||10|||3|||7
main|||11|||10|||7|||7
(|||37|||10|||8|||7
{|||30|||10|||14|||7
InitializeVal|||1|||11|||2|||7
{|||31|||11|||3|||7
main|||12|||11|||7|||7
(|||40|||11|||8|||7
{|||32|||11|||14|||7
SpanRun|||1|||12|||2|||7
{|||33|||12|||3|||7
main|||13|||12|||7|||7
(|||43|||12|||8|||7
{|||34|||12|||14|||7
{|||35|||12|||34|||7
BoundCheck|||1|||13|||2|||7
{|||36|||13|||3|||7
main|||14|||13|||7|||7
(|||46|||13|||8|||7
{|||37|||13|||14|||7
{|||38|||13|||34|||7
QuickCycle|||1|||14|||2|||7
{|||39|||14|||3|||7
main|||15|||14|||7|||7
(|||49|||14|||8|||7
{|||40|||14|||14|||7
{|||41|||14|||31|||7
BriefRepeat|||1|||15|||2|||7
{|||42|||15|||3|||7
main|||16|||15|||7|||7
(|||53|||15|||8|||7
{|||43|||15|||14|||7
{|||44|||15|||26|||7
SizeCheck|||1|||16|||2|||7
{|||45|||16|||3|||7
main|||17|||16|||7|||7
(|||57|||16|||8|||7
{|||46|||16|||14|||7
{|||47|||16|||31|||7
NotSmaller|||1|||17|||2|||7
{|||48|||17|||3|||7
main|||18|||17|||7|||7
(|||60|||17|||8|||7
{|||49|||17|||14|||7
{|||50|||17|||33|||7
ScaleValue|||1|||18|||2|||7
{|||51|||18|||3|||7
main|||19|||18|||7|||7
(|||63|||18|||8|||7
{|||52|||18|||14|||7
ItemScale|||1|||19|||2|||7
{|||54|||19|||3|||7
main|||20|||19|||7|||7
(|||65|||19|||8|||7
{|||55|||19|||14|||7
IncrStep|||1|||20|||2|||7
{|||57|||20|||3|||7
main|||21|||20|||7|||7
(|||67|||20|||8|||7
{|||58|||20|||14|||7
{|||59|||20|||31|||7
StepAdvance|||1|||21|||2|||7
{|||60|||21|||3|||7
main|||22|||21|||7|||7
(|||71|||21|||8|||7
{|||61|||21|||14|||7
{|||62|||21|||31|||7
OriginZero|||1|||22|||2|||7
{|||63|||22|||3|||7
main|||23|||22|||7|||7
(|||75|||22|||8|||7
{|||64|||22|||14|||7
FirstPos|||1|||23|||2|||7
{|||65|||23|||3|||7
main|||24|||23|||7|||7
(|||78|||23|||8|||7
{|||66|||23|||14|||7
static|||1|||0|||5|||5
void|||1|||0|||6|||5
static|||2|||1|||5|||5
void|||2|||1|||6|||5
static|||3|||2|||5|||5
void|||3|||2|||6|||5
static|||4|||3|||5|||5
void|||4|||3|||6|||5
static|||5|||4|||5|||5
void|||5|||4|||6|||5
static|||6|||5|||5|||5
void|||6|||5|||6|||5
static|||7|||6|||5|||5
void|||7|||6|||6|||5
static|||8|||7|||5|||5
void|||8|||7|||6|||5
static|||9|||8|||5|||5
void|||9|||8|||6|||5
static|||10|||9|||5|||5
void|||10|||9|||6|||5
static|||11|||10|||5|||5
void|||11|||10|||6|||5
static|||12|||11|||5|||5
void|||12|||11|||6|||5
static|||13|||12|||5|||5
void|||13|||12|||6|||5
static|||14|||13|||5|||5
void|||14|||13|||6|||5
static|||15|||14|||5|||5
void|||15|||14|||6|||5
static|||16|||15|||5|||5
void|||16|||15|||6|||5
static|||17|||16|||5|||5
void|||17|||16|||6|||5
static|||18|||17|||5|||5
void|||18|||17|||6|||5
static|||19|||18|||5|||5
void|||19|||18|||6|||5
static|||20|||19|||5|||5
void|||20|||19|||6|||5
static|||21|||20|||5|||5
void|||21|||20|||6|||5
static|||22|||21|||5|||5
void|||22|||21|||6|||5
static|||23|||22|||5|||5
void|||23|||22|||6|||5
static|||24|||23|||5|||5
void|||24|||23|||6|||5
String|||1|||0|||9|||4
[|||1|||0|||10|||4
]|||1|||0|||11|||4
programArgs|||1|||0|||12|||4
String|||2|||1|||9|||4
[|||2|||1|||10|||4
]|||2|||1|||11|||4
args|||1|||1|||12|||4
String|||3|||2|||9|||4
[|||3|||2|||10|||4
]|||3|||2|||11|||4
args|||2|||2|||12|||4
String|||4|||3|||9|||4
[|||4|||3|||10|||4
]|||4|||3|||11|||4
args|||3|||3|||12|||4
String|||5|||4|||9|||4
[|||5|||4|||10|||4
]|||5|||4|||11|||4
args|||4|||4|||12|||4
String|||6|||5|||9|||4
[|||6|||5|||10|||4
]|||6|||5|||11|||4
args|||5|||5|||12|||4
String|||7|||6|||9|||4
[|||7|||6|||10|||4
]|||7|||6|||11|||4
args|||6|||6|||12|||4
[|||8|||6|||16|||4
[|||9|||6|||22|||4
String|||8|||7|||9|||4
[|||13|||7|||10|||4
]|||13|||7|||11|||4
args|||7|||7|||12|||4
[|||14|||7|||16|||4
[|||15|||7|||22|||4
String|||9|||8|||9|||4
[|||18|||8|||10|||4
]|||18|||8|||11|||4
args|||8|||8|||12|||4
String|||10|||9|||9|||4
[|||19|||9|||10|||4
]|||19|||9|||11|||4
args|||9|||9|||12|||4
String|||11|||10|||9|||4
[|||20|||10|||10|||4
]|||20|||10|||11|||4
args|||10|||10|||12|||4
String|||12|||11|||9|||4
[|||21|||11|||10|||4
]|||21|||11|||11|||4
args|||11|||11|||12|||4
String|||13|||12|||9|||4
[|||22|||12|||10|||4
]|||22|||12|||11|||4
args|||12|||12|||12|||4
String|||14|||13|||9|||4
[|||23|||13|||10|||4
]|||23|||13|||11|||4
args|||13|||13|||12|||4
String|||15|||14|||9|||4
[|||24|||14|||10|||4
]|||24|||14|||11|||4
args|||14|||14|||12|||4
String|||16|||15|||9|||4
[|||25|||15|||10|||4
]|||25|||15|||11|||4
args|||15|||15|||12|||4
String|||17|||16|||9|||4
[|||26|||16|||10|||4
]|||26|||16|||11|||4
args|||16|||16|||12|||4
String|||18|||17|||9|||4
[|||27|||17|||10|||4
]|||27|||17|||11|||4
args|||17|||17|||12|||4
String|||19|||18|||9|||4
[|||28|||18|||10|||4
]|||28|||18|||11|||4
args|||18|||18|||12|||4
[|||29|||18|||16|||4
String|||20|||19|||9|||4
[|||33|||19|||10|||4
]|||33|||19|||11|||4
args|||19|||19|||12|||4
[|||34|||19|||16|||4
String|||21|||20|||9|||4
[|||37|||20|||10|||4
]|||37|||20|||11|||4
args|||20|||20|||12|||4
String|||22|||21|||9|||4
[|||38|||21|||10|||4
]|||38|||21|||11|||4
args|||21|||21|||12|||4
String|||23|||22|||9|||4
[|||39|||22|||10|||4
]|||39|||22|||11|||4
args|||22|||22|||12|||4
String|||24|||23|||9|||4
[|||40|||23|||10|||4
]|||40|||23|||11|||4
args|||23|||23|||12|||4
)|||1|||0|||13|||9
;|||1|||0|||19|||9
)|||2|||0|||33|||9
)|||3|||0|||42|||9
;|||4|||0|||43|||9
)|||4|||1|||13|||9
;|||5|||1|||19|||9
)|||5|||1|||33|||9
)|||6|||1|||42|||9
;|||8|||1|||43|||9
)|||7|||2|||13|||9
;|||9|||2|||19|||9
)|||8|||2|||25|||9
)|||10|||2|||37|||9
;|||10|||2|||38|||9
;|||11|||2|||41|||9
)|||11|||3|||13|||9
;|||12|||3|||19|||9
)|||12|||3|||25|||9
)|||13|||3|||34|||9
;|||13|||3|||35|||9
;|||14|||3|||38|||9
)|||14|||4|||13|||9
;|||15|||4|||19|||9
;|||16|||4|||24|||9
)|||16|||4|||33|||9
)|||17|||4|||42|||9
;|||17|||4|||43|||9
)|||18|||5|||13|||9
;|||18|||5|||19|||9
;|||19|||5|||24|||9
)|||19|||5|||32|||9
)|||20|||5|||33|||9
)|||22|||5|||45|||9
;|||20|||5|||46|||9
)|||23|||6|||13|||9
;|||21|||6|||25|||9
;|||22|||6|||40|||9
)|||25|||6|||51|||9
;|||23|||6|||52|||9
)|||26|||7|||13|||9
;|||24|||7|||25|||9
;|||25|||7|||35|||9
)|||28|||7|||46|||9
;|||26|||7|||47|||9
)|||29|||8|||13|||9
;|||27|||8|||17|||9
)|||30|||8|||30|||9
)|||32|||8|||42|||9
;|||30|||8|||43|||9
)|||33|||9|||13|||9
;|||31|||9|||19|||9
)|||34|||9|||25|||9
)|||36|||9|||37|||9
;|||32|||9|||38|||9
;|||33|||9|||41|||9
)|||37|||10|||13|||9
;|||34|||10|||19|||9
)|||39|||10|||30|||9
;|||35|||10|||31|||9
)|||40|||11|||13|||9
;|||36|||11|||19|||9
)|||42|||11|||30|||9
;|||37|||11|||31|||9
)|||43|||12|||13|||9
;|||38|||12|||19|||9
)|||44|||12|||33|||9
)|||45|||12|||42|||9
;|||41|||12|||43|||9
)|||46|||13|||13|||9
;|||42|||13|||19|||9
)|||47|||13|||33|||9
)|||48|||13|||42|||9
;|||45|||13|||43|||9
)|||49|||14|||13|||9
;|||46|||14|||17|||9
)|||50|||14|||30|||9
)|||52|||14|||42|||9
;|||49|||14|||43|||9
)|||53|||15|||13|||9
;|||50|||15|||19|||9
)|||54|||15|||25|||9
)|||56|||15|||37|||9
;|||51|||15|||38|||9
;|||52|||15|||41|||9
)|||57|||16|||13|||9
;|||53|||16|||19|||9
;|||54|||16|||24|||9
)|||58|||16|||30|||9
)|||59|||16|||43|||9
;|||55|||16|||44|||9
)|||60|||17|||13|||9
;|||56|||17|||19|||9
;|||57|||17|||24|||9
)|||61|||17|||32|||9
)|||62|||17|||45|||9
;|||58|||17|||46|||9
)|||63|||18|||13|||9
;|||59|||18|||31|||9
;|||60|||18|||43|||9
)|||64|||18|||54|||9
;|||61|||18|||55|||9
)|||65|||19|||13|||9
;|||62|||19|||31|||9
;|||63|||19|||38|||9
)|||66|||19|||49|||9
;|||64|||19|||50|||9
)|||67|||20|||13|||9
;|||65|||20|||17|||9
)|||68|||20|||30|||9
)|||70|||20|||42|||9
;|||68|||20|||43|||9
)|||71|||21|||13|||9
;|||69|||21|||17|||9
)|||72|||21|||30|||9
)|||74|||21|||42|||9
;|||72|||21|||43|||9
)|||75|||22|||13|||9
;|||73|||22|||19|||9
)|||77|||22|||30|||9
;|||74|||22|||31|||9
)|||78|||23|||13|||9
;|||75|||23|||19|||9
)|||80|||23|||30|||9
;|||76|||23|||31|||9
float|||1|||0|||15|||2
int|||1|||0|||22|||2
float|||2|||1|||15|||2
int|||2|||1|||22|||2
float|||3|||2|||15|||2
int|||3|||2|||34|||2
float|||4|||3|||15|||2
int|||4|||4|||15|||2
int|||5|||4|||20|||2
float|||5|||4|||30|||2
float|||6|||5|||15|||2
float|||7|||5|||20|||2
int|||6|||5|||42|||2
int|||7|||6|||15|||2
int|||8|||6|||21|||2
int|||9|||6|||37|||2
int|||10|||7|||15|||2
int|||11|||7|||21|||2
int|||12|||7|||32|||2
float|||8|||8|||15|||2
int|||13|||8|||39|||2
float|||9|||9|||15|||2
int|||14|||9|||34|||2
float|||10|||10|||15|||2
int|||15|||10|||27|||2
float|||11|||11|||15|||2
int|||16|||11|||27|||2
int|||17|||12|||15|||2
int|||18|||12|||22|||2
int|||19|||13|||15|||2
int|||20|||13|||22|||2
float|||12|||14|||15|||2
int|||21|||14|||39|||2
float|||13|||15|||15|||2
int|||22|||15|||34|||2
float|||14|||16|||15|||2
float|||15|||16|||20|||2
float|||16|||17|||15|||2
float|||17|||17|||20|||2
int|||23|||18|||15|||2
int|||24|||19|||15|||2
float|||18|||20|||15|||2
int|||25|||20|||39|||2
float|||19|||21|||15|||2
int|||26|||21|||39|||2
float|||20|||22|||15|||2
int|||27|||22|||27|||2
float|||21|||23|||15|||2
int|||28|||23|||27|||2
totalElements|||1|||0|||16|||1
counter|||1|||0|||23|||1
counter|||2|||0|||27|||1
totalElements|||2|||0|||29|||1
counter|||3|||0|||31|||1
counter|||4|||0|||41|||1
itemsToRepeat|||1|||1|||16|||1
index|||1|||1|||23|||1
index|||2|||1|||27|||1
itemsToRepeat|||2|||1|||29|||1
index|||3|||1|||31|||1
index|||4|||1|||41|||1
iVal|||1|||2|||16|||1
iVal|||2|||2|||22|||1
iVal|||3|||2|||36|||1
iVal|||4|||2|||39|||1
iterator|||1|||3|||16|||1
iterator|||2|||3|||22|||1
iterator|||3|||3|||33|||1
iterator|||4|||3|||36|||1
currentIdx|||1|||4|||16|||1
maxValue|||1|||4|||21|||1
currentIdx|||2|||4|||27|||1
maxValue|||2|||4|||32|||1
currentIdx|||3|||4|||41|||1
checkIdx|||1|||5|||16|||1
upperLim|||1|||5|||21|||1
checkIdx|||2|||5|||29|||1
upperLim|||2|||5|||31|||1
checkIdx|||3|||5|||44|||1
dataPoints|||1|||6|||18|||1
dataPoints|||2|||6|||26|||1
dataPoints|||3|||6|||31|||1
dataPoints|||4|||6|||47|||1
container|||1|||7|||18|||1
container|||2|||7|||26|||1
container|||3|||7|||42|||1
kVal|||1|||8|||16|||1
kVal|||2|||8|||20|||1
kVal|||3|||8|||24|||1
kVal|||4|||8|||28|||1
kVal|||5|||8|||41|||1
limiter|||1|||9|||16|||1
limiter|||2|||9|||22|||1
limiter|||3|||9|||36|||1
limiter|||4|||9|||39|||1
initialValue|||1|||10|||16|||1
initialValue|||2|||10|||29|||1
identifier|||1|||11|||16|||1
identifier|||2|||11|||29|||1
limit|||1|||12|||16|||1
counterInner|||1|||12|||23|||1
counterInner|||2|||12|||27|||1
limit|||2|||12|||29|||1
counterInner|||3|||12|||31|||1
counterInner|||4|||12|||41|||1
topRange|||1|||13|||16|||1
walker|||1|||13|||23|||1
walker|||2|||13|||27|||1
topRange|||2|||13|||29|||1
walker|||3|||13|||31|||1
walker|||4|||13|||41|||1
loopCount|||1|||14|||16|||1
loopCount|||2|||14|||20|||1
loopCount|||3|||14|||24|||1
loopCount|||4|||14|||28|||1
loopCount|||5|||14|||41|||1
cycleVal|||1|||15|||16|||1
cycleVal|||2|||15|||22|||1
cycleVal|||3|||15|||36|||1
cycleVal|||4|||15|||39|||1
lengthVal|||1|||16|||16|||1
widthVal|||1|||16|||21|||1
lengthVal|||2|||16|||27|||1
widthVal|||2|||16|||29|||1
leftSide|||1|||17|||16|||1
rightSide|||1|||17|||21|||1
leftSide|||2|||17|||27|||1
rightSide|||2|||17|||29|||1
valueSet|||1|||18|||18|||1
valueSet|||2|||18|||32|||1
valueSet|||3|||18|||37|||1
valueSet|||4|||18|||50|||1
numberList|||1|||19|||18|||1
numberList|||2|||19|||32|||1
numberList|||3|||19|||45|||1
indexLoop|||1|||20|||16|||1
indexLoop|||2|||20|||20|||1
indexLoop|||3|||20|||24|||1
indexLoop|||4|||20|||28|||1
indexLoop|||5|||20|||41|||1
countIndex|||1|||21|||16|||1
countIndex|||2|||21|||20|||1
countIndex|||3|||21|||24|||1
countIndex|||4|||21|||28|||1
countIndex|||5|||21|||41|||1
zero|||1|||22|||16|||1
zero|||2|||22|||29|||1
startVal|||1|||23|||16|||1
startVal|||2|||23|||29|||1
=|||1|||0|||17|||3
10|||1|||0|||18|||3
for|||1|||0|||20|||3
(|||2|||0|||21|||3
=|||2|||0|||24|||3
0|||1|||0|||25|||3
;|||2|||0|||26|||3
<|||1|||0|||28|||3
;|||3|||0|||30|||3
++|||1|||0|||32|||3
(|||3|||0|||40|||3
=|||3|||1|||17|||3
10|||2|||1|||18|||3
for|||2|||1|||20|||3
(|||5|||1|||21|||3
=|||4|||1|||24|||3
0|||2|||1|||25|||3
;|||6|||1|||26|||3
<|||2|||1|||28|||3
;|||7|||1|||30|||3
++|||2|||1|||32|||3
(|||6|||1|||40|||3
=|||5|||2|||17|||3
0|||3|||2|||18|||3
while|||1|||2|||20|||3
(|||8|||2|||21|||3
<|||3|||2|||23|||3
10|||3|||2|||24|||3
(|||9|||2|||32|||3
(|||10|||2|||33|||3
)|||9|||2|||35|||3
++|||3|||2|||40|||3
=|||6|||3|||17|||3
0|||4|||3|||18|||3
while|||2|||3|||20|||3
(|||12|||3|||21|||3
<|||4|||3|||23|||3
10|||4|||3|||24|||3
(|||13|||3|||32|||3
++|||4|||3|||37|||3
=|||7|||4|||17|||3
5|||1|||4|||18|||3
=|||8|||4|||22|||3
10|||5|||4|||23|||3
if|||1|||4|||25|||3
(|||15|||4|||26|||3
<|||5|||4|||28|||3
(|||16|||4|||29|||3
)|||15|||4|||31|||3
(|||17|||4|||40|||3
=|||9|||5|||17|||3
5|||2|||5|||18|||3
=|||10|||5|||22|||3
10|||6|||5|||23|||3
if|||2|||5|||25|||3
(|||19|||5|||26|||3
!|||1|||5|||27|||3
(|||20|||5|||28|||3
>=|||1|||5|||30|||3
(|||21|||5|||40|||3
(|||22|||5|||41|||3
)|||21|||5|||43|||3
]|||8|||6|||17|||3
=|||11|||6|||19|||3
new|||1|||6|||20|||3
5|||3|||6|||23|||3
]|||9|||6|||24|||3
[|||10|||6|||27|||3
0|||5|||6|||28|||3
]|||10|||6|||29|||3
=|||12|||6|||30|||3
[|||11|||6|||32|||3
0|||6|||6|||33|||3
]|||11|||6|||34|||3
+|||1|||6|||35|||3
(|||24|||6|||36|||3
)|||24|||6|||38|||3
100.0f|||1|||6|||39|||3
(|||25|||6|||46|||3
[|||12|||6|||48|||3
0|||7|||6|||49|||3
]|||12|||6|||50|||3
]|||14|||7|||17|||3
=|||13|||7|||19|||3
new|||2|||7|||20|||3
5|||4|||7|||23|||3
]|||15|||7|||24|||3
[|||16|||7|||27|||3
0|||8|||7|||28|||3
]|||16|||7|||29|||3
+=|||1|||7|||30|||3
(|||27|||7|||31|||3
)|||27|||7|||33|||3
100.0f|||2|||7|||34|||3
(|||28|||7|||41|||3
[|||17|||7|||43|||3
0|||9|||7|||44|||3
]|||17|||7|||45|||3
for|||3|||8|||18|||3
(|||30|||8|||19|||3
=|||14|||8|||21|||3
0|||10|||8|||22|||3
;|||28|||8|||23|||3
<|||6|||8|||25|||3
5|||5|||8|||26|||3
;|||29|||8|||27|||3
++|||5|||8|||29|||3
(|||31|||8|||37|||3
(|||32|||8|||38|||3
)|||31|||8|||40|||3
=|||15|||9|||17|||3
0|||11|||9|||18|||3
while|||3|||9|||20|||3
(|||34|||9|||21|||3
<=|||1|||9|||23|||3
5|||6|||9|||24|||3
(|||35|||9|||32|||3
(|||36|||9|||33|||3
)|||35|||9|||35|||3
++|||6|||9|||40|||3
=|||16|||10|||17|||3
0|||12|||10|||18|||3
(|||38|||10|||25|||3
(|||39|||10|||26|||3
)|||38|||10|||28|||3
=|||17|||11|||17|||3
1|||1|||11|||18|||3
(|||41|||11|||25|||3
(|||42|||11|||26|||3
)|||41|||11|||28|||3
=|||18|||12|||17|||3
10|||7|||12|||18|||3
for|||4|||12|||20|||3
(|||44|||12|||21|||3
=|||19|||12|||24|||3
0|||13|||12|||25|||3
;|||39|||12|||26|||3
<|||7|||12|||28|||3
;|||40|||12|||30|||3
++|||7|||12|||32|||3
(|||45|||12|||40|||3
=|||20|||13|||17|||3
10|||8|||13|||18|||3
for|||5|||13|||20|||3
(|||47|||13|||21|||3
=|||21|||13|||24|||3
0|||14|||13|||25|||3
;|||43|||13|||26|||3
<|||8|||13|||28|||3
;|||44|||13|||30|||3
++|||8|||13|||32|||3
(|||48|||13|||40|||3
for|||6|||14|||18|||3
(|||50|||14|||19|||3
=|||22|||14|||21|||3
0|||15|||14|||22|||3
;|||47|||14|||23|||3
<|||9|||14|||25|||3
5|||7|||14|||26|||3
;|||48|||14|||27|||3
++|||9|||14|||29|||3
(|||51|||14|||37|||3
(|||52|||14|||38|||3
)|||51|||14|||40|||3
=|||23|||15|||17|||3
0|||16|||15|||18|||3
while|||4|||15|||20|||3
(|||54|||15|||21|||3
<|||10|||15|||23|||3
5|||8|||15|||24|||3
(|||55|||15|||32|||3
(|||56|||15|||33|||3
)|||55|||15|||35|||3
++|||10|||15|||40|||3
=|||24|||16|||17|||3
7|||1|||16|||18|||3
=|||25|||16|||22|||3
10|||9|||16|||23|||3
if|||3|||16|||25|||3
(|||58|||16|||26|||3
>|||1|||16|||28|||3
(|||59|||16|||37|||3
"|||1|||16|||38|||3
x|||1|||16|||39|||3
is|||1|||16|||40|||3
greater|||1|||16|||41|||3
"|||2|||16|||42|||3
=|||26|||17|||17|||3
7|||2|||17|||18|||3
=|||27|||17|||22|||3
10|||10|||17|||23|||3
if|||4|||17|||25|||3
(|||61|||17|||26|||3
<=|||2|||17|||28|||3
==|||1|||17|||30|||3
false|||1|||17|||31|||3
(|||62|||17|||39|||3
"|||3|||17|||40|||3
x|||2|||17|||41|||3
is|||2|||17|||42|||3
greater|||2|||17|||43|||3
"|||4|||17|||44|||3
]|||29|||18|||17|||3
=|||28|||18|||19|||3
{|||53|||18|||20|||3
1|||2|||18|||21|||3
,|||1|||18|||22|||3
2|||1|||18|||23|||3
,|||2|||18|||24|||3
3|||1|||18|||25|||3
,|||3|||18|||26|||3
4|||1|||18|||27|||3
,|||4|||18|||28|||3
5|||9|||18|||29|||3
}|||51|||18|||30|||3
[|||30|||18|||33|||3
2|||2|||18|||34|||3
]|||30|||18|||35|||3
=|||29|||18|||36|||3
[|||31|||18|||38|||3
2|||3|||18|||39|||3
]|||31|||18|||40|||3
*|||1|||18|||41|||3
2|||4|||18|||42|||3
(|||64|||18|||49|||3
[|||32|||18|||51|||3
2|||5|||18|||52|||3
]|||32|||18|||53|||3
]|||34|||19|||17|||3
=|||30|||19|||19|||3
{|||56|||19|||20|||3
1|||3|||19|||21|||3
,|||5|||19|||22|||3
2|||6|||19|||23|||3
,|||6|||19|||24|||3
3|||2|||19|||25|||3
,|||7|||19|||26|||3
4|||2|||19|||27|||3
,|||8|||19|||28|||3
5|||10|||19|||29|||3
}|||54|||19|||30|||3
[|||35|||19|||33|||3
2|||7|||19|||34|||3
]|||35|||19|||35|||3
*=|||1|||19|||36|||3
2|||8|||19|||37|||3
(|||66|||19|||44|||3
[|||36|||19|||46|||3
2|||9|||19|||47|||3
]|||36|||19|||48|||3
for|||7|||20|||18|||3
(|||68|||20|||19|||3
=|||31|||20|||21|||3
1|||4|||20|||22|||3
;|||66|||20|||23|||3
<|||11|||20|||25|||3
4|||3|||20|||26|||3
;|||67|||20|||27|||3
++|||11|||20|||29|||3
(|||69|||20|||37|||3
(|||70|||20|||38|||3
)|||69|||20|||40|||3
for|||8|||21|||18|||3
(|||72|||21|||19|||3
=|||32|||21|||21|||3
1|||5|||21|||22|||3
;|||70|||21|||23|||3
<=|||3|||21|||25|||3
4|||4|||21|||26|||3
;|||71|||21|||27|||3
++|||12|||21|||29|||3
(|||73|||21|||37|||3
(|||74|||21|||38|||3
)|||73|||21|||40|||3
=|||33|||22|||17|||3
0|||17|||22|||18|||3
(|||76|||22|||25|||3
(|||77|||22|||26|||3
)|||76|||22|||28|||3
=|||34|||23|||17|||3
1|||6|||23|||18|||3
(|||79|||23|||25|||3
(|||80|||23|||26|||3
)|||79|||23|||28|||3
System|||1|||0|||35|||0
.|||1|||0|||36|||0
out|||1|||0|||37|||0
.|||2|||0|||38|||0
println|||1|||0|||39|||0
System|||2|||1|||35|||0
.|||3|||1|||36|||0
out|||2|||1|||37|||0
.|||4|||1|||38|||0
println|||2|||1|||39|||0
System|||3|||2|||27|||0
.|||5|||2|||28|||0
out|||3|||2|||29|||0
.|||6|||2|||30|||0
println|||3|||2|||31|||0
System|||4|||3|||27|||0
.|||7|||3|||28|||0
out|||4|||3|||29|||0
.|||8|||3|||30|||0
println|||4|||3|||31|||0
System|||5|||4|||35|||0
.|||9|||4|||36|||0
out|||5|||4|||37|||0
.|||10|||4|||38|||0
println|||5|||4|||39|||0
System|||6|||5|||35|||0
.|||11|||5|||36|||0
out|||6|||5|||37|||0
.|||12|||5|||38|||0
println|||6|||5|||39|||0
System|||7|||6|||41|||0
.|||13|||6|||42|||0
out|||7|||6|||43|||0
.|||14|||6|||44|||0
println|||7|||6|||45|||0
System|||8|||7|||36|||0
.|||15|||7|||37|||0
out|||8|||7|||38|||0
.|||16|||7|||39|||0
println|||8|||7|||40|||0
System|||9|||8|||32|||0
.|||17|||8|||33|||0
out|||9|||8|||34|||0
.|||18|||8|||35|||0
println|||9|||8|||36|||0
System|||10|||9|||27|||0
.|||19|||9|||28|||0
out|||10|||9|||29|||0
.|||20|||9|||30|||0
println|||10|||9|||31|||0
System|||11|||10|||20|||0
.|||21|||10|||21|||0
out|||11|||10|||22|||0
.|||22|||10|||23|||0
println|||11|||10|||24|||0
System|||12|||11|||20|||0
.|||23|||11|||21|||0
out|||12|||11|||22|||0
.|||24|||11|||23|||0
println|||12|||11|||24|||0
System|||13|||12|||35|||0
.|||25|||12|||36|||0
out|||13|||12|||37|||0
.|||26|||12|||38|||0
println|||13|||12|||39|||0
System|||14|||13|||35|||0
.|||27|||13|||36|||0
out|||14|||13|||37|||0
.|||28|||13|||38|||0
println|||14|||13|||39|||0
System|||15|||14|||32|||0
.|||29|||14|||33|||0
out|||15|||14|||34|||0
.|||30|||14|||35|||0
println|||15|||14|||36|||0
System|||16|||15|||27|||0
.|||31|||15|||28|||0
out|||16|||15|||29|||0
.|||32|||15|||30|||0
println|||16|||15|||31|||0
System|||17|||16|||32|||0
.|||33|||16|||33|||0
out|||17|||16|||34|||0
.|||34|||16|||35|||0
println|||17|||16|||36|||0
System|||18|||17|||34|||0
.|||35|||17|||35|||0
out|||18|||17|||36|||0
.|||36|||17|||37|||0
println|||18|||17|||38|||0
System|||19|||18|||44|||0
.|||37|||18|||45|||0
out|||19|||18|||46|||0
.|||38|||18|||47|||0
println|||19|||18|||48|||0
System|||20|||19|||39|||0
.|||39|||19|||40|||0
out|||20|||19|||41|||0
.|||40|||19|||42|||0
println|||20|||19|||43|||0
System|||21|||20|||32|||0
.|||41|||20|||33|||0
out|||21|||20|||34|||0
.|||42|||20|||35|||0
println|||21|||20|||36|||0
System|||22|||21|||32|||0
.|||43|||21|||33|||0
out|||22|||21|||34|||0
.|||44|||21|||35|||0
println|||22|||21|||36|||0
System|||23|||22|||20|||0
.|||45|||22|||21|||0
out|||23|||22|||22|||0
.|||46|||22|||23|||0
println|||23|||22|||24|||0
System|||24|||23|||20|||0
.|||47|||23|||21|||0
out|||24|||23|||22|||0
.|||48|||23|||23|||0
println|||24|||23|||24|||0
}|||1|||0|||44|||8
}|||2|||0|||45|||8
}|||3|||0|||46|||8
}|||4|||1|||44|||8
}|||5|||1|||45|||8
}|||6|||1|||46|||8
}|||7|||2|||42|||8
}|||8|||2|||43|||8
}|||9|||2|||44|||8
}|||10|||3|||39|||8
}|||11|||3|||40|||8
}|||12|||3|||41|||8
}|||13|||4|||44|||8
}|||14|||4|||45|||8
}|||15|||4|||46|||8
}|||16|||5|||47|||8
}|||17|||5|||48|||8
}|||18|||5|||49|||8
}|||19|||6|||53|||8
}|||20|||6|||54|||8
}|||21|||7|||48|||8
}|||22|||7|||49|||8
}|||23|||8|||44|||8
}|||24|||8|||45|||8
}|||25|||8|||46|||8
}|||26|||9|||42|||8
}|||27|||9|||43|||8
}|||28|||9|||44|||8
}|||29|||10|||32|||8
}|||30|||10|||33|||8
}|||31|||11|||32|||8
}|||32|||11|||33|||8
}|||33|||12|||44|||8
}|||34|||12|||45|||8
}|||35|||12|||46|||8
}|||36|||13|||44|||8
}|||37|||13|||45|||8
}|||38|||13|||46|||8
}|||39|||14|||44|||8
}|||40|||14|||45|||8
}|||41|||14|||46|||8
}|||42|||15|||42|||8
}|||43|||15|||43|||8
}|||44|||15|||44|||8
}|||45|||16|||45|||8
}|||46|||16|||46|||8
}|||47|||16|||47|||8
}|||48|||17|||47|||8
}|||49|||17|||48|||8
}|||50|||17|||49|||8
}|||52|||18|||56|||8
}|||53|||18|||57|||8
}|||55|||19|||51|||8
}|||56|||19|||52|||8
}|||57|||20|||44|||8
}|||58|||20|||45|||8
}|||59|||20|||46|||8
}|||60|||21|||44|||8
}|||61|||21|||45|||8
}|||62|||21|||46|||8
}|||63|||22|||32|||8
}|||64|||22|||33|||8
}|||65|||23|||32|||8
}|||66|||23|||33|||8
