protected|||1|||0|||0|||1
class|||1|||0|||1|||1
private|||1|||0|||4|||1
public|||1|||1|||0|||1
class|||2|||1|||1|||1
public|||2|||1|||4|||1
private|||2|||2|||0|||1
class|||3|||2|||1|||1
private|||3|||2|||4|||1
protected|||2|||3|||0|||1
class|||4|||3|||1|||1
protected|||3|||3|||4|||1
public|||3|||4|||0|||1
class|||5|||4|||1|||1
public|||4|||4|||4|||1
private|||4|||5|||0|||1
class|||6|||5|||1|||1
private|||5|||5|||4|||1
protected|||4|||6|||0|||1
class|||7|||6|||1|||1
protected|||5|||6|||4|||1
public|||5|||7|||0|||1
class|||8|||7|||1|||1
public|||6|||7|||4|||1
private|||6|||8|||0|||1
class|||9|||8|||1|||1
private|||7|||8|||4|||1
protected|||6|||9|||0|||1
class|||10|||9|||1|||1
protected|||7|||9|||4|||1
public|||7|||10|||0|||1
class|||11|||10|||1|||1
public|||8|||10|||4|||1
private|||8|||11|||0|||1
class|||12|||11|||1|||1
private|||9|||11|||4|||1
protected|||8|||12|||0|||1
class|||13|||12|||1|||1
protected|||9|||12|||4|||1
public|||9|||13|||0|||1
class|||14|||13|||1|||1
public|||10|||13|||4|||1
private|||10|||14|||0|||1
class|||15|||14|||1|||1
private|||11|||14|||4|||1
protected|||10|||15|||0|||1
class|||16|||15|||1|||1
protected|||11|||15|||4|||1
public|||11|||16|||0|||1
class|||17|||16|||1|||1
public|||12|||16|||4|||1
private|||12|||17|||0|||1
class|||18|||17|||1|||1
private|||13|||17|||4|||1
protected|||12|||18|||0|||1
class|||19|||18|||1|||1
protected|||13|||18|||4|||1
public|||13|||19|||0|||1
class|||20|||19|||1|||1
public|||14|||19|||4|||1
private|||14|||20|||0|||1
class|||21|||20|||1|||1
private|||15|||20|||4|||1
protected|||14|||21|||0|||1
class|||22|||21|||1|||1
protected|||15|||21|||4|||1
public|||15|||22|||0|||1
class|||23|||22|||1|||1
public|||16|||22|||4|||1
private|||16|||23|||0|||1
class|||24|||23|||1|||1
private|||17|||23|||4|||1
AlgorithmicBase|||1|||0|||2|||6
totalElements|||1|||0|||16|||6
10|||1|||0|||18|||6
counter|||1|||0|||23|||6
counter|||2|||0|||27|||6
totalElements|||2|||0|||29|||6
counter|||3|||0|||31|||6
counter|||4|||0|||41|||6
RepeatMechanism|||1|||1|||2|||6
itemsToRepeat|||1|||1|||16|||6
10|||2|||1|||18|||6
index|||1|||1|||23|||6
index|||2|||1|||27|||6
itemsToRepeat|||2|||1|||29|||6
index|||3|||1|||31|||6
index|||4|||1|||41|||6
NumberRange|||1|||2|||2|||6
iVal|||1|||2|||16|||6
iVal|||2|||2|||22|||6
10|||3|||2|||24|||6
iVal|||3|||2|||36|||6
iVal|||4|||2|||39|||6
LoopProcess|||1|||3|||2|||6
iterator|||1|||3|||16|||6
iterator|||2|||3|||22|||6
10|||4|||3|||24|||6
iterator|||3|||3|||33|||6
iterator|||4|||3|||36|||6
DecisionGate|||1|||4|||2|||6
currentIdx|||1|||4|||16|||6
5|||1|||4|||18|||6
maxValue|||1|||4|||21|||6
10|||5|||4|||23|||6
currentIdx|||2|||4|||27|||6
maxValue|||2|||4|||32|||6
currentIdx|||3|||4|||41|||6
ConditionFail|||1|||5|||2|||6
checkIdx|||1|||5|||16|||6
5|||2|||5|||18|||6
upperLim|||1|||5|||21|||6
10|||6|||5|||23|||6
checkIdx|||2|||5|||29|||6
upperLim|||2|||5|||31|||6
checkIdx|||3|||5|||44|||6
ArrayModify|||1|||6|||2|||6
dataPoints|||1|||6|||18|||6
5|||3|||6|||23|||6
dataPoints|||2|||6|||26|||6
0|||5|||6|||28|||6
dataPoints|||3|||6|||31|||6
0|||6|||6|||33|||6
dataPoints|||4|||6|||47|||6
0|||7|||6|||49|||6
DataStore|||1|||7|||2|||6
container|||1|||7|||18|||6
5|||4|||7|||23|||6
container|||2|||7|||26|||6
0|||8|||7|||28|||6
container|||3|||7|||42|||6
0|||9|||7|||44|||6
IterateAction|||1|||8|||2|||6
kVal|||1|||8|||16|||6
kVal|||2|||8|||20|||6
kVal|||3|||8|||24|||6
5|||5|||8|||26|||6
kVal|||4|||8|||28|||6
kVal|||5|||8|||41|||6
LimitAchieved|||1|||9|||2|||6
limiter|||1|||9|||16|||6
limiter|||2|||9|||22|||6
5|||6|||9|||24|||6
limiter|||3|||9|||36|||6
limiter|||4|||9|||39|||6
StartState|||1|||10|||2|||6
initialValue|||1|||10|||16|||6
initialValue|||2|||10|||29|||6
InitializeVal|||1|||11|||2|||6
identifier|||1|||11|||16|||6
1|||1|||11|||18|||6
identifier|||2|||11|||29|||6
SpanRun|||1|||12|||2|||6
limit|||1|||12|||16|||6
10|||7|||12|||18|||6
counterInner|||1|||12|||23|||6
counterInner|||2|||12|||27|||6
limit|||2|||12|||29|||6
counterInner|||3|||12|||31|||6
counterInner|||4|||12|||41|||6
BoundCheck|||1|||13|||2|||6
topRange|||1|||13|||16|||6
10|||8|||13|||18|||6
walker|||1|||13|||23|||6
walker|||2|||13|||27|||6
topRange|||2|||13|||29|||6
walker|||3|||13|||31|||6
walker|||4|||13|||41|||6
QuickCycle|||1|||14|||2|||6
loopCount|||1|||14|||16|||6
loopCount|||2|||14|||20|||6
loopCount|||3|||14|||24|||6
5|||7|||14|||26|||6
loopCount|||4|||14|||28|||6
loopCount|||5|||14|||41|||6
BriefRepeat|||1|||15|||2|||6
cycleVal|||1|||15|||16|||6
cycleVal|||2|||15|||22|||6
5|||8|||15|||24|||6
cycleVal|||3|||15|||36|||6
cycleVal|||4|||15|||39|||6
SizeCheck|||1|||16|||2|||6
lengthVal|||1|||16|||16|||6
7|||1|||16|||18|||6
widthVal|||1|||16|||21|||6
10|||9|||16|||23|||6
lengthVal|||2|||16|||27|||6
widthVal|||2|||16|||29|||6
NotSmaller|||1|||17|||2|||6
leftSide|||1|||17|||16|||6
7|||2|||17|||18|||6
rightSide|||1|||17|||21|||6
10|||10|||17|||23|||6
leftSide|||2|||17|||27|||6
rightSide|||2|||17|||29|||6
ScaleValue|||1|||18|||2|||6
valueSet|||1|||18|||18|||6
1|||2|||18|||21|||6
2|||1|||18|||23|||6
3|||1|||18|||25|||6
4|||1|||18|||27|||6
5|||9|||18|||29|||6
valueSet|||2|||18|||32|||6
2|||2|||18|||34|||6
valueSet|||3|||18|||37|||6
2|||3|||18|||39|||6
valueSet|||4|||18|||50|||6
2|||5|||18|||52|||6
ItemScale|||1|||19|||2|||6
numberList|||1|||19|||18|||6
1|||3|||19|||21|||6
2|||6|||19|||23|||6
3|||2|||19|||25|||6
4|||2|||19|||27|||6
5|||10|||19|||29|||6
numberList|||2|||19|||32|||6
2|||7|||19|||34|||6
numberList|||3|||19|||45|||6
2|||9|||19|||47|||6
IncrStep|||1|||20|||2|||6
indexLoop|||1|||20|||16|||6
indexLoop|||2|||20|||20|||6
1|||4|||20|||22|||6
indexLoop|||3|||20|||24|||6
4|||3|||20|||26|||6
indexLoop|||4|||20|||28|||6
indexLoop|||5|||20|||41|||6
StepAdvance|||1|||21|||2|||6
countIndex|||1|||21|||16|||6
countIndex|||2|||21|||20|||6
1|||5|||21|||22|||6
countIndex|||3|||21|||24|||6
4|||4|||21|||26|||6
countIndex|||4|||21|||28|||6
countIndex|||5|||21|||41|||6
OriginZero|||1|||22|||2|||6
zero|||1|||22|||16|||6
zero|||2|||22|||29|||6
FirstPos|||1|||23|||2|||6
startVal|||1|||23|||16|||6
1|||6|||23|||18|||6
startVal|||2|||23|||29|||6
{|||1|||0|||3|||9
)|||1|||0|||13|||9
{|||2|||0|||14|||9
;|||1|||0|||19|||9
)|||2|||0|||33|||9
{|||3|||0|||34|||9
)|||3|||0|||42|||9
;|||4|||0|||43|||9
{|||4|||1|||3|||9
)|||4|||1|||13|||9
{|||5|||1|||14|||9
;|||5|||1|||19|||9
)|||5|||1|||33|||9
{|||6|||1|||34|||9
)|||6|||1|||42|||9
;|||8|||1|||43|||9
{|||7|||2|||3|||9
)|||7|||2|||13|||9
{|||8|||2|||14|||9
;|||9|||2|||19|||9
)|||8|||2|||25|||9
{|||9|||2|||26|||9
)|||10|||2|||37|||9
;|||10|||2|||38|||9
;|||11|||2|||41|||9
{|||10|||3|||3|||9
)|||11|||3|||13|||9
{|||11|||3|||14|||9
;|||12|||3|||19|||9
)|||12|||3|||25|||9
{|||12|||3|||26|||9
)|||13|||3|||34|||9
;|||13|||3|||35|||9
;|||14|||3|||38|||9
{|||13|||4|||3|||9
)|||14|||4|||13|||9
{|||14|||4|||14|||9
;|||15|||4|||19|||9
;|||16|||4|||24|||9
)|||16|||4|||33|||9
{|||15|||4|||34|||9
)|||17|||4|||42|||9
;|||17|||4|||43|||9
{|||16|||5|||3|||9
)|||18|||5|||13|||9
{|||17|||5|||14|||9
;|||18|||5|||19|||9
;|||19|||5|||24|||9
)|||19|||5|||32|||9
)|||20|||5|||33|||9
{|||18|||5|||34|||9
)|||22|||5|||45|||9
;|||20|||5|||46|||9
{|||19|||6|||3|||9
)|||23|||6|||13|||9
{|||20|||6|||14|||9
;|||21|||6|||25|||9
;|||22|||6|||40|||9
)|||25|||6|||51|||9
;|||23|||6|||52|||9
{|||21|||7|||3|||9
)|||26|||7|||13|||9
{|||22|||7|||14|||9
;|||24|||7|||25|||9
;|||25|||7|||35|||9
)|||28|||7|||46|||9
;|||26|||7|||47|||9
{|||23|||8|||3|||9
)|||29|||8|||13|||9
{|||24|||8|||14|||9
;|||27|||8|||17|||9
)|||30|||8|||30|||9
{|||25|||8|||31|||9
)|||32|||8|||42|||9
;|||30|||8|||43|||9
{|||26|||9|||3|||9
)|||33|||9|||13|||9
{|||27|||9|||14|||9
;|||31|||9|||19|||9
)|||34|||9|||25|||9
{|||28|||9|||26|||9
)|||36|||9|||37|||9
;|||32|||9|||38|||9
;|||33|||9|||41|||9
{|||29|||10|||3|||9
)|||37|||10|||13|||9
{|||30|||10|||14|||9
;|||34|||10|||19|||9
)|||39|||10|||30|||9
;|||35|||10|||31|||9
{|||31|||11|||3|||9
)|||40|||11|||13|||9
{|||32|||11|||14|||9
;|||36|||11|||19|||9
)|||42|||11|||30|||9
;|||37|||11|||31|||9
{|||33|||12|||3|||9
)|||43|||12|||13|||9
{|||34|||12|||14|||9
;|||38|||12|||19|||9
)|||44|||12|||33|||9
{|||35|||12|||34|||9
)|||45|||12|||42|||9
;|||41|||12|||43|||9
{|||36|||13|||3|||9
)|||46|||13|||13|||9
{|||37|||13|||14|||9
;|||42|||13|||19|||9
)|||47|||13|||33|||9
{|||38|||13|||34|||9
)|||48|||13|||42|||9
;|||45|||13|||43|||9
{|||39|||14|||3|||9
)|||49|||14|||13|||9
{|||40|||14|||14|||9
;|||46|||14|||17|||9
)|||50|||14|||30|||9
{|||41|||14|||31|||9
)|||52|||14|||42|||9
;|||49|||14|||43|||9
{|||42|||15|||3|||9
)|||53|||15|||13|||9
{|||43|||15|||14|||9
;|||50|||15|||19|||9
)|||54|||15|||25|||9
{|||44|||15|||26|||9
)|||56|||15|||37|||9
;|||51|||15|||38|||9
;|||52|||15|||41|||9
{|||45|||16|||3|||9
)|||57|||16|||13|||9
{|||46|||16|||14|||9
;|||53|||16|||19|||9
;|||54|||16|||24|||9
)|||58|||16|||30|||9
{|||47|||16|||31|||9
)|||59|||16|||43|||9
;|||55|||16|||44|||9
{|||48|||17|||3|||9
)|||60|||17|||13|||9
{|||49|||17|||14|||9
;|||56|||17|||19|||9
;|||57|||17|||24|||9
)|||61|||17|||32|||9
{|||50|||17|||33|||9
)|||62|||17|||45|||9
;|||58|||17|||46|||9
{|||51|||18|||3|||9
)|||63|||18|||13|||9
{|||52|||18|||14|||9
;|||59|||18|||31|||9
;|||60|||18|||43|||9
)|||64|||18|||54|||9
;|||61|||18|||55|||9
{|||54|||19|||3|||9
)|||65|||19|||13|||9
{|||55|||19|||14|||9
;|||62|||19|||31|||9
;|||63|||19|||38|||9
)|||66|||19|||49|||9
;|||64|||19|||50|||9
{|||57|||20|||3|||9
)|||67|||20|||13|||9
{|||58|||20|||14|||9
;|||65|||20|||17|||9
)|||68|||20|||30|||9
{|||59|||20|||31|||9
)|||70|||20|||42|||9
;|||68|||20|||43|||9
{|||60|||21|||3|||9
)|||71|||21|||13|||9
{|||61|||21|||14|||9
;|||69|||21|||17|||9
)|||72|||21|||30|||9
{|||62|||21|||31|||9
)|||74|||21|||42|||9
;|||72|||21|||43|||9
{|||63|||22|||3|||9
)|||75|||22|||13|||9
{|||64|||22|||14|||9
;|||73|||22|||19|||9
)|||77|||22|||30|||9
;|||74|||22|||31|||9
{|||65|||23|||3|||9
)|||78|||23|||13|||9
{|||66|||23|||14|||9
;|||75|||23|||19|||9
)|||80|||23|||30|||9
;|||76|||23|||31|||9
static|||1|||0|||5|||0
static|||2|||1|||5|||0
static|||3|||2|||5|||0
static|||4|||3|||5|||0
static|||5|||4|||5|||0
static|||6|||5|||5|||0
static|||7|||6|||5|||0
static|||8|||7|||5|||0
static|||9|||8|||5|||0
static|||10|||9|||5|||0
static|||11|||10|||5|||0
static|||12|||11|||5|||0
static|||13|||12|||5|||0
static|||14|||13|||5|||0
static|||15|||14|||5|||0
static|||16|||15|||5|||0
static|||17|||16|||5|||0
static|||18|||17|||5|||0
static|||19|||18|||5|||0
static|||20|||19|||5|||0
static|||21|||20|||5|||0
static|||22|||21|||5|||0
static|||23|||22|||5|||0
static|||24|||23|||5|||0
void|||1|||0|||6|||2
main|||1|||0|||7|||2
void|||2|||1|||6|||2
main|||2|||1|||7|||2
void|||3|||2|||6|||2
main|||3|||2|||7|||2
void|||4|||3|||6|||2
main|||4|||3|||7|||2
void|||5|||4|||6|||2
main|||5|||4|||7|||2
void|||6|||5|||6|||2
main|||6|||5|||7|||2
void|||7|||6|||6|||2
main|||7|||6|||7|||2
void|||8|||7|||6|||2
main|||8|||7|||7|||2
void|||9|||8|||6|||2
main|||9|||8|||7|||2
void|||10|||9|||6|||2
main|||10|||9|||7|||2
void|||11|||10|||6|||2
main|||11|||10|||7|||2
void|||12|||11|||6|||2
main|||12|||11|||7|||2
void|||13|||12|||6|||2
main|||13|||12|||7|||2
void|||14|||13|||6|||2
main|||14|||13|||7|||2
void|||15|||14|||6|||2
main|||15|||14|||7|||2
void|||16|||15|||6|||2
main|||16|||15|||7|||2
void|||17|||16|||6|||2
main|||17|||16|||7|||2
void|||18|||17|||6|||2
main|||18|||17|||7|||2
void|||19|||18|||6|||2
main|||19|||18|||7|||2
void|||20|||19|||6|||2
main|||20|||19|||7|||2
void|||21|||20|||6|||2
main|||21|||20|||7|||2
void|||22|||21|||6|||2
main|||22|||21|||7|||2
void|||23|||22|||6|||2
main|||23|||22|||7|||2
void|||24|||23|||6|||2
main|||24|||23|||7|||2
(|||1|||0|||8|||3
String|||1|||0|||9|||3
[|||1|||0|||10|||3
]|||1|||0|||11|||3
programArgs|||1|||0|||12|||3
(|||4|||1|||8|||3
String|||2|||1|||9|||3
[|||2|||1|||10|||3
]|||2|||1|||11|||3
args|||1|||1|||12|||3
(|||7|||2|||8|||3
String|||3|||2|||9|||3
[|||3|||2|||10|||3
]|||3|||2|||11|||3
args|||2|||2|||12|||3
(|||11|||3|||8|||3
String|||4|||3|||9|||3
[|||4|||3|||10|||3
]|||4|||3|||11|||3
args|||3|||3|||12|||3
(|||14|||4|||8|||3
String|||5|||4|||9|||3
[|||5|||4|||10|||3
]|||5|||4|||11|||3
args|||4|||4|||12|||3
(|||18|||5|||8|||3
String|||6|||5|||9|||3
[|||6|||5|||10|||3
]|||6|||5|||11|||3
args|||5|||5|||12|||3
(|||23|||6|||8|||3
String|||7|||6|||9|||3
[|||7|||6|||10|||3
]|||7|||6|||11|||3
args|||6|||6|||12|||3
(|||26|||7|||8|||3
String|||8|||7|||9|||3
[|||13|||7|||10|||3
]|||13|||7|||11|||3
args|||7|||7|||12|||3
(|||29|||8|||8|||3
String|||9|||8|||9|||3
[|||18|||8|||10|||3
]|||18|||8|||11|||3
args|||8|||8|||12|||3
(|||33|||9|||8|||3
String|||10|||9|||9|||3
[|||19|||9|||10|||3
]|||19|||9|||11|||3
args|||9|||9|||12|||3
(|||37|||10|||8|||3
String|||11|||10|||9|||3
[|||20|||10|||10|||3
]|||20|||10|||11|||3
args|||10|||10|||12|||3
(|||40|||11|||8|||3
String|||12|||11|||9|||3
[|||21|||11|||10|||3
]|||21|||11|||11|||3
args|||11|||11|||12|||3
(|||43|||12|||8|||3
String|||13|||12|||9|||3
[|||22|||12|||10|||3
]|||22|||12|||11|||3
args|||12|||12|||12|||3
(|||46|||13|||8|||3
String|||14|||13|||9|||3
[|||23|||13|||10|||3
]|||23|||13|||11|||3
args|||13|||13|||12|||3
(|||49|||14|||8|||3
String|||15|||14|||9|||3
[|||24|||14|||10|||3
]|||24|||14|||11|||3
args|||14|||14|||12|||3
(|||53|||15|||8|||3
String|||16|||15|||9|||3
[|||25|||15|||10|||3
]|||25|||15|||11|||3
args|||15|||15|||12|||3
(|||57|||16|||8|||3
String|||17|||16|||9|||3
[|||26|||16|||10|||3
]|||26|||16|||11|||3
args|||16|||16|||12|||3
(|||60|||17|||8|||3
String|||18|||17|||9|||3
[|||27|||17|||10|||3
]|||27|||17|||11|||3
args|||17|||17|||12|||3
(|||63|||18|||8|||3
String|||19|||18|||9|||3
[|||28|||18|||10|||3
]|||28|||18|||11|||3
args|||18|||18|||12|||3
(|||65|||19|||8|||3
String|||20|||19|||9|||3
[|||33|||19|||10|||3
]|||33|||19|||11|||3
args|||19|||19|||12|||3
(|||67|||20|||8|||3
String|||21|||20|||9|||3
[|||37|||20|||10|||3
]|||37|||20|||11|||3
args|||20|||20|||12|||3
(|||71|||21|||8|||3
String|||22|||21|||9|||3
[|||38|||21|||10|||3
]|||38|||21|||11|||3
args|||21|||21|||12|||3
(|||75|||22|||8|||3
String|||23|||22|||9|||3
[|||39|||22|||10|||3
]|||39|||22|||11|||3
args|||22|||22|||12|||3
(|||78|||23|||8|||3
String|||24|||23|||9|||3
[|||40|||23|||10|||3
]|||40|||23|||11|||3
args|||23|||23|||12|||3
float|||1|||0|||15|||5
int|||1|||0|||22|||5
float|||2|||1|||15|||5
int|||2|||1|||22|||5
float|||3|||2|||15|||5
int|||3|||2|||34|||5
float|||4|||3|||15|||5
int|||4|||4|||15|||5
int|||5|||4|||20|||5
float|||5|||4|||30|||5
float|||6|||5|||15|||5
float|||7|||5|||20|||5
int|||6|||5|||42|||5
int|||7|||6|||15|||5
int|||8|||6|||21|||5
int|||9|||6|||37|||5
int|||10|||7|||15|||5
int|||11|||7|||21|||5
int|||12|||7|||32|||5
float|||8|||8|||15|||5
int|||13|||8|||39|||5
float|||9|||9|||15|||5
int|||14|||9|||34|||5
float|||10|||10|||15|||5
int|||15|||10|||27|||5
float|||11|||11|||15|||5
int|||16|||11|||27|||5
int|||17|||12|||15|||5
int|||18|||12|||22|||5
int|||19|||13|||15|||5
int|||20|||13|||22|||5
float|||12|||14|||15|||5
int|||21|||14|||39|||5
float|||13|||15|||15|||5
int|||22|||15|||34|||5
float|||14|||16|||15|||5
float|||15|||16|||20|||5
float|||16|||17|||15|||5
float|||17|||17|||20|||5
int|||23|||18|||15|||5
int|||24|||19|||15|||5
float|||18|||20|||15|||5
int|||25|||20|||39|||5
float|||19|||21|||15|||5
int|||26|||21|||39|||5
float|||20|||22|||15|||5
int|||27|||22|||27|||5
float|||21|||23|||15|||5
int|||28|||23|||27|||5
=|||1|||0|||17|||8
for|||1|||0|||20|||8
(|||2|||0|||21|||8
=|||2|||0|||24|||8
0|||1|||0|||25|||8
;|||2|||0|||26|||8
<|||1|||0|||28|||8
;|||3|||0|||30|||8
++|||1|||0|||32|||8
(|||3|||0|||40|||8
=|||3|||1|||17|||8
for|||2|||1|||20|||8
(|||5|||1|||21|||8
=|||4|||1|||24|||8
0|||2|||1|||25|||8
;|||6|||1|||26|||8
<|||2|||1|||28|||8
;|||7|||1|||30|||8
++|||2|||1|||32|||8
(|||6|||1|||40|||8
=|||5|||2|||17|||8
0|||3|||2|||18|||8
while|||1|||2|||20|||8
(|||8|||2|||21|||8
<|||3|||2|||23|||8
(|||9|||2|||32|||8
(|||10|||2|||33|||8
)|||9|||2|||35|||8
++|||3|||2|||40|||8
=|||6|||3|||17|||8
0|||4|||3|||18|||8
while|||2|||3|||20|||8
(|||12|||3|||21|||8
<|||4|||3|||23|||8
(|||13|||3|||32|||8
++|||4|||3|||37|||8
=|||7|||4|||17|||8
=|||8|||4|||22|||8
if|||1|||4|||25|||8
(|||15|||4|||26|||8
<|||5|||4|||28|||8
(|||16|||4|||29|||8
)|||15|||4|||31|||8
(|||17|||4|||40|||8
=|||9|||5|||17|||8
=|||10|||5|||22|||8
if|||2|||5|||25|||8
(|||19|||5|||26|||8
!|||1|||5|||27|||8
(|||20|||5|||28|||8
>=|||1|||5|||30|||8
(|||21|||5|||40|||8
(|||22|||5|||41|||8
)|||21|||5|||43|||8
[|||8|||6|||16|||8
]|||8|||6|||17|||8
=|||11|||6|||19|||8
new|||1|||6|||20|||8
[|||9|||6|||22|||8
]|||9|||6|||24|||8
[|||10|||6|||27|||8
]|||10|||6|||29|||8
=|||12|||6|||30|||8
[|||11|||6|||32|||8
]|||11|||6|||34|||8
+|||1|||6|||35|||8
(|||24|||6|||36|||8
)|||24|||6|||38|||8
100.0f|||1|||6|||39|||8
(|||25|||6|||46|||8
[|||12|||6|||48|||8
]|||12|||6|||50|||8
[|||14|||7|||16|||8
]|||14|||7|||17|||8
=|||13|||7|||19|||8
new|||2|||7|||20|||8
[|||15|||7|||22|||8
]|||15|||7|||24|||8
[|||16|||7|||27|||8
]|||16|||7|||29|||8
+=|||1|||7|||30|||8
(|||27|||7|||31|||8
)|||27|||7|||33|||8
100.0f|||2|||7|||34|||8
(|||28|||7|||41|||8
[|||17|||7|||43|||8
]|||17|||7|||45|||8
for|||3|||8|||18|||8
(|||30|||8|||19|||8
=|||14|||8|||21|||8
0|||10|||8|||22|||8
;|||28|||8|||23|||8
<|||6|||8|||25|||8
;|||29|||8|||27|||8
++|||5|||8|||29|||8
(|||31|||8|||37|||8
(|||32|||8|||38|||8
)|||31|||8|||40|||8
=|||15|||9|||17|||8
0|||11|||9|||18|||8
while|||3|||9|||20|||8
(|||34|||9|||21|||8
<=|||1|||9|||23|||8
(|||35|||9|||32|||8
(|||36|||9|||33|||8
)|||35|||9|||35|||8
++|||6|||9|||40|||8
=|||16|||10|||17|||8
0|||12|||10|||18|||8
(|||38|||10|||25|||8
(|||39|||10|||26|||8
)|||38|||10|||28|||8
=|||17|||11|||17|||8
(|||41|||11|||25|||8
(|||42|||11|||26|||8
)|||41|||11|||28|||8
=|||18|||12|||17|||8
for|||4|||12|||20|||8
(|||44|||12|||21|||8
=|||19|||12|||24|||8
0|||13|||12|||25|||8
;|||39|||12|||26|||8
<|||7|||12|||28|||8
;|||40|||12|||30|||8
++|||7|||12|||32|||8
(|||45|||12|||40|||8
=|||20|||13|||17|||8
for|||5|||13|||20|||8
(|||47|||13|||21|||8
=|||21|||13|||24|||8
0|||14|||13|||25|||8
;|||43|||13|||26|||8
<|||8|||13|||28|||8
;|||44|||13|||30|||8
++|||8|||13|||32|||8
(|||48|||13|||40|||8
for|||6|||14|||18|||8
(|||50|||14|||19|||8
=|||22|||14|||21|||8
0|||15|||14|||22|||8
;|||47|||14|||23|||8
<|||9|||14|||25|||8
;|||48|||14|||27|||8
++|||9|||14|||29|||8
(|||51|||14|||37|||8
(|||52|||14|||38|||8
)|||51|||14|||40|||8
=|||23|||15|||17|||8
0|||16|||15|||18|||8
while|||4|||15|||20|||8
(|||54|||15|||21|||8
<|||10|||15|||23|||8
(|||55|||15|||32|||8
(|||56|||15|||33|||8
)|||55|||15|||35|||8
++|||10|||15|||40|||8
=|||24|||16|||17|||8
=|||25|||16|||22|||8
if|||3|||16|||25|||8
(|||58|||16|||26|||8
>|||1|||16|||28|||8
(|||59|||16|||37|||8
"|||1|||16|||38|||8
x|||1|||16|||39|||8
is|||1|||16|||40|||8
greater|||1|||16|||41|||8
"|||2|||16|||42|||8
=|||26|||17|||17|||8
=|||27|||17|||22|||8
if|||4|||17|||25|||8
(|||61|||17|||26|||8
<=|||2|||17|||28|||8
==|||1|||17|||30|||8
false|||1|||17|||31|||8
(|||62|||17|||39|||8
"|||3|||17|||40|||8
x|||2|||17|||41|||8
is|||2|||17|||42|||8
greater|||2|||17|||43|||8
"|||4|||17|||44|||8
[|||29|||18|||16|||8
]|||29|||18|||17|||8
=|||28|||18|||19|||8
{|||53|||18|||20|||8
,|||1|||18|||22|||8
,|||2|||18|||24|||8
,|||3|||18|||26|||8
,|||4|||18|||28|||8
}|||51|||18|||30|||8
[|||30|||18|||33|||8
]|||30|||18|||35|||8
=|||29|||18|||36|||8
[|||31|||18|||38|||8
]|||31|||18|||40|||8
*|||1|||18|||41|||8
2|||4|||18|||42|||8
(|||64|||18|||49|||8
[|||32|||18|||51|||8
]|||32|||18|||53|||8
[|||34|||19|||16|||8
]|||34|||19|||17|||8
=|||30|||19|||19|||8
{|||56|||19|||20|||8
,|||5|||19|||22|||8
,|||6|||19|||24|||8
,|||7|||19|||26|||8
,|||8|||19|||28|||8
}|||54|||19|||30|||8
[|||35|||19|||33|||8
]|||35|||19|||35|||8
*=|||1|||19|||36|||8
2|||8|||19|||37|||8
(|||66|||19|||44|||8
[|||36|||19|||46|||8
]|||36|||19|||48|||8
for|||7|||20|||18|||8
(|||68|||20|||19|||8
=|||31|||20|||21|||8
;|||66|||20|||23|||8
<|||11|||20|||25|||8
;|||67|||20|||27|||8
++|||11|||20|||29|||8
(|||69|||20|||37|||8
(|||70|||20|||38|||8
)|||69|||20|||40|||8
for|||8|||21|||18|||8
(|||72|||21|||19|||8
=|||32|||21|||21|||8
;|||70|||21|||23|||8
<=|||3|||21|||25|||8
;|||71|||21|||27|||8
++|||12|||21|||29|||8
(|||73|||21|||37|||8
(|||74|||21|||38|||8
)|||73|||21|||40|||8
=|||33|||22|||17|||8
0|||17|||22|||18|||8
(|||76|||22|||25|||8
(|||77|||22|||26|||8
)|||76|||22|||28|||8
=|||34|||23|||17|||8
(|||79|||23|||25|||8
(|||80|||23|||26|||8
)|||79|||23|||28|||8
System|||1|||0|||35|||4
.|||1|||0|||36|||4
out|||1|||0|||37|||4
.|||2|||0|||38|||4
println|||1|||0|||39|||4
System|||2|||1|||35|||4
.|||3|||1|||36|||4
out|||2|||1|||37|||4
.|||4|||1|||38|||4
println|||2|||1|||39|||4
System|||3|||2|||27|||4
.|||5|||2|||28|||4
out|||3|||2|||29|||4
.|||6|||2|||30|||4
println|||3|||2|||31|||4
System|||4|||3|||27|||4
.|||7|||3|||28|||4
out|||4|||3|||29|||4
.|||8|||3|||30|||4
println|||4|||3|||31|||4
System|||5|||4|||35|||4
.|||9|||4|||36|||4
out|||5|||4|||37|||4
.|||10|||4|||38|||4
println|||5|||4|||39|||4
System|||6|||5|||35|||4
.|||11|||5|||36|||4
out|||6|||5|||37|||4
.|||12|||5|||38|||4
println|||6|||5|||39|||4
System|||7|||6|||41|||4
.|||13|||6|||42|||4
out|||7|||6|||43|||4
.|||14|||6|||44|||4
println|||7|||6|||45|||4
System|||8|||7|||36|||4
.|||15|||7|||37|||4
out|||8|||7|||38|||4
.|||16|||7|||39|||4
println|||8|||7|||40|||4
System|||9|||8|||32|||4
.|||17|||8|||33|||4
out|||9|||8|||34|||4
.|||18|||8|||35|||4
println|||9|||8|||36|||4
System|||10|||9|||27|||4
.|||19|||9|||28|||4
out|||10|||9|||29|||4
.|||20|||9|||30|||4
println|||10|||9|||31|||4
System|||11|||10|||20|||4
.|||21|||10|||21|||4
out|||11|||10|||22|||4
.|||22|||10|||23|||4
println|||11|||10|||24|||4
System|||12|||11|||20|||4
.|||23|||11|||21|||4
out|||12|||11|||22|||4
.|||24|||11|||23|||4
println|||12|||11|||24|||4
System|||13|||12|||35|||4
.|||25|||12|||36|||4
out|||13|||12|||37|||4
.|||26|||12|||38|||4
println|||13|||12|||39|||4
System|||14|||13|||35|||4
.|||27|||13|||36|||4
out|||14|||13|||37|||4
.|||28|||13|||38|||4
println|||14|||13|||39|||4
System|||15|||14|||32|||4
.|||29|||14|||33|||4
out|||15|||14|||34|||4
.|||30|||14|||35|||4
println|||15|||14|||36|||4
System|||16|||15|||27|||4
.|||31|||15|||28|||4
out|||16|||15|||29|||4
.|||32|||15|||30|||4
println|||16|||15|||31|||4
System|||17|||16|||32|||4
.|||33|||16|||33|||4
out|||17|||16|||34|||4
.|||34|||16|||35|||4
println|||17|||16|||36|||4
System|||18|||17|||34|||4
.|||35|||17|||35|||4
out|||18|||17|||36|||4
.|||36|||17|||37|||4
println|||18|||17|||38|||4
System|||19|||18|||44|||4
.|||37|||18|||45|||4
out|||19|||18|||46|||4
.|||38|||18|||47|||4
println|||19|||18|||48|||4
System|||20|||19|||39|||4
.|||39|||19|||40|||4
out|||20|||19|||41|||4
.|||40|||19|||42|||4
println|||20|||19|||43|||4
System|||21|||20|||32|||4
.|||41|||20|||33|||4
out|||21|||20|||34|||4
.|||42|||20|||35|||4
println|||21|||20|||36|||4
System|||22|||21|||32|||4
.|||43|||21|||33|||4
out|||22|||21|||34|||4
.|||44|||21|||35|||4
println|||22|||21|||36|||4
System|||23|||22|||20|||4
.|||45|||22|||21|||4
out|||23|||22|||22|||4
.|||46|||22|||23|||4
println|||23|||22|||24|||4
System|||24|||23|||20|||4
.|||47|||23|||21|||4
out|||24|||23|||22|||4
.|||48|||23|||23|||4
println|||24|||23|||24|||4
}|||1|||0|||44|||7
}|||2|||0|||45|||7
}|||3|||0|||46|||7
}|||4|||1|||44|||7
}|||5|||1|||45|||7
}|||6|||1|||46|||7
}|||7|||2|||42|||7
}|||8|||2|||43|||7
}|||9|||2|||44|||7
}|||10|||3|||39|||7
}|||11|||3|||40|||7
}|||12|||3|||41|||7
}|||13|||4|||44|||7
}|||14|||4|||45|||7
}|||15|||4|||46|||7
}|||16|||5|||47|||7
}|||17|||5|||48|||7
}|||18|||5|||49|||7
}|||19|||6|||53|||7
}|||20|||6|||54|||7
}|||21|||7|||48|||7
}|||22|||7|||49|||7
}|||23|||8|||44|||7
}|||24|||8|||45|||7
}|||25|||8|||46|||7
}|||26|||9|||42|||7
}|||27|||9|||43|||7
}|||28|||9|||44|||7
}|||29|||10|||32|||7
}|||30|||10|||33|||7
}|||31|||11|||32|||7
}|||32|||11|||33|||7
}|||33|||12|||44|||7
}|||34|||12|||45|||7
}|||35|||12|||46|||7
}|||36|||13|||44|||7
}|||37|||13|||45|||7
}|||38|||13|||46|||7
}|||39|||14|||44|||7
}|||40|||14|||45|||7
}|||41|||14|||46|||7
}|||42|||15|||42|||7
}|||43|||15|||43|||7
}|||44|||15|||44|||7
}|||45|||16|||45|||7
}|||46|||16|||46|||7
}|||47|||16|||47|||7
}|||48|||17|||47|||7
}|||49|||17|||48|||7
}|||50|||17|||49|||7
}|||52|||18|||56|||7
}|||53|||18|||57|||7
}|||55|||19|||51|||7
}|||56|||19|||52|||7
}|||57|||20|||44|||7
}|||58|||20|||45|||7
}|||59|||20|||46|||7
}|||60|||21|||44|||7
}|||61|||21|||45|||7
}|||62|||21|||46|||7
}|||63|||22|||32|||7
}|||64|||22|||33|||7
}|||65|||23|||32|||7
}|||66|||23|||33|||7
