for|||1|||0|||0|||9
<=|||1|||0|||8|||9
out|||1|||0|||16|||9
print|||1|||0|||18|||9
+|||1|||0|||21|||9
for|||2|||1|||5|||9
<=|||2|||1|||13|||9
+=|||1|||1|||20|||9
for|||3|||2|||0|||9
<=|||3|||2|||8|||9
+=|||2|||2|||12|||9
out|||2|||2|||17|||9
print|||2|||2|||19|||9
+|||2|||2|||22|||9
for|||4|||3|||0|||9
<=|||4|||3|||8|||9
+=|||3|||3|||12|||9
out|||3|||3|||17|||9
print|||3|||3|||19|||9
+|||3|||3|||22|||9
for|||5|||4|||5|||9
<=|||5|||4|||13|||9
*=|||1|||4|||20|||9
[|||1|||5|||1|||9
for|||6|||5|||17|||9
<|||1|||5|||25|||9
out|||4|||5|||35|||9
print|||4|||5|||37|||9
[|||2|||5|||40|||9
+|||4|||5|||43|||9
for|||7|||6|||0|||9
-|||1|||6|||8|||9
>=|||1|||6|||12|||9
--|||1|||6|||16|||9
out|||5|||6|||20|||9
print|||5|||6|||22|||9
[|||3|||6|||25|||9
+|||5|||6|||28|||9
for|||8|||7|||5|||9
<|||2|||7|||13|||9
+=|||4|||7|||22|||9
[|||4|||7|||24|||9
for|||9|||8|||11|||9
<|||3|||8|||19|||9
out|||6|||8|||28|||9
print|||6|||8|||30|||9
+|||6|||8|||33|||9
+|||7|||8|||41|||9
for|||10|||9|||9|||9
>|||1|||9|||13|||9
/=|||1|||9|||17|||9
for|||11|||10|||9|||9
>|||2|||10|||13|||9
/=|||2|||10|||17|||9
*|||1|||10|||23|||9
+|||8|||10|||25|||9
%|||1|||10|||27|||9
[|||5|||11|||4|||9
for|||12|||11|||8|||9
<|||4|||11|||16|||9
if|||1|||11|||24|||9
[|||6|||11|||27|||9
>|||3|||11|||30|||9
[|||7|||11|||36|||9
[|||8|||12|||4|||9
for|||13|||12|||8|||9
<|||5|||12|||16|||9
if|||2|||12|||24|||9
[|||9|||12|||27|||9
<|||6|||12|||30|||9
[|||10|||12|||36|||9
for|||14|||13|||9|||9
!=|||1|||13|||15|||9
%|||2|||13|||25|||9
for|||15|||14|||9|||9
<=|||6|||14|||17|||9
/|||1|||14|||19|||9
if|||3|||14|||25|||9
%|||3|||14|||28|||9
==|||1|||14|||30|||9
for|||16|||15|||0|||9
<|||7|||15|||10|||9
/|||2|||15|||14|||9
[|||11|||15|||24|||9
[|||12|||15|||29|||9
[|||13|||15|||34|||9
-|||2|||15|||38|||9
-|||3|||15|||40|||9
[|||14|||15|||45|||9
-|||4|||15|||49|||9
-|||5|||15|||51|||9
hello|||1|||16|||4|||9
for|||17|||16|||12|||9
<|||8|||16|||20|||9
if|||4|||16|||30|||9
aeiou|||1|||16|||33|||9
indexOf|||1|||16|||36|||9
charAt|||1|||16|||40|||9
!=|||2|||16|||45|||9
-|||6|||16|||46|||9
for|||18|||17|||13|||9
>|||4|||17|||17|||9
/=|||3|||17|||21|||9
*|||2|||17|||27|||9
+|||9|||17|||29|||9
%|||4|||17|||31|||9
for|||19|||18|||13|||9
<|||9|||18|||21|||9
*=|||2|||18|||28|||9
for|||20|||19|||7|||9
<|||10|||19|||15|||9
out|||7|||19|||27|||9
print|||7|||19|||29|||9
charAt|||2|||19|||36|||9
+|||10|||19|||40|||9
for|||21|||20|||0|||9
<|||11|||20|||8|||9
-|||7|||20|||12|||9
for|||22|||20|||18|||9
<|||12|||20|||26|||9
-|||8|||20|||30|||9
-|||9|||20|||32|||9
if|||5|||20|||38|||9
[|||15|||20|||41|||9
>|||5|||20|||44|||9
[|||16|||20|||46|||9
+|||11|||20|||48|||9
[|||17|||20|||57|||9
[|||18|||20|||62|||9
[|||19|||20|||67|||9
+|||12|||20|||69|||9
[|||20|||20|||74|||9
+|||13|||20|||76|||9
for|||23|||21|||0|||9
<|||13|||21|||8|||9
-|||10|||21|||12|||9
for|||24|||21|||24|||9
+|||14|||21|||30|||9
<|||14|||21|||34|||9
if|||6|||21|||42|||9
[|||21|||21|||45|||9
<|||15|||21|||48|||9
[|||22|||21|||50|||9
[|||23|||21|||62|||9
[|||24|||21|||67|||9
[|||25|||21|||72|||9
[|||26|||21|||77|||9
for|||25|||22|||0|||9
<|||16|||22|||8|||9
[|||27|||22|||21|||9
-|||11|||22|||28|||9
while|||1|||22|||31|||9
>=|||2|||22|||34|||9
&&|||1|||22|||36|||9
[|||28|||22|||38|||9
>|||6|||22|||41|||9
[|||29|||22|||45|||9
+|||15|||22|||47|||9
[|||30|||22|||52|||9
--|||2|||22|||54|||9
[|||31|||22|||58|||9
+|||16|||22|||60|||9
for|||26|||23|||0|||9
<|||17|||23|||8|||9
for|||27|||23|||20|||9
<=|||7|||23|||28|||9
out|||8|||23|||37|||9
print|||8|||23|||39|||9
+|||17|||23|||42|||9
*|||3|||23|||50|||9
-|||12|||23|||53|||9
/|||3|||23|||56|||9
+|||18|||23|||59|||9
out|||9|||23|||66|||9
println|||1|||23|||68|||9
for|||28|||24|||17|||9
<|||18|||24|||25|||9
*=|||3|||24|||33|||9
-|||13|||24|||36|||9
*=|||4|||24|||41|||9
+|||19|||24|||44|||9
out|||10|||24|||51|||9
print|||9|||24|||53|||9
/|||4|||24|||56|||9
for|||29|||25|||9|||9
>|||7|||25|||13|||9
/=|||4|||25|||17|||9
+=|||5|||25|||21|||9
%|||5|||25|||23|||9
Hello|||1|||26|||4|||9
world|||1|||26|||5|||9
Java|||1|||26|||6|||9
for|||30|||26|||14|||9
<|||19|||26|||22|||9
if|||7|||26|||32|||9
charAt|||3|||26|||36|||9
==|||2|||26|||40|||9
hello|||2|||27|||4|||9
for|||31|||27|||7|||9
<|||20|||27|||15|||9
out|||11|||27|||27|||9
print|||10|||27|||29|||9
char|||1|||27|||32|||9
charAt|||4|||27|||37|||9
-|||14|||27|||41|||9
for|||32|||28|||0|||9
<=|||8|||28|||8|||9
for|||33|||28|||20|||9
<=|||9|||28|||28|||9
/|||5|||28|||30|||9
if|||8|||28|||36|||9
%|||6|||28|||39|||9
==|||3|||28|||41|||9
if|||9|||28|||48|||9
==|||4|||28|||51|||9
out|||12|||28|||56|||9
print|||11|||28|||58|||9
+|||20|||28|||61|||9
>|||8|||29|||13|||9
?|||1|||29|||16|||9
:|||1|||29|||18|||9
for|||34|||29|||21|||9
%|||7|||29|||25|||9
!=|||3|||29|||27|||9
|||||1|||29|||29|||9
%|||8|||29|||31|||9
!=|||4|||29|||33|||9
out|||13|||29|||42|||9
print|||12|||29|||44|||9
while|||2|||30|||5|||9
<=|||10|||30|||8|||9
out|||14|||30|||14|||9
print|||13|||30|||16|||9
+|||21|||30|||19|||9
while|||3|||31|||9|||9
<=|||11|||31|||12|||9
+=|||6|||31|||17|||9
while|||4|||32|||5|||9
<=|||12|||32|||8|||9
out|||15|||32|||14|||9
print|||14|||32|||16|||9
+|||22|||32|||19|||9
+=|||7|||32|||25|||9
while|||5|||33|||5|||9
<=|||13|||33|||8|||9
out|||16|||33|||14|||9
print|||15|||33|||16|||9
+|||23|||33|||19|||9
+=|||8|||33|||25|||9
while|||6|||34|||9|||9
<=|||14|||34|||12|||9
*=|||5|||34|||17|||9
[|||32|||35|||1|||9
while|||7|||35|||22|||9
<|||21|||35|||25|||9
out|||17|||35|||33|||9
print|||16|||35|||35|||9
[|||33|||35|||38|||9
+|||24|||35|||41|||9
-|||15|||36|||6|||9
while|||8|||36|||9|||9
>=|||3|||36|||12|||9
out|||18|||36|||18|||9
print|||17|||36|||20|||9
[|||34|||36|||23|||9
+|||25|||36|||26|||9
--|||3|||36|||32|||9
while|||9|||37|||9|||9
<|||22|||37|||12|||9
+=|||9|||37|||19|||9
[|||35|||37|||21|||9
while|||10|||38|||15|||9
<|||23|||38|||18|||9
out|||19|||38|||24|||9
print|||18|||38|||26|||9
+|||26|||38|||29|||9
+|||27|||38|||37|||9
while|||11|||39|||9|||9
>|||9|||39|||12|||9
/=|||5|||39|||20|||9
while|||12|||40|||9|||9
>|||10|||40|||12|||9
*|||4|||40|||19|||9
+|||28|||40|||21|||9
%|||9|||40|||23|||9
/=|||6|||40|||27|||9
[|||36|||41|||4|||9
while|||13|||41|||12|||9
<|||24|||41|||15|||9
if|||10|||41|||21|||9
[|||37|||41|||24|||9
>|||11|||41|||27|||9
[|||38|||41|||33|||9
[|||39|||42|||4|||9
while|||14|||42|||12|||9
<|||25|||42|||15|||9
if|||11|||42|||21|||9
[|||40|||42|||24|||9
<|||26|||42|||27|||9
[|||41|||42|||33|||9
while|||15|||43|||11|||9
!=|||5|||43|||14|||9
%|||10|||43|||25|||9
while|||16|||44|||13|||9
<=|||15|||44|||16|||9
/|||6|||44|||18|||9
if|||12|||44|||22|||9
%|||11|||44|||25|||9
==|||5|||44|||27|||9
while|||17|||45|||7|||9
<|||27|||45|||10|||9
/|||7|||45|||14|||9
[|||42|||45|||21|||9
[|||43|||45|||26|||9
[|||44|||45|||31|||9
-|||16|||45|||35|||9
-|||17|||45|||37|||9
[|||45|||45|||42|||9
-|||18|||45|||46|||9
-|||19|||45|||48|||9
hello|||3|||46|||4|||9
while|||18|||46|||16|||9
<|||28|||46|||19|||9
if|||13|||46|||27|||9
aeiou|||2|||46|||30|||9
indexOf|||2|||46|||33|||9
charAt|||5|||46|||37|||9
!=|||6|||46|||42|||9
-|||20|||46|||43|||9
while|||19|||47|||13|||9
>|||12|||47|||16|||9
*|||5|||47|||23|||9
+|||29|||47|||25|||9
%|||12|||47|||27|||9
/=|||7|||47|||31|||9
while|||20|||48|||17|||9
<|||29|||48|||20|||9
*=|||6|||48|||25|||9
while|||21|||49|||12|||9
<|||30|||49|||15|||9
out|||20|||49|||25|||9
print|||19|||49|||27|||9
charAt|||6|||49|||34|||9
+|||30|||49|||38|||9
while|||22|||50|||5|||9
<|||31|||50|||8|||9
-|||21|||50|||12|||9
while|||23|||50|||21|||9
<|||32|||50|||24|||9
-|||22|||50|||28|||9
-|||23|||50|||30|||9
if|||14|||50|||34|||9
[|||46|||50|||37|||9
>|||13|||50|||40|||9
[|||47|||50|||42|||9
+|||31|||50|||44|||9
[|||48|||50|||53|||9
[|||49|||50|||58|||9
[|||50|||50|||63|||9
+|||32|||50|||65|||9
[|||51|||50|||70|||9
+|||33|||50|||72|||9
while|||24|||51|||5|||9
<|||33|||51|||8|||9
-|||24|||51|||12|||9
+|||34|||51|||24|||9
while|||25|||51|||27|||9
<|||34|||51|||30|||9
if|||15|||51|||36|||9
[|||52|||51|||39|||9
<|||35|||51|||42|||9
[|||53|||51|||44|||9
[|||54|||51|||60|||9
[|||55|||51|||65|||9
[|||56|||51|||70|||9
[|||57|||51|||75|||9
while|||26|||52|||5|||9
<|||36|||52|||8|||9
[|||58|||52|||18|||9
-|||25|||52|||25|||9
while|||27|||52|||28|||9
>=|||4|||52|||31|||9
&&|||2|||52|||33|||9
[|||59|||52|||35|||9
>|||14|||52|||38|||9
[|||60|||52|||43|||9
+|||35|||52|||45|||9
[|||61|||52|||50|||9
--|||4|||52|||55|||9
[|||62|||52|||59|||9
+|||36|||52|||61|||9
while|||28|||53|||5|||9
<|||37|||53|||8|||9
while|||29|||53|||21|||9
<=|||16|||53|||24|||9
out|||21|||53|||30|||9
print|||20|||53|||32|||9
+|||37|||53|||35|||9
*|||6|||53|||43|||9
-|||26|||53|||46|||9
/|||8|||53|||49|||9
+|||38|||53|||52|||9
out|||22|||53|||62|||9
println|||2|||53|||64|||9
while|||30|||54|||21|||9
<|||38|||54|||24|||9
*=|||7|||54|||29|||9
-|||27|||54|||32|||9
*=|||8|||54|||37|||9
+|||39|||54|||40|||9
out|||23|||54|||50|||9
print|||21|||54|||52|||9
/|||9|||54|||55|||9
while|||31|||55|||9|||9
>|||15|||55|||12|||9
+=|||10|||55|||17|||9
%|||13|||55|||19|||9
/=|||8|||55|||23|||9
Hello|||2|||56|||4|||9
world|||2|||56|||5|||9
Java|||2|||56|||6|||9
while|||32|||56|||18|||9
<|||39|||56|||21|||9
if|||16|||56|||29|||9
charAt|||7|||56|||33|||9
==|||6|||56|||37|||9
hello|||4|||57|||4|||9
while|||33|||57|||12|||9
<|||40|||57|||15|||9
out|||24|||57|||25|||9
print|||22|||57|||27|||9
char|||2|||57|||30|||9
charAt|||8|||57|||35|||9
-|||28|||57|||39|||9
while|||34|||58|||5|||9
<=|||17|||58|||8|||9
while|||35|||58|||21|||9
<=|||18|||58|||24|||9
/|||10|||58|||26|||9
if|||17|||58|||30|||9
%|||14|||58|||33|||9
==|||7|||58|||35|||9
if|||18|||58|||46|||9
==|||8|||58|||49|||9
out|||25|||58|||54|||9
print|||23|||58|||56|||9
+|||40|||58|||59|||9
>|||16|||59|||13|||9
?|||2|||59|||16|||9
:|||2|||59|||18|||9
while|||36|||59|||21|||9
%|||15|||59|||24|||9
!=|||7|||59|||26|||9
|||||2|||59|||28|||9
%|||16|||59|||30|||9
!=|||8|||59|||32|||9
out|||26|||59|||40|||9
print|||24|||59|||42|||9
(|||1|||0|||1|||7
)|||1|||0|||13|||7
System|||1|||0|||14|||7
.|||1|||0|||15|||7
.|||2|||0|||17|||7
(|||2|||0|||19|||7
"|||1|||0|||22|||7
"|||2|||0|||23|||7
)|||2|||0|||24|||7
(|||3|||1|||6|||7
)|||3|||1|||18|||7
(|||4|||2|||1|||7
)|||4|||2|||14|||7
System|||2|||2|||15|||7
.|||3|||2|||16|||7
.|||4|||2|||18|||7
(|||5|||2|||20|||7
"|||3|||2|||23|||7
"|||4|||2|||24|||7
)|||5|||2|||25|||7
(|||6|||3|||1|||7
)|||6|||3|||14|||7
System|||3|||3|||15|||7
.|||5|||3|||16|||7
.|||6|||3|||18|||7
(|||7|||3|||20|||7
"|||5|||3|||23|||7
"|||6|||3|||24|||7
)|||7|||3|||25|||7
(|||8|||4|||6|||7
)|||8|||4|||18|||7
]|||1|||5|||2|||7
{|||1|||5|||5|||7
,|||1|||5|||7|||7
,|||2|||5|||9|||7
,|||3|||5|||11|||7
,|||4|||5|||13|||7
}|||1|||5|||15|||7
(|||9|||5|||18|||7
.|||7|||5|||27|||7
)|||9|||5|||32|||7
System|||4|||5|||33|||7
.|||8|||5|||34|||7
.|||9|||5|||36|||7
(|||10|||5|||38|||7
]|||2|||5|||42|||7
"|||7|||5|||44|||7
"|||8|||5|||45|||7
)|||10|||5|||46|||7
(|||11|||6|||1|||7
.|||10|||6|||6|||7
)|||11|||6|||17|||7
System|||5|||6|||18|||7
.|||11|||6|||19|||7
.|||12|||6|||21|||7
(|||12|||6|||23|||7
]|||3|||6|||27|||7
"|||9|||6|||29|||7
"|||10|||6|||30|||7
)|||12|||6|||31|||7
(|||13|||7|||6|||7
.|||13|||7|||15|||7
)|||13|||7|||20|||7
]|||4|||7|||26|||7
,|||5|||8|||4|||7
,|||6|||8|||8|||7
(|||14|||8|||12|||7
)|||14|||8|||24|||7
{|||2|||8|||25|||7
System|||6|||8|||26|||7
.|||14|||8|||27|||7
.|||15|||8|||29|||7
(|||15|||8|||31|||7
"|||11|||8|||34|||7
"|||12|||8|||35|||7
)|||15|||8|||36|||7
}|||2|||8|||52|||7
,|||7|||9|||4|||7
(|||16|||9|||10|||7
)|||16|||9|||19|||7
,|||8|||10|||4|||7
(|||17|||10|||10|||7
)|||17|||10|||19|||7
]|||5|||11|||6|||7
(|||18|||11|||9|||7
.|||16|||11|||18|||7
)|||18|||11|||23|||7
(|||19|||11|||25|||7
]|||6|||11|||29|||7
)|||19|||11|||32|||7
]|||7|||11|||38|||7
]|||8|||12|||6|||7
(|||20|||12|||9|||7
.|||17|||12|||18|||7
)|||20|||12|||23|||7
(|||21|||12|||25|||7
]|||9|||12|||29|||7
)|||21|||12|||32|||7
]|||10|||12|||38|||7
,|||9|||13|||4|||7
(|||22|||13|||10|||7
,|||10|||13|||21|||7
,|||11|||13|||27|||7
)|||22|||13|||31|||7
,|||12|||14|||4|||7
(|||23|||14|||10|||7
)|||23|||14|||24|||7
(|||24|||14|||26|||7
)|||24|||14|||32|||7
(|||25|||15|||1|||7
,|||13|||15|||6|||7
.|||18|||15|||12|||7
)|||25|||15|||19|||7
{|||3|||15|||20|||7
]|||11|||15|||26|||7
]|||12|||15|||31|||7
.|||19|||15|||36|||7
]|||13|||15|||42|||7
.|||20|||15|||47|||7
]|||14|||15|||53|||7
}|||3|||15|||57|||7
"|||13|||16|||3|||7
"|||14|||16|||5|||7
(|||26|||16|||13|||7
.|||21|||16|||22|||7
(|||27|||16|||24|||7
)|||26|||16|||25|||7
)|||27|||16|||29|||7
(|||28|||16|||31|||7
"|||15|||16|||32|||7
"|||16|||16|||34|||7
.|||22|||16|||35|||7
(|||29|||16|||37|||7
.|||23|||16|||39|||7
(|||30|||16|||41|||7
)|||28|||16|||43|||7
)|||29|||16|||44|||7
)|||30|||16|||48|||7
,|||14|||17|||4|||7
,|||15|||17|||8|||7
(|||31|||17|||14|||7
)|||31|||17|||23|||7
,|||16|||18|||4|||7
,|||17|||18|||8|||7
(|||32|||18|||14|||7
)|||32|||18|||26|||7
"|||17|||19|||3|||7
"|||18|||19|||5|||7
(|||33|||19|||8|||7
.|||24|||19|||17|||7
(|||34|||19|||19|||7
)|||33|||19|||20|||7
)|||34|||19|||24|||7
System|||7|||19|||25|||7
.|||25|||19|||26|||7
.|||26|||19|||28|||7
(|||35|||19|||30|||7
(|||36|||19|||31|||7
)|||35|||19|||33|||7
.|||27|||19|||35|||7
(|||37|||19|||37|||7
)|||36|||19|||39|||7
"|||19|||19|||41|||7
"|||20|||19|||42|||7
)|||37|||19|||43|||7
(|||38|||20|||1|||7
.|||28|||20|||10|||7
)|||38|||20|||17|||7
(|||39|||20|||19|||7
.|||29|||20|||28|||7
)|||39|||20|||37|||7
(|||40|||20|||39|||7
]|||15|||20|||43|||7
]|||16|||20|||50|||7
)|||40|||20|||51|||7
{|||4|||20|||52|||7
]|||17|||20|||59|||7
]|||18|||20|||64|||7
]|||19|||20|||71|||7
]|||20|||20|||78|||7
}|||4|||20|||82|||7
(|||41|||21|||1|||7
.|||30|||21|||10|||7
)|||41|||21|||17|||7
{|||5|||21|||18|||7
(|||42|||21|||25|||7
.|||31|||21|||36|||7
)|||42|||21|||41|||7
(|||43|||21|||43|||7
]|||21|||21|||47|||7
]|||22|||21|||52|||7
)|||43|||21|||53|||7
]|||23|||21|||64|||7
]|||24|||21|||69|||7
]|||25|||21|||74|||7
]|||26|||21|||79|||7
}|||5|||21|||83|||7
(|||44|||22|||1|||7
.|||32|||22|||10|||7
)|||44|||22|||15|||7
{|||6|||22|||16|||7
]|||27|||22|||23|||7
,|||18|||22|||24|||7
(|||45|||22|||32|||7
]|||28|||22|||40|||7
)|||45|||22|||43|||7
]|||29|||22|||49|||7
]|||30|||22|||55|||7
]|||31|||22|||62|||7
}|||6|||22|||66|||7
(|||46|||23|||1|||7
)|||46|||23|||13|||7
{|||7|||23|||14|||7
(|||47|||23|||21|||7
)|||47|||23|||33|||7
{|||8|||23|||34|||7
System|||8|||23|||35|||7
.|||33|||23|||36|||7
.|||34|||23|||38|||7
(|||48|||23|||40|||7
"|||21|||23|||43|||7
"|||22|||23|||44|||7
)|||48|||23|||45|||7
(|||49|||23|||51|||7
)|||49|||23|||55|||7
(|||50|||23|||57|||7
)|||50|||23|||61|||7
}|||7|||23|||63|||7
System|||9|||23|||64|||7
.|||35|||23|||65|||7
.|||36|||23|||67|||7
(|||51|||23|||69|||7
)|||51|||23|||70|||7
}|||8|||23|||72|||7
,|||19|||24|||4|||7
,|||20|||24|||8|||7
,|||21|||24|||12|||7
(|||52|||24|||18|||7
)|||52|||24|||30|||7
{|||9|||24|||31|||7
(|||53|||24|||34|||7
)|||53|||24|||38|||7
(|||54|||24|||42|||7
)|||54|||24|||46|||7
}|||9|||24|||48|||7
System|||10|||24|||49|||7
.|||37|||24|||50|||7
.|||38|||24|||52|||7
(|||55|||24|||54|||7
)|||55|||24|||58|||7
,|||22|||25|||4|||7
(|||56|||25|||10|||7
)|||56|||25|||19|||7
"|||23|||26|||3|||7
"|||24|||26|||7|||7
(|||57|||26|||15|||7
.|||39|||26|||24|||7
(|||58|||26|||26|||7
)|||57|||26|||27|||7
)|||58|||26|||31|||7
(|||59|||26|||33|||7
.|||40|||26|||35|||7
(|||60|||26|||37|||7
)|||59|||26|||39|||7
'|||1|||26|||41|||7
'|||2|||26|||42|||7
)|||60|||26|||43|||7
"|||25|||27|||3|||7
"|||26|||27|||5|||7
(|||61|||27|||8|||7
.|||41|||27|||17|||7
(|||62|||27|||19|||7
)|||61|||27|||20|||7
)|||62|||27|||24|||7
System|||11|||27|||25|||7
.|||42|||27|||26|||7
.|||43|||27|||28|||7
(|||63|||27|||30|||7
(|||64|||27|||31|||7
)|||63|||27|||33|||7
(|||65|||27|||34|||7
.|||44|||27|||36|||7
(|||66|||27|||38|||7
)|||64|||27|||40|||7
)|||65|||27|||43|||7
)|||66|||27|||44|||7
(|||67|||28|||1|||7
)|||67|||28|||13|||7
{|||10|||28|||14|||7
(|||68|||28|||21|||7
)|||68|||28|||35|||7
(|||69|||28|||37|||7
)|||69|||28|||43|||7
(|||70|||28|||49|||7
)|||70|||28|||53|||7
System|||12|||28|||54|||7
.|||45|||28|||55|||7
.|||46|||28|||57|||7
(|||71|||28|||59|||7
"|||27|||28|||62|||7
"|||28|||28|||63|||7
)|||71|||28|||64|||7
}|||10|||28|||66|||7
,|||23|||29|||4|||7
,|||24|||29|||8|||7
(|||72|||29|||11|||7
)|||72|||29|||15|||7
(|||73|||29|||22|||7
)|||73|||29|||38|||7
System|||13|||29|||40|||7
.|||47|||29|||41|||7
.|||48|||29|||43|||7
(|||74|||29|||45|||7
)|||74|||29|||47|||7
(|||75|||30|||6|||7
)|||75|||30|||10|||7
{|||11|||30|||11|||7
System|||14|||30|||12|||7
.|||49|||30|||13|||7
.|||50|||30|||15|||7
(|||76|||30|||17|||7
"|||29|||30|||20|||7
"|||30|||30|||21|||7
)|||76|||30|||22|||7
}|||11|||30|||27|||7
,|||25|||31|||4|||7
(|||77|||31|||10|||7
)|||77|||31|||14|||7
{|||12|||31|||15|||7
}|||12|||31|||23|||7
(|||78|||32|||6|||7
)|||78|||32|||10|||7
{|||13|||32|||11|||7
System|||15|||32|||12|||7
.|||51|||32|||13|||7
.|||52|||32|||15|||7
(|||79|||32|||17|||7
"|||31|||32|||20|||7
"|||32|||32|||21|||7
)|||79|||32|||22|||7
}|||13|||32|||28|||7
(|||80|||33|||6|||7
)|||80|||33|||10|||7
{|||14|||33|||11|||7
System|||16|||33|||12|||7
.|||53|||33|||13|||7
.|||54|||33|||15|||7
(|||81|||33|||17|||7
"|||33|||33|||20|||7
"|||34|||33|||21|||7
)|||81|||33|||22|||7
}|||14|||33|||28|||7
,|||26|||34|||4|||7
(|||82|||34|||10|||7
)|||82|||34|||14|||7
{|||15|||34|||15|||7
}|||15|||34|||23|||7
]|||32|||35|||2|||7
{|||16|||35|||5|||7
,|||27|||35|||7|||7
,|||28|||35|||9|||7
,|||29|||35|||11|||7
,|||30|||35|||13|||7
}|||16|||35|||15|||7
(|||83|||35|||23|||7
.|||55|||35|||27|||7
)|||83|||35|||29|||7
{|||17|||35|||30|||7
System|||17|||35|||31|||7
.|||56|||35|||32|||7
.|||57|||35|||34|||7
(|||84|||35|||36|||7
]|||33|||35|||40|||7
"|||35|||35|||42|||7
"|||36|||35|||43|||7
)|||84|||35|||44|||7
}|||17|||35|||49|||7
.|||58|||36|||4|||7
(|||85|||36|||10|||7
)|||85|||36|||14|||7
{|||18|||36|||15|||7
System|||18|||36|||16|||7
.|||59|||36|||17|||7
.|||60|||36|||19|||7
(|||86|||36|||21|||7
]|||34|||36|||25|||7
"|||37|||36|||27|||7
"|||38|||36|||28|||7
)|||86|||36|||29|||7
}|||18|||36|||34|||7
,|||31|||37|||4|||7
(|||87|||37|||10|||7
.|||61|||37|||14|||7
)|||87|||37|||16|||7
{|||19|||37|||17|||7
]|||35|||37|||23|||7
}|||19|||37|||28|||7
,|||32|||38|||4|||7
,|||33|||38|||8|||7
,|||34|||38|||10|||7
(|||88|||38|||16|||7
)|||88|||38|||20|||7
{|||20|||38|||21|||7
System|||19|||38|||22|||7
.|||62|||38|||23|||7
.|||63|||38|||25|||7
(|||89|||38|||27|||7
"|||39|||38|||30|||7
"|||40|||38|||31|||7
)|||89|||38|||32|||7
}|||20|||38|||51|||7
,|||35|||39|||4|||7
(|||90|||39|||10|||7
)|||90|||39|||14|||7
{|||21|||39|||15|||7
}|||21|||39|||23|||7
,|||36|||40|||4|||7
(|||91|||40|||10|||7
)|||91|||40|||14|||7
{|||22|||40|||15|||7
}|||22|||40|||30|||7
]|||36|||41|||6|||7
,|||37|||41|||7|||7
(|||92|||41|||13|||7
.|||64|||41|||17|||7
)|||92|||41|||19|||7
{|||23|||41|||20|||7
(|||93|||41|||22|||7
]|||37|||41|||26|||7
)|||93|||41|||29|||7
]|||38|||41|||35|||7
}|||23|||41|||40|||7
]|||39|||42|||6|||7
,|||38|||42|||7|||7
(|||94|||42|||13|||7
.|||65|||42|||17|||7
)|||94|||42|||19|||7
{|||24|||42|||20|||7
(|||95|||42|||22|||7
]|||40|||42|||26|||7
)|||95|||42|||29|||7
]|||41|||42|||35|||7
}|||24|||42|||40|||7
,|||39|||43|||4|||7
,|||40|||43|||8|||7
(|||96|||43|||12|||7
)|||96|||43|||16|||7
{|||25|||43|||17|||7
}|||25|||43|||32|||7
,|||41|||44|||4|||7
,|||42|||44|||8|||7
(|||97|||44|||14|||7
)|||97|||44|||20|||7
{|||26|||44|||21|||7
(|||98|||44|||23|||7
)|||98|||44|||29|||7
}|||26|||44|||37|||7
,|||43|||45|||4|||7
(|||99|||45|||8|||7
.|||66|||45|||12|||7
)|||99|||45|||16|||7
{|||27|||45|||17|||7
]|||42|||45|||23|||7
]|||43|||45|||28|||7
.|||67|||45|||33|||7
]|||44|||45|||39|||7
.|||68|||45|||44|||7
]|||45|||45|||50|||7
}|||27|||45|||57|||7
"|||41|||46|||3|||7
"|||42|||46|||5|||7
,|||44|||46|||11|||7
(|||100|||46|||17|||7
.|||69|||46|||21|||7
(|||101|||46|||23|||7
)|||100|||46|||24|||7
)|||101|||46|||25|||7
{|||28|||46|||26|||7
(|||102|||46|||28|||7
"|||43|||46|||29|||7
"|||44|||46|||31|||7
.|||70|||46|||32|||7
(|||103|||46|||34|||7
.|||71|||46|||36|||7
(|||104|||46|||38|||7
)|||102|||46|||40|||7
)|||103|||46|||41|||7
)|||104|||46|||45|||7
}|||28|||46|||52|||7
,|||45|||47|||4|||7
,|||46|||47|||8|||7
(|||105|||47|||14|||7
)|||105|||47|||18|||7
{|||29|||47|||19|||7
}|||29|||47|||34|||7
,|||47|||48|||4|||7
,|||48|||48|||8|||7
,|||49|||48|||12|||7
(|||106|||48|||18|||7
)|||106|||48|||22|||7
{|||30|||48|||23|||7
}|||30|||48|||31|||7
"|||45|||49|||3|||7
"|||46|||49|||5|||7
(|||107|||49|||13|||7
.|||72|||49|||17|||7
(|||108|||49|||19|||7
)|||107|||49|||20|||7
)|||108|||49|||21|||7
{|||31|||49|||22|||7
System|||20|||49|||23|||7
.|||73|||49|||24|||7
.|||74|||49|||26|||7
(|||109|||49|||28|||7
(|||110|||49|||29|||7
)|||109|||49|||31|||7
.|||75|||49|||33|||7
(|||111|||49|||35|||7
)|||110|||49|||37|||7
"|||47|||49|||39|||7
"|||48|||49|||40|||7
)|||111|||49|||41|||7
}|||31|||49|||46|||7
(|||112|||50|||6|||7
.|||76|||50|||10|||7
)|||112|||50|||14|||7
{|||32|||50|||15|||7
(|||113|||50|||22|||7
.|||77|||50|||26|||7
)|||113|||50|||32|||7
{|||33|||50|||33|||7
(|||114|||50|||35|||7
]|||46|||50|||39|||7
]|||47|||50|||46|||7
)|||114|||50|||47|||7
{|||34|||50|||48|||7
]|||48|||50|||55|||7
]|||49|||50|||60|||7
]|||50|||50|||67|||7
]|||51|||50|||74|||7
}|||32|||50|||78|||7
}|||33|||50|||82|||7
}|||34|||50|||86|||7
(|||115|||51|||6|||7
.|||78|||51|||10|||7
)|||115|||51|||14|||7
{|||35|||51|||15|||7
,|||50|||51|||20|||7
(|||116|||51|||28|||7
.|||79|||51|||32|||7
)|||116|||51|||34|||7
{|||36|||51|||35|||7
(|||117|||51|||37|||7
]|||52|||51|||41|||7
]|||53|||51|||46|||7
)|||117|||51|||47|||7
}|||35|||51|||55|||7
]|||54|||51|||62|||7
]|||55|||51|||67|||7
]|||56|||51|||72|||7
]|||57|||51|||77|||7
}|||36|||51|||84|||7
(|||118|||52|||6|||7
.|||80|||52|||10|||7
)|||118|||52|||12|||7
{|||37|||52|||13|||7
]|||58|||52|||20|||7
,|||51|||52|||21|||7
(|||119|||52|||29|||7
]|||59|||52|||37|||7
)|||119|||52|||40|||7
{|||38|||52|||41|||7
]|||60|||52|||47|||7
]|||61|||52|||52|||7
}|||37|||52|||57|||7
]|||62|||52|||63|||7
}|||38|||52|||70|||7
(|||120|||53|||6|||7
)|||120|||53|||10|||7
{|||39|||53|||11|||7
,|||52|||53|||16|||7
(|||121|||53|||22|||7
)|||121|||53|||26|||7
{|||40|||53|||27|||7
System|||21|||53|||28|||7
.|||81|||53|||29|||7
.|||82|||53|||31|||7
(|||122|||53|||33|||7
"|||49|||53|||36|||7
"|||50|||53|||37|||7
)|||122|||53|||38|||7
(|||123|||53|||44|||7
)|||123|||53|||48|||7
(|||124|||53|||50|||7
)|||124|||53|||54|||7
}|||39|||53|||59|||7
System|||22|||53|||60|||7
.|||83|||53|||61|||7
.|||84|||53|||63|||7
(|||125|||53|||65|||7
)|||125|||53|||66|||7
}|||40|||53|||71|||7
,|||53|||54|||4|||7
,|||54|||54|||8|||7
,|||55|||54|||12|||7
,|||56|||54|||16|||7
(|||126|||54|||22|||7
)|||126|||54|||26|||7
{|||41|||54|||27|||7
(|||127|||54|||30|||7
)|||127|||54|||34|||7
(|||128|||54|||38|||7
)|||128|||54|||42|||7
}|||41|||54|||47|||7
System|||23|||54|||48|||7
.|||85|||54|||49|||7
.|||86|||54|||51|||7
(|||129|||54|||53|||7
)|||129|||54|||57|||7
,|||57|||55|||4|||7
(|||130|||55|||10|||7
)|||130|||55|||14|||7
{|||42|||55|||15|||7
}|||42|||55|||26|||7
"|||51|||56|||3|||7
"|||52|||56|||7|||7
,|||58|||56|||13|||7
(|||131|||56|||19|||7
.|||87|||56|||23|||7
(|||132|||56|||25|||7
)|||131|||56|||26|||7
)|||132|||56|||27|||7
{|||43|||56|||28|||7
(|||133|||56|||30|||7
.|||88|||56|||32|||7
(|||134|||56|||34|||7
)|||133|||56|||36|||7
'|||3|||56|||38|||7
'|||4|||56|||39|||7
)|||134|||56|||40|||7
}|||43|||56|||47|||7
"|||53|||57|||3|||7
"|||54|||57|||5|||7
(|||135|||57|||13|||7
.|||89|||57|||17|||7
(|||136|||57|||19|||7
)|||135|||57|||20|||7
)|||136|||57|||21|||7
{|||44|||57|||22|||7
System|||24|||57|||23|||7
.|||90|||57|||24|||7
.|||91|||57|||26|||7
(|||137|||57|||28|||7
(|||138|||57|||29|||7
)|||137|||57|||31|||7
(|||139|||57|||32|||7
.|||92|||57|||34|||7
(|||140|||57|||36|||7
)|||138|||57|||38|||7
)|||139|||57|||41|||7
)|||140|||57|||42|||7
}|||44|||57|||47|||7
(|||141|||58|||6|||7
)|||141|||58|||10|||7
{|||45|||58|||11|||7
,|||59|||58|||16|||7
(|||142|||58|||22|||7
)|||142|||58|||28|||7
{|||46|||58|||29|||7
(|||143|||58|||31|||7
)|||143|||58|||37|||7
}|||45|||58|||45|||7
(|||144|||58|||47|||7
)|||144|||58|||51|||7
System|||25|||58|||52|||7
.|||93|||58|||53|||7
.|||94|||58|||55|||7
(|||145|||58|||57|||7
"|||55|||58|||60|||7
"|||56|||58|||61|||7
)|||145|||58|||62|||7
}|||46|||58|||67|||7
,|||60|||59|||4|||7
,|||61|||59|||8|||7
(|||146|||59|||11|||7
)|||146|||59|||15|||7
(|||147|||59|||22|||7
)|||147|||59|||34|||7
System|||26|||59|||38|||7
.|||95|||59|||39|||7
.|||96|||59|||41|||7
(|||148|||59|||43|||7
)|||148|||59|||45|||7
int|||1|||0|||2|||2
int|||2|||1|||0|||2
int|||3|||1|||7|||2
int|||4|||2|||2|||2
int|||5|||3|||2|||2
int|||6|||4|||0|||2
int|||7|||4|||7|||2
int|||8|||5|||0|||2
int|||9|||5|||19|||2
int|||10|||6|||2|||2
int|||11|||7|||0|||2
int|||12|||7|||7|||2
int|||13|||8|||0|||2
int|||14|||8|||13|||2
int|||15|||9|||0|||2
int|||16|||10|||0|||2
int|||17|||11|||0|||2
int|||18|||11|||10|||2
int|||19|||12|||0|||2
int|||20|||12|||10|||2
int|||21|||13|||0|||2
int|||22|||13|||11|||2
int|||23|||14|||0|||2
int|||24|||14|||11|||2
int|||25|||15|||2|||2
int|||26|||16|||7|||2
int|||27|||16|||14|||2
int|||28|||17|||0|||2
int|||29|||18|||0|||2
int|||30|||18|||15|||2
int|||31|||19|||9|||2
int|||32|||19|||32|||2
int|||33|||20|||2|||2
int|||34|||20|||20|||2
int|||35|||20|||53|||2
int|||36|||21|||2|||2
int|||37|||21|||19|||2
int|||38|||21|||26|||2
int|||39|||21|||58|||2
int|||40|||22|||2|||2
int|||41|||22|||17|||2
int|||42|||23|||2|||2
int|||43|||23|||15|||2
int|||44|||23|||22|||2
int|||45|||24|||0|||2
int|||46|||24|||19|||2
int|||47|||25|||0|||2
int|||48|||26|||9|||2
int|||49|||26|||16|||2
int|||50|||27|||9|||2
int|||51|||28|||2|||2
int|||52|||28|||15|||2
int|||53|||28|||22|||2
int|||54|||29|||0|||2
int|||55|||30|||0|||2
int|||56|||31|||0|||2
int|||57|||32|||0|||2
int|||58|||33|||0|||2
int|||59|||34|||0|||2
int|||60|||35|||0|||2
int|||61|||35|||17|||2
int|||62|||36|||0|||2
int|||63|||37|||0|||2
int|||64|||38|||0|||2
int|||65|||39|||0|||2
int|||66|||40|||0|||2
int|||67|||41|||0|||2
int|||68|||42|||0|||2
int|||69|||43|||0|||2
int|||70|||44|||0|||2
int|||71|||45|||0|||2
int|||72|||46|||7|||2
int|||73|||47|||0|||2
int|||74|||48|||0|||2
int|||75|||49|||7|||2
int|||76|||49|||30|||2
int|||77|||50|||0|||2
int|||78|||50|||16|||2
int|||79|||50|||49|||2
int|||80|||51|||0|||2
int|||81|||51|||16|||2
int|||82|||51|||56|||2
int|||83|||52|||0|||2
int|||84|||52|||14|||2
int|||85|||53|||0|||2
int|||86|||53|||12|||2
int|||87|||54|||0|||2
int|||88|||55|||0|||2
int|||89|||56|||9|||2
int|||90|||57|||7|||2
int|||91|||58|||0|||2
int|||92|||58|||12|||2
int|||93|||59|||0|||2
i|||1|||0|||3|||0
i|||2|||0|||7|||0
i|||3|||0|||11|||0
i|||4|||0|||20|||0
i|||5|||1|||8|||0
i|||6|||1|||12|||0
i|||7|||1|||16|||0
i|||8|||1|||21|||0
i|||9|||2|||3|||0
i|||10|||2|||7|||0
i|||11|||2|||11|||0
i|||12|||2|||21|||0
i|||13|||3|||3|||0
i|||14|||3|||7|||0
i|||15|||3|||11|||0
i|||16|||3|||21|||0
i|||17|||4|||8|||0
i|||18|||4|||12|||0
i|||19|||4|||16|||0
i|||20|||4|||21|||0
i|||21|||5|||20|||0
i|||22|||5|||24|||0
i|||23|||5|||30|||0
i|||24|||5|||41|||0
i|||25|||6|||3|||0
i|||26|||6|||11|||0
i|||27|||6|||15|||0
i|||28|||6|||26|||0
i|||29|||7|||8|||0
i|||30|||7|||12|||0
i|||31|||7|||18|||0
i|||32|||7|||25|||0
i|||33|||8|||14|||0
i|||34|||8|||18|||0
i|||35|||8|||22|||0
i|||36|||11|||11|||0
i|||37|||11|||15|||0
i|||38|||11|||21|||0
i|||39|||11|||28|||0
i|||40|||11|||37|||0
i|||41|||12|||11|||0
i|||42|||12|||15|||0
i|||43|||12|||21|||0
i|||44|||12|||28|||0
i|||45|||12|||37|||0
i|||46|||14|||12|||0
i|||47|||14|||16|||0
i|||48|||14|||22|||0
i|||49|||14|||29|||0
i|||50|||15|||3|||0
i|||51|||15|||9|||0
i|||52|||15|||17|||0
i|||53|||15|||25|||0
i|||54|||15|||30|||0
i|||55|||15|||39|||0
i|||56|||15|||50|||0
i|||57|||16|||15|||0
i|||58|||16|||19|||0
i|||59|||16|||27|||0
i|||60|||16|||42|||0
i|||61|||18|||16|||0
i|||62|||18|||20|||0
i|||63|||18|||24|||0
i|||64|||19|||10|||0
i|||65|||19|||14|||0
i|||66|||19|||22|||0
i|||67|||19|||38|||0
i|||68|||20|||3|||0
i|||69|||20|||7|||0
i|||70|||20|||15|||0
i|||71|||20|||31|||0
i|||72|||21|||3|||0
i|||73|||21|||7|||0
i|||74|||21|||15|||0
i|||75|||21|||22|||0
i|||76|||21|||29|||0
i|||77|||21|||63|||0
i|||78|||21|||68|||0
i|||79|||22|||3|||0
i|||80|||22|||7|||0
i|||81|||22|||13|||0
i|||82|||22|||22|||0
i|||83|||22|||27|||0
i|||84|||23|||3|||0
i|||85|||23|||7|||0
i|||86|||23|||11|||0
i|||87|||23|||29|||0
i|||88|||23|||52|||0
i|||89|||24|||20|||0
i|||90|||24|||24|||0
i|||91|||24|||28|||0
i|||92|||24|||37|||0
i|||93|||24|||43|||0
i|||94|||26|||17|||0
i|||95|||26|||21|||0
i|||96|||26|||29|||0
i|||97|||26|||38|||0
i|||98|||27|||10|||0
i|||99|||27|||14|||0
i|||100|||27|||22|||0
i|||101|||27|||39|||0
i|||102|||28|||3|||0
i|||103|||28|||7|||0
i|||104|||28|||11|||0
i|||105|||28|||29|||0
i|||106|||28|||38|||0
i|||107|||28|||60|||0
i|||108|||30|||1|||0
i|||109|||30|||7|||0
i|||110|||30|||18|||0
i|||111|||30|||24|||0
i|||112|||31|||5|||0
i|||113|||31|||11|||0
i|||114|||31|||18|||0
i|||115|||31|||20|||0
i|||116|||32|||1|||0
i|||117|||32|||7|||0
i|||118|||32|||18|||0
i|||119|||32|||24|||0
i|||120|||33|||1|||0
i|||121|||33|||7|||0
i|||122|||33|||18|||0
i|||123|||33|||24|||0
i|||124|||34|||5|||0
i|||125|||34|||11|||0
i|||126|||34|||18|||0
i|||127|||34|||20|||0
i|||128|||35|||18|||0
i|||129|||35|||24|||0
i|||130|||35|||39|||0
i|||131|||35|||46|||0
i|||132|||36|||1|||0
i|||133|||36|||11|||0
i|||134|||36|||24|||0
i|||135|||36|||31|||0
i|||136|||37|||5|||0
i|||137|||37|||11|||0
i|||138|||37|||22|||0
i|||139|||37|||25|||0
i|||140|||38|||11|||0
i|||141|||38|||17|||0
i|||142|||38|||48|||0
i|||143|||41|||8|||0
i|||144|||41|||14|||0
i|||145|||41|||25|||0
i|||146|||41|||34|||0
i|||147|||41|||37|||0
i|||148|||42|||8|||0
i|||149|||42|||14|||0
i|||150|||42|||25|||0
i|||151|||42|||34|||0
i|||152|||42|||37|||0
i|||153|||44|||9|||0
i|||154|||44|||15|||0
i|||155|||44|||26|||0
i|||156|||44|||34|||0
i|||157|||45|||1|||0
i|||158|||45|||9|||0
i|||159|||45|||22|||0
i|||160|||45|||27|||0
i|||161|||45|||36|||0
i|||162|||45|||47|||0
i|||163|||45|||54|||0
i|||164|||46|||12|||0
i|||165|||46|||18|||0
i|||166|||46|||39|||0
i|||167|||46|||49|||0
i|||168|||48|||13|||0
i|||169|||48|||19|||0
i|||170|||48|||28|||0
i|||171|||49|||8|||0
i|||172|||49|||14|||0
i|||173|||49|||36|||0
i|||174|||49|||43|||0
i|||175|||50|||1|||0
i|||176|||50|||7|||0
i|||177|||50|||29|||0
i|||178|||50|||83|||0
i|||179|||51|||1|||0
i|||180|||51|||7|||0
i|||181|||51|||19|||0
i|||182|||51|||23|||0
i|||183|||51|||61|||0
i|||184|||51|||66|||0
i|||185|||51|||81|||0
i|||186|||52|||1|||0
i|||187|||52|||7|||0
i|||188|||52|||19|||0
i|||189|||52|||24|||0
i|||190|||52|||67|||0
i|||191|||53|||1|||0
i|||192|||53|||7|||0
i|||193|||53|||25|||0
i|||194|||53|||45|||0
i|||195|||53|||68|||0
i|||196|||54|||17|||0
i|||197|||54|||23|||0
i|||198|||54|||33|||0
i|||199|||54|||39|||0
i|||200|||54|||44|||0
i|||201|||56|||14|||0
i|||202|||56|||20|||0
i|||203|||56|||35|||0
i|||204|||56|||44|||0
i|||205|||57|||8|||0
i|||206|||57|||14|||0
i|||207|||57|||37|||0
i|||208|||57|||44|||0
i|||209|||58|||1|||0
i|||210|||58|||7|||0
i|||211|||58|||25|||0
i|||212|||58|||32|||0
i|||213|||58|||58|||0
i|||214|||58|||64|||0
=|||1|||0|||4|||6
=|||2|||1|||2|||6
=|||3|||1|||9|||6
=|||4|||2|||4|||6
=|||5|||3|||4|||6
=|||6|||4|||2|||6
=|||7|||4|||9|||6
=|||8|||5|||4|||6
=|||9|||5|||21|||6
=|||10|||6|||4|||6
=|||11|||7|||2|||6
=|||12|||7|||9|||6
=|||13|||8|||2|||6
=|||14|||8|||6|||6
=|||15|||8|||15|||6
=|||16|||8|||39|||6
=|||17|||8|||45|||6
=|||18|||8|||49|||6
=|||19|||9|||2|||6
=|||20|||9|||6|||6
=|||21|||10|||2|||6
=|||22|||10|||6|||6
=|||23|||10|||21|||6
=|||24|||11|||2|||6
=|||25|||11|||12|||6
=|||26|||11|||34|||6
=|||27|||12|||2|||6
=|||28|||12|||12|||6
=|||29|||12|||34|||6
=|||30|||13|||2|||6
=|||31|||13|||6|||6
=|||32|||13|||19|||6
=|||33|||13|||23|||6
=|||34|||13|||29|||6
=|||35|||14|||2|||6
=|||36|||14|||6|||6
=|||37|||14|||13|||6
=|||38|||14|||34|||6
=|||39|||15|||4|||6
=|||40|||15|||22|||6
=|||41|||15|||32|||6
=|||42|||15|||54|||6
=|||43|||16|||2|||6
=|||44|||16|||9|||6
=|||45|||16|||16|||6
=|||46|||17|||2|||6
=|||47|||17|||6|||6
=|||48|||17|||10|||6
=|||49|||17|||25|||6
=|||50|||18|||2|||6
=|||51|||18|||6|||6
=|||52|||18|||10|||6
=|||53|||18|||17|||6
=|||54|||19|||2|||6
=|||55|||19|||11|||6
=|||56|||20|||4|||6
=|||57|||20|||22|||6
=|||58|||20|||55|||6
=|||59|||20|||65|||6
=|||60|||20|||79|||6
=|||61|||21|||4|||6
=|||62|||21|||21|||6
=|||63|||21|||28|||6
=|||64|||21|||55|||6
=|||65|||21|||60|||6
=|||66|||21|||70|||6
=|||67|||21|||80|||6
=|||68|||22|||4|||6
=|||69|||22|||19|||6
=|||70|||22|||26|||6
=|||71|||22|||50|||6
=|||72|||22|||63|||6
=|||73|||23|||4|||6
=|||74|||23|||17|||6
=|||75|||23|||24|||6
=|||76|||23|||48|||6
=|||77|||24|||2|||6
=|||78|||24|||6|||6
=|||79|||24|||10|||6
=|||80|||24|||14|||6
=|||81|||24|||21|||6
=|||82|||25|||2|||6
=|||83|||25|||6|||6
=|||84|||26|||2|||6
=|||85|||26|||11|||6
=|||86|||26|||18|||6
=|||87|||27|||2|||6
=|||88|||27|||11|||6
=|||89|||28|||4|||6
=|||90|||28|||17|||6
=|||91|||28|||24|||6
=|||92|||28|||45|||6
=|||93|||29|||2|||6
=|||94|||29|||6|||6
=|||95|||29|||10|||6
=|||96|||30|||2|||6
=|||97|||31|||2|||6
=|||98|||31|||6|||6
=|||99|||32|||2|||6
=|||100|||33|||2|||6
=|||101|||34|||2|||6
=|||102|||34|||6|||6
=|||103|||35|||4|||6
=|||104|||35|||19|||6
=|||105|||36|||2|||6
=|||106|||37|||2|||6
=|||107|||37|||6|||6
=|||108|||38|||2|||6
=|||109|||38|||6|||6
=|||110|||38|||12|||6
=|||111|||38|||35|||6
=|||112|||38|||41|||6
=|||113|||38|||45|||6
=|||114|||39|||2|||6
=|||115|||39|||6|||6
=|||116|||40|||2|||6
=|||117|||40|||6|||6
=|||118|||40|||17|||6
=|||119|||41|||2|||6
=|||120|||41|||9|||6
=|||121|||41|||31|||6
=|||122|||42|||2|||6
=|||123|||42|||9|||6
=|||124|||42|||31|||6
=|||125|||43|||2|||6
=|||126|||43|||6|||6
=|||127|||43|||19|||6
=|||128|||43|||23|||6
=|||129|||43|||29|||6
=|||130|||44|||2|||6
=|||131|||44|||6|||6
=|||132|||44|||10|||6
=|||133|||44|||31|||6
=|||134|||45|||2|||6
=|||135|||45|||19|||6
=|||136|||45|||29|||6
=|||137|||45|||51|||6
=|||138|||46|||2|||6
=|||139|||46|||9|||6
=|||140|||46|||13|||6
=|||141|||47|||2|||6
=|||142|||47|||6|||6
=|||143|||47|||10|||6
=|||144|||47|||21|||6
=|||145|||48|||2|||6
=|||146|||48|||6|||6
=|||147|||48|||10|||6
=|||148|||48|||14|||6
=|||149|||49|||2|||6
=|||150|||49|||9|||6
=|||151|||50|||2|||6
=|||152|||50|||18|||6
=|||153|||50|||51|||6
=|||154|||50|||61|||6
=|||155|||50|||75|||6
=|||156|||51|||2|||6
=|||157|||51|||18|||6
=|||158|||51|||22|||6
=|||159|||51|||49|||6
=|||160|||51|||58|||6
=|||161|||51|||68|||6
=|||162|||51|||78|||6
=|||163|||52|||2|||6
=|||164|||52|||16|||6
=|||165|||52|||23|||6
=|||166|||52|||48|||6
=|||167|||52|||64|||6
=|||168|||53|||2|||6
=|||169|||53|||14|||6
=|||170|||53|||18|||6
=|||171|||53|||41|||6
=|||172|||54|||2|||6
=|||173|||54|||6|||6
=|||174|||54|||10|||6
=|||175|||54|||14|||6
=|||176|||54|||18|||6
=|||177|||55|||2|||6
=|||178|||55|||6|||6
=|||179|||56|||2|||6
=|||180|||56|||11|||6
=|||181|||56|||15|||6
=|||182|||57|||2|||6
=|||183|||57|||9|||6
=|||184|||58|||2|||6
=|||185|||58|||14|||6
=|||186|||58|||18|||6
=|||187|||58|||39|||6
=|||188|||59|||2|||6
=|||189|||59|||6|||6
=|||190|||59|||10|||6
1|||1|||0|||5|||1
5|||1|||0|||9|||1
0|||1|||1|||3|||1
1|||2|||1|||10|||1
5|||2|||1|||14|||1
2|||1|||2|||5|||1
10|||1|||2|||9|||1
2|||2|||2|||13|||1
1|||3|||3|||5|||1
10|||2|||3|||9|||1
2|||3|||3|||13|||1
1|||4|||4|||3|||1
1|||5|||4|||10|||1
5|||3|||4|||14|||1
1|||6|||5|||6|||1
2|||4|||5|||8|||1
3|||1|||5|||10|||1
4|||1|||5|||12|||1
5|||4|||5|||14|||1
0|||2|||5|||22|||1
1|||7|||6|||9|||1
0|||3|||6|||13|||1
0|||4|||7|||3|||1
0|||5|||7|||10|||1
0|||6|||8|||3|||1
1|||8|||8|||7|||1
0|||7|||8|||16|||1
5|||5|||8|||20|||1
12345|||1|||9|||3|||1
0|||8|||9|||7|||1
0|||9|||9|||14|||1
10|||3|||9|||18|||1
0|||10|||10|||3|||1
1234|||1|||10|||7|||1
0|||11|||10|||14|||1
10|||4|||10|||18|||1
10|||5|||10|||24|||1
10|||6|||10|||28|||1
0|||12|||11|||5|||1
1|||9|||11|||13|||1
0|||13|||12|||5|||1
1|||10|||12|||13|||1
24|||1|||13|||3|||1
36|||1|||13|||7|||1
0|||14|||13|||16|||1
17|||1|||14|||3|||1
1|||11|||14|||7|||1
2|||5|||14|||14|||1
2|||6|||14|||20|||1
0|||15|||14|||31|||1
0|||16|||14|||35|||1
0|||17|||15|||5|||1
2|||7|||15|||15|||1
1|||12|||15|||41|||1
1|||13|||15|||52|||1
0|||18|||16|||10|||1
0|||19|||16|||17|||1
1|||14|||16|||47|||1
121|||1|||17|||3|||1
0|||20|||17|||7|||1
0|||21|||17|||18|||1
10|||7|||17|||22|||1
10|||8|||17|||28|||1
10|||9|||17|||32|||1
2|||8|||18|||3|||1
3|||2|||18|||7|||1
1|||15|||18|||11|||1
0|||22|||18|||18|||1
0|||23|||19|||12|||1
0|||24|||20|||5|||1
1|||16|||20|||13|||1
0|||25|||20|||23|||1
1|||17|||20|||33|||1
1|||18|||20|||49|||1
1|||19|||20|||70|||1
1|||20|||20|||77|||1
0|||26|||21|||5|||1
1|||21|||21|||13|||1
1|||22|||21|||31|||1
1|||23|||22|||5|||1
1|||24|||22|||29|||1
0|||27|||22|||35|||1
1|||25|||22|||48|||1
1|||26|||22|||61|||1
0|||28|||23|||5|||1
5|||6|||23|||9|||1
1|||27|||23|||18|||1
0|||29|||23|||25|||1
1|||28|||23|||60|||1
5|||7|||24|||3|||1
2|||9|||24|||7|||1
1|||29|||24|||11|||1
1|||30|||24|||15|||1
0|||30|||24|||22|||1
1|||31|||24|||45|||1
123|||1|||25|||3|||1
0|||31|||25|||7|||1
0|||32|||25|||14|||1
10|||10|||25|||18|||1
10|||11|||25|||24|||1
1|||32|||26|||12|||1
0|||33|||26|||19|||1
0|||34|||27|||12|||1
32|||1|||27|||42|||1
2|||10|||28|||5|||1
50|||1|||28|||9|||1
1|||33|||28|||18|||1
2|||11|||28|||25|||1
2|||12|||28|||31|||1
0|||35|||28|||42|||1
0|||36|||28|||46|||1
1|||34|||28|||52|||1
12|||1|||29|||3|||1
18|||1|||29|||7|||1
0|||37|||29|||28|||1
0|||38|||29|||34|||1
1|||35|||30|||3|||1
5|||8|||30|||9|||1
0|||39|||31|||3|||1
1|||36|||31|||7|||1
5|||9|||31|||13|||1
2|||13|||32|||3|||1
10|||12|||32|||9|||1
2|||14|||32|||26|||1
1|||37|||33|||3|||1
10|||13|||33|||9|||1
2|||15|||33|||26|||1
1|||38|||34|||3|||1
1|||39|||34|||7|||1
5|||10|||34|||13|||1
1|||40|||35|||6|||1
2|||16|||35|||8|||1
3|||3|||35|||10|||1
4|||2|||35|||12|||1
5|||11|||35|||14|||1
0|||40|||35|||20|||1
1|||41|||36|||7|||1
0|||41|||36|||13|||1
0|||42|||37|||3|||1
0|||43|||37|||7|||1
0|||44|||38|||3|||1
1|||42|||38|||7|||1
0|||45|||38|||13|||1
5|||12|||38|||19|||1
12345|||2|||39|||3|||1
0|||46|||39|||7|||1
0|||47|||39|||13|||1
10|||14|||39|||21|||1
0|||48|||40|||3|||1
1234|||2|||40|||7|||1
0|||49|||40|||13|||1
10|||15|||40|||20|||1
10|||16|||40|||24|||1
10|||17|||40|||28|||1
0|||50|||41|||5|||1
1|||43|||41|||10|||1
0|||51|||42|||5|||1
1|||44|||42|||10|||1
24|||2|||43|||3|||1
36|||2|||43|||7|||1
0|||52|||43|||15|||1
17|||2|||44|||3|||1
1|||45|||44|||7|||1
2|||17|||44|||11|||1
2|||18|||44|||19|||1
0|||53|||44|||28|||1
0|||54|||44|||32|||1
0|||55|||45|||3|||1
2|||19|||45|||15|||1
1|||46|||45|||38|||1
1|||47|||45|||49|||1
0|||56|||46|||10|||1
0|||57|||46|||14|||1
1|||48|||46|||44|||1
121|||2|||47|||3|||1
0|||58|||47|||7|||1
0|||59|||47|||17|||1
10|||18|||47|||24|||1
10|||19|||47|||28|||1
10|||20|||47|||32|||1
2|||20|||48|||3|||1
3|||4|||48|||7|||1
1|||49|||48|||11|||1
0|||60|||48|||15|||1
0|||61|||49|||10|||1
0|||62|||50|||3|||1
1|||50|||50|||13|||1
0|||63|||50|||19|||1
1|||51|||50|||31|||1
1|||52|||50|||45|||1
1|||53|||50|||66|||1
1|||54|||50|||73|||1
0|||64|||51|||3|||1
1|||55|||51|||13|||1
1|||56|||51|||25|||1
1|||57|||52|||3|||1
1|||58|||52|||26|||1
0|||65|||52|||32|||1
1|||59|||52|||46|||1
1|||60|||52|||62|||1
0|||66|||53|||3|||1
5|||13|||53|||9|||1
1|||61|||53|||15|||1
0|||67|||53|||19|||1
1|||62|||53|||53|||1
5|||14|||54|||3|||1
2|||21|||54|||7|||1
1|||63|||54|||11|||1
1|||64|||54|||15|||1
0|||68|||54|||19|||1
1|||65|||54|||41|||1
123|||2|||55|||3|||1
0|||69|||55|||7|||1
0|||70|||55|||13|||1
10|||21|||55|||20|||1
10|||22|||55|||24|||1
1|||66|||56|||12|||1
0|||71|||56|||16|||1
0|||72|||57|||10|||1
32|||2|||57|||40|||1
2|||22|||58|||3|||1
50|||2|||58|||9|||1
1|||67|||58|||15|||1
2|||23|||58|||19|||1
2|||24|||58|||27|||1
0|||73|||58|||36|||1
0|||74|||58|||40|||1
1|||68|||58|||50|||1
12|||2|||59|||3|||1
18|||2|||59|||7|||1
0|||75|||59|||27|||1
0|||76|||59|||33|||1
;|||1|||0|||6|||5
;|||2|||0|||10|||5
;|||3|||0|||25|||5
;|||4|||1|||4|||5
;|||5|||1|||11|||5
;|||6|||1|||15|||5
;|||7|||1|||22|||5
;|||8|||2|||6|||5
;|||9|||2|||10|||5
;|||10|||2|||26|||5
;|||11|||3|||6|||5
;|||12|||3|||10|||5
;|||13|||3|||26|||5
;|||14|||4|||4|||5
;|||15|||4|||11|||5
;|||16|||4|||15|||5
;|||17|||4|||22|||5
;|||18|||5|||16|||5
;|||19|||5|||23|||5
;|||20|||5|||29|||5
;|||21|||5|||47|||5
;|||22|||6|||10|||5
;|||23|||6|||14|||5
;|||24|||6|||32|||5
;|||25|||7|||4|||5
;|||26|||7|||11|||5
;|||27|||7|||17|||5
;|||28|||7|||27|||5
;|||29|||8|||10|||5
;|||30|||8|||17|||5
;|||31|||8|||21|||5
;|||32|||8|||37|||5
;|||33|||8|||43|||5
;|||34|||8|||47|||5
;|||35|||8|||51|||5
;|||36|||9|||8|||5
;|||37|||9|||11|||5
;|||38|||9|||15|||5
;|||39|||9|||22|||5
;|||40|||10|||8|||5
;|||41|||10|||11|||5
;|||42|||10|||15|||5
;|||43|||10|||29|||5
;|||44|||11|||7|||5
;|||45|||11|||14|||5
;|||46|||11|||20|||5
;|||47|||11|||39|||5
;|||48|||12|||7|||5
;|||49|||12|||14|||5
;|||50|||12|||20|||5
;|||51|||12|||39|||5
;|||52|||13|||8|||5
;|||53|||13|||13|||5
;|||54|||13|||17|||5
;|||55|||13|||32|||5
;|||56|||14|||8|||5
;|||57|||14|||15|||5
;|||58|||14|||21|||5
;|||59|||14|||36|||5
;|||60|||15|||8|||5
;|||61|||15|||16|||5
;|||62|||15|||27|||5
;|||63|||15|||43|||5
;|||64|||15|||56|||5
;|||65|||16|||6|||5
;|||66|||16|||11|||5
;|||67|||16|||18|||5
;|||68|||16|||26|||5
;|||69|||16|||51|||5
;|||70|||17|||12|||5
;|||71|||17|||15|||5
;|||72|||17|||19|||5
;|||73|||17|||33|||5
;|||74|||18|||12|||5
;|||75|||18|||19|||5
;|||76|||18|||23|||5
;|||77|||18|||30|||5
;|||78|||19|||6|||5
;|||79|||19|||13|||5
;|||80|||19|||21|||5
;|||81|||19|||44|||5
;|||82|||20|||6|||5
;|||83|||20|||14|||5
;|||84|||20|||24|||5
;|||85|||20|||34|||5
;|||86|||20|||60|||5
;|||87|||20|||72|||5
;|||88|||20|||81|||5
;|||89|||21|||6|||5
;|||90|||21|||14|||5
;|||91|||21|||23|||5
;|||92|||21|||32|||5
;|||93|||21|||38|||5
;|||94|||21|||57|||5
;|||95|||21|||65|||5
;|||96|||21|||75|||5
;|||97|||21|||82|||5
;|||98|||22|||6|||5
;|||99|||22|||12|||5
;|||100|||22|||30|||5
;|||101|||22|||56|||5
;|||102|||22|||65|||5
;|||103|||23|||6|||5
;|||104|||23|||10|||5
;|||105|||23|||19|||5
;|||106|||23|||26|||5
;|||107|||23|||30|||5
;|||108|||23|||46|||5
;|||109|||23|||62|||5
;|||110|||23|||71|||5
;|||111|||24|||16|||5
;|||112|||24|||23|||5
;|||113|||24|||27|||5
;|||114|||24|||39|||5
;|||115|||24|||47|||5
;|||116|||24|||59|||5
;|||117|||25|||8|||5
;|||118|||25|||11|||5
;|||119|||25|||15|||5
;|||120|||25|||25|||5
;|||121|||26|||8|||5
;|||122|||26|||13|||5
;|||123|||26|||20|||5
;|||124|||26|||28|||5
;|||125|||26|||46|||5
;|||126|||27|||6|||5
;|||127|||27|||13|||5
;|||128|||27|||21|||5
;|||129|||27|||45|||5
;|||130|||28|||6|||5
;|||131|||28|||10|||5
;|||132|||28|||19|||5
;|||133|||28|||26|||5
;|||134|||28|||32|||5
;|||135|||28|||47|||5
;|||136|||28|||65|||5
;|||137|||29|||20|||5
;|||138|||29|||23|||5
;|||139|||29|||35|||5
;|||140|||29|||39|||5
;|||141|||29|||48|||5
;|||142|||30|||4|||5
;|||143|||30|||23|||5
;|||144|||30|||26|||5
;|||145|||31|||8|||5
;|||146|||31|||19|||5
;|||147|||31|||22|||5
;|||148|||32|||4|||5
;|||149|||32|||23|||5
;|||150|||32|||27|||5
;|||151|||33|||4|||5
;|||152|||33|||23|||5
;|||153|||33|||27|||5
;|||154|||34|||8|||5
;|||155|||34|||19|||5
;|||156|||34|||22|||5
;|||157|||35|||16|||5
;|||158|||35|||21|||5
;|||159|||35|||45|||5
;|||160|||35|||48|||5
;|||161|||36|||8|||5
;|||162|||36|||30|||5
;|||163|||36|||33|||5
;|||164|||37|||8|||5
;|||165|||37|||24|||5
;|||166|||37|||27|||5
;|||167|||38|||14|||5
;|||168|||38|||33|||5
;|||169|||38|||39|||5
;|||170|||38|||43|||5
;|||171|||38|||47|||5
;|||172|||38|||50|||5
;|||173|||39|||8|||5
;|||174|||39|||18|||5
;|||175|||39|||22|||5
;|||176|||40|||8|||5
;|||177|||40|||25|||5
;|||178|||40|||29|||5
;|||179|||41|||11|||5
;|||180|||41|||36|||5
;|||181|||41|||39|||5
;|||182|||42|||11|||5
;|||183|||42|||36|||5
;|||184|||42|||39|||5
;|||185|||43|||10|||5
;|||186|||43|||21|||5
;|||187|||43|||27|||5
;|||188|||43|||31|||5
;|||189|||44|||12|||5
;|||190|||44|||33|||5
;|||191|||44|||36|||5
;|||192|||45|||6|||5
;|||193|||45|||24|||5
;|||194|||45|||40|||5
;|||195|||45|||53|||5
;|||196|||45|||56|||5
;|||197|||46|||6|||5
;|||198|||46|||15|||5
;|||199|||46|||48|||5
;|||200|||46|||51|||5
;|||201|||47|||12|||5
;|||202|||47|||29|||5
;|||203|||47|||33|||5
;|||204|||48|||16|||5
;|||205|||48|||27|||5
;|||206|||48|||30|||5
;|||207|||49|||6|||5
;|||208|||49|||11|||5
;|||209|||49|||42|||5
;|||210|||49|||45|||5
;|||211|||50|||4|||5
;|||212|||50|||20|||5
;|||213|||50|||56|||5
;|||214|||50|||68|||5
;|||215|||50|||77|||5
;|||216|||50|||81|||5
;|||217|||50|||85|||5
;|||218|||51|||4|||5
;|||219|||51|||26|||5
;|||220|||51|||51|||5
;|||221|||51|||54|||5
;|||222|||51|||63|||5
;|||223|||51|||73|||5
;|||224|||51|||80|||5
;|||225|||51|||83|||5
;|||226|||52|||4|||5
;|||227|||52|||27|||5
;|||228|||52|||53|||5
;|||229|||52|||56|||5
;|||230|||52|||66|||5
;|||231|||52|||69|||5
;|||232|||53|||4|||5
;|||233|||53|||20|||5
;|||234|||53|||39|||5
;|||235|||53|||55|||5
;|||236|||53|||58|||5
;|||237|||53|||67|||5
;|||238|||53|||70|||5
;|||239|||54|||20|||5
;|||240|||54|||35|||5
;|||241|||54|||43|||5
;|||242|||54|||46|||5
;|||243|||54|||58|||5
;|||244|||55|||8|||5
;|||245|||55|||21|||5
;|||246|||55|||25|||5
;|||247|||56|||8|||5
;|||248|||56|||17|||5
;|||249|||56|||43|||5
;|||250|||56|||46|||5
;|||251|||57|||6|||5
;|||252|||57|||11|||5
;|||253|||57|||43|||5
;|||254|||57|||46|||5
;|||255|||58|||4|||5
;|||256|||58|||20|||5
;|||257|||58|||41|||5
;|||258|||58|||44|||5
;|||259|||58|||63|||5
;|||260|||58|||66|||5
;|||261|||59|||20|||5
;|||262|||59|||37|||5
;|||263|||59|||46|||5
++|||1|||0|||12|||8
++|||2|||1|||17|||8
++|||3|||4|||17|||8
++|||4|||5|||31|||8
++|||5|||7|||19|||8
++|||6|||8|||23|||8
++|||7|||9|||21|||8
++|||8|||11|||22|||8
++|||9|||12|||22|||8
++|||10|||14|||23|||8
++|||11|||15|||18|||8
++|||12|||16|||28|||8
++|||13|||16|||50|||8
++|||14|||18|||25|||8
++|||15|||19|||23|||8
++|||16|||20|||16|||8
++|||17|||20|||36|||8
++|||18|||21|||16|||8
++|||19|||21|||40|||8
++|||20|||22|||14|||8
++|||21|||23|||12|||8
++|||22|||23|||32|||8
++|||23|||24|||29|||8
++|||24|||26|||30|||8
++|||25|||26|||45|||8
++|||26|||27|||23|||8
++|||27|||28|||12|||8
++|||28|||28|||34|||8
++|||29|||29|||37|||8
++|||30|||30|||25|||8
++|||31|||31|||21|||8
++|||32|||34|||21|||8
++|||33|||35|||47|||8
++|||34|||37|||26|||8
++|||35|||38|||49|||8
++|||36|||39|||17|||8
++|||37|||41|||38|||8
++|||38|||42|||38|||8
++|||39|||44|||35|||8
++|||40|||45|||55|||8
++|||41|||46|||47|||8
++|||42|||46|||50|||8
++|||43|||48|||29|||8
++|||44|||49|||44|||8
++|||45|||50|||80|||8
++|||46|||50|||84|||8
++|||47|||51|||53|||8
++|||48|||51|||82|||8
++|||49|||52|||68|||8
++|||50|||53|||57|||8
++|||51|||53|||69|||8
++|||52|||54|||45|||8
++|||53|||56|||42|||8
++|||54|||56|||45|||8
++|||55|||57|||45|||8
++|||56|||58|||43|||8
++|||57|||58|||65|||8
++|||58|||59|||36|||8
sum|||1|||1|||1|||4
sum|||2|||1|||19|||4
fact|||1|||4|||1|||4
fact|||2|||4|||19|||4
length|||1|||5|||28|||4
length|||2|||6|||7|||4
sum|||3|||7|||1|||4
length|||3|||7|||16|||4
sum|||4|||7|||21|||4
a|||1|||8|||1|||4
b|||1|||8|||5|||4
c|||1|||8|||9|||4
a|||2|||8|||32|||4
c|||2|||8|||38|||4
a|||3|||8|||40|||4
b|||2|||8|||42|||4
a|||4|||8|||44|||4
b|||3|||8|||46|||4
b|||4|||8|||48|||4
c|||3|||8|||50|||4
num|||1|||9|||1|||4
count|||1|||9|||5|||4
num|||2|||9|||12|||4
num|||3|||9|||16|||4
count|||2|||9|||20|||4
rev|||1|||10|||1|||4
num|||4|||10|||5|||4
num|||5|||10|||12|||4
num|||6|||10|||16|||4
rev|||2|||10|||20|||4
rev|||3|||10|||22|||4
num|||7|||10|||26|||4
max|||1|||11|||1|||4
length|||4|||11|||19|||4
max|||2|||11|||31|||4
max|||3|||11|||33|||4
min|||1|||12|||1|||4
length|||5|||12|||19|||4
min|||2|||12|||31|||4
min|||3|||12|||33|||4
a|||5|||13|||1|||4
b|||5|||13|||5|||4
t|||1|||13|||12|||4
b|||6|||13|||14|||4
t|||2|||13|||18|||4
b|||7|||13|||20|||4
b|||8|||13|||22|||4
a|||6|||13|||24|||4
b|||9|||13|||26|||4
a|||7|||13|||28|||4
t|||3|||13|||30|||4
n|||1|||14|||1|||4
flag|||1|||14|||5|||4
n|||2|||14|||18|||4
n|||3|||14|||27|||4
flag|||2|||14|||33|||4
temp|||1|||15|||7|||4
length|||6|||15|||13|||4
temp|||2|||15|||21|||4
length|||7|||15|||37|||4
length|||8|||15|||48|||4
temp|||3|||15|||55|||4
String|||1|||16|||0|||4
str|||1|||16|||1|||4
vc|||1|||16|||8|||4
str|||2|||16|||21|||4
length|||9|||16|||23|||4
str|||3|||16|||38|||4
vc|||2|||16|||49|||4
num|||8|||17|||1|||4
rev|||4|||17|||5|||4
temp|||4|||17|||9|||4
num|||9|||17|||11|||4
temp|||5|||17|||16|||4
temp|||6|||17|||20|||4
rev|||5|||17|||24|||4
rev|||6|||17|||26|||4
temp|||7|||17|||30|||4
x|||1|||18|||1|||4
y|||1|||18|||5|||4
res|||1|||18|||9|||4
y|||2|||18|||22|||4
res|||2|||18|||27|||4
x|||2|||18|||29|||4
String|||2|||19|||0|||4
s|||1|||19|||1|||4
abc|||1|||19|||4|||4
s|||2|||19|||16|||4
length|||10|||19|||18|||4
s|||3|||19|||34|||4
length|||11|||20|||11|||4
j|||1|||20|||21|||4
j|||2|||20|||25|||4
length|||12|||20|||29|||4
j|||3|||20|||35|||4
j|||4|||20|||42|||4
j|||5|||20|||47|||4
t|||4|||20|||54|||4
j|||6|||20|||58|||4
j|||7|||20|||63|||4
j|||8|||20|||68|||4
j|||9|||20|||75|||4
t|||5|||20|||80|||4
length|||13|||21|||11|||4
min|||4|||21|||20|||4
j|||10|||21|||27|||4
j|||11|||21|||33|||4
length|||14|||21|||37|||4
j|||12|||21|||39|||4
j|||13|||21|||46|||4
min|||5|||21|||51|||4
min|||6|||21|||54|||4
j|||14|||21|||56|||4
t|||6|||21|||59|||4
min|||7|||21|||73|||4
min|||8|||21|||78|||4
t|||7|||21|||81|||4
length|||15|||22|||11|||4
key|||1|||22|||18|||4
j|||15|||22|||25|||4
j|||16|||22|||33|||4
j|||17|||22|||39|||4
key|||2|||22|||42|||4
j|||18|||22|||46|||4
j|||19|||22|||53|||4
j|||20|||22|||59|||4
key|||3|||22|||64|||4
c|||4|||23|||16|||4
j|||21|||23|||23|||4
j|||22|||23|||27|||4
j|||23|||23|||31|||4
c|||5|||23|||41|||4
c|||6|||23|||47|||4
c|||7|||23|||49|||4
j|||24|||23|||54|||4
j|||25|||23|||58|||4
n|||4|||24|||1|||4
r|||1|||24|||5|||4
num|||10|||24|||9|||4
den|||1|||24|||13|||4
r|||2|||24|||26|||4
num|||11|||24|||32|||4
n|||5|||24|||35|||4
den|||2|||24|||40|||4
num|||12|||24|||55|||4
den|||3|||24|||57|||4
num|||13|||25|||1|||4
sum|||5|||25|||5|||4
num|||14|||25|||12|||4
num|||15|||25|||16|||4
sum|||6|||25|||20|||4
num|||16|||25|||22|||4
String|||3|||26|||0|||4
str|||4|||26|||1|||4
wc|||1|||26|||10|||4
str|||5|||26|||23|||4
length|||16|||26|||25|||4
str|||6|||26|||34|||4
wc|||2|||26|||44|||4
String|||4|||27|||0|||4
str|||7|||27|||1|||4
str|||8|||27|||16|||4
length|||17|||27|||18|||4
str|||9|||27|||35|||4
f|||1|||28|||16|||4
j|||26|||28|||23|||4
j|||27|||28|||27|||4
j|||28|||28|||33|||4
j|||29|||28|||40|||4
f|||2|||28|||44|||4
f|||3|||28|||50|||4
a|||8|||29|||1|||4
b|||10|||29|||5|||4
lcm|||1|||29|||9|||4
a|||9|||29|||12|||4
b|||11|||29|||14|||4
a|||10|||29|||17|||4
b|||12|||29|||19|||4
lcm|||2|||29|||24|||4
a|||11|||29|||26|||4
lcm|||3|||29|||30|||4
b|||13|||29|||32|||4
lcm|||4|||29|||36|||4
lcm|||5|||29|||46|||4
sum|||7|||31|||1|||4
sum|||8|||31|||16|||4
fact|||3|||34|||1|||4
fact|||4|||34|||16|||4
length|||18|||35|||28|||4
length|||19|||36|||5|||4
sum|||9|||37|||1|||4
length|||20|||37|||15|||4
sum|||10|||37|||18|||4
a|||12|||38|||1|||4
b|||14|||38|||5|||4
c|||8|||38|||9|||4
a|||13|||38|||28|||4
c|||9|||38|||34|||4
a|||14|||38|||36|||4
b|||15|||38|||38|||4
a|||15|||38|||40|||4
b|||16|||38|||42|||4
b|||17|||38|||44|||4
c|||10|||38|||46|||4
num|||17|||39|||1|||4
count|||3|||39|||5|||4
num|||18|||39|||11|||4
count|||4|||39|||16|||4
num|||19|||39|||19|||4
rev|||7|||40|||1|||4
num|||20|||40|||5|||4
num|||21|||40|||11|||4
rev|||8|||40|||16|||4
rev|||9|||40|||18|||4
num|||22|||40|||22|||4
num|||23|||40|||26|||4
max|||4|||41|||1|||4
length|||21|||41|||18|||4
max|||5|||41|||28|||4
max|||6|||41|||30|||4
min|||9|||42|||1|||4
length|||22|||42|||18|||4
min|||10|||42|||28|||4
min|||11|||42|||30|||4
a|||16|||43|||1|||4
b|||18|||43|||5|||4
t|||8|||43|||9|||4
b|||19|||43|||13|||4
t|||9|||43|||18|||4
b|||20|||43|||20|||4
b|||21|||43|||22|||4
a|||17|||43|||24|||4
b|||22|||43|||26|||4
a|||18|||43|||28|||4
t|||10|||43|||30|||4
n|||6|||44|||1|||4
flag|||3|||44|||5|||4
n|||7|||44|||17|||4
n|||8|||44|||24|||4
flag|||4|||44|||30|||4
temp|||8|||45|||5|||4
length|||23|||45|||13|||4
temp|||9|||45|||18|||4
length|||24|||45|||34|||4
length|||25|||45|||45|||4
temp|||10|||45|||52|||4
String|||5|||46|||0|||4
str|||10|||46|||1|||4
vc|||3|||46|||8|||4
str|||11|||46|||20|||4
length|||26|||46|||22|||4
str|||12|||46|||35|||4
vc|||4|||46|||46|||4
num|||24|||47|||1|||4
rev|||10|||47|||5|||4
temp|||11|||47|||9|||4
num|||25|||47|||11|||4
temp|||12|||47|||15|||4
rev|||11|||47|||20|||4
rev|||12|||47|||22|||4
temp|||13|||47|||26|||4
temp|||14|||47|||30|||4
x|||3|||48|||1|||4
y|||3|||48|||5|||4
res|||3|||48|||9|||4
y|||4|||48|||21|||4
res|||4|||48|||24|||4
x|||4|||48|||26|||4
String|||6|||49|||0|||4
s|||4|||49|||1|||4
abc|||2|||49|||4|||4
s|||5|||49|||16|||4
length|||27|||49|||18|||4
s|||6|||49|||32|||4
length|||28|||50|||11|||4
j|||30|||50|||17|||4
j|||31|||50|||23|||4
length|||29|||50|||27|||4
j|||32|||50|||38|||4
j|||33|||50|||43|||4
t|||11|||50|||50|||4
j|||34|||50|||54|||4
j|||35|||50|||59|||4
j|||36|||50|||64|||4
j|||37|||50|||71|||4
t|||12|||50|||76|||4
j|||38|||50|||79|||4
length|||30|||51|||11|||4
min|||12|||51|||17|||4
j|||39|||51|||21|||4
j|||40|||51|||29|||4
length|||31|||51|||33|||4
j|||41|||51|||40|||4
min|||13|||51|||45|||4
min|||14|||51|||48|||4
j|||42|||51|||50|||4
j|||43|||51|||52|||4
t|||13|||51|||57|||4
min|||15|||51|||71|||4
min|||16|||51|||76|||4
t|||14|||51|||79|||4
length|||32|||52|||11|||4
key|||4|||52|||15|||4
j|||44|||52|||22|||4
j|||45|||52|||30|||4
j|||46|||52|||36|||4
key|||5|||52|||39|||4
j|||47|||52|||44|||4
j|||48|||52|||51|||4
j|||49|||52|||54|||4
j|||50|||52|||60|||4
key|||6|||52|||65|||4
c|||11|||53|||13|||4
j|||51|||53|||17|||4
j|||52|||53|||23|||4
c|||12|||53|||34|||4
c|||13|||53|||40|||4
c|||14|||53|||42|||4
j|||53|||53|||47|||4
j|||54|||53|||51|||4
j|||55|||53|||56|||4
n|||9|||54|||1|||4
r|||3|||54|||5|||4
num|||26|||54|||9|||4
den|||4|||54|||13|||4
r|||4|||54|||25|||4
num|||27|||54|||28|||4
n|||10|||54|||31|||4
den|||5|||54|||36|||4
num|||28|||54|||54|||4
den|||6|||54|||56|||4
num|||29|||55|||1|||4
sum|||11|||55|||5|||4
num|||30|||55|||11|||4
sum|||12|||55|||16|||4
num|||31|||55|||18|||4
num|||32|||55|||22|||4
String|||7|||56|||0|||4
str|||13|||56|||1|||4
wc|||3|||56|||10|||4
str|||14|||56|||22|||4
length|||33|||56|||24|||4
str|||15|||56|||31|||4
wc|||4|||56|||41|||4
String|||8|||57|||0|||4
str|||16|||57|||1|||4
str|||17|||57|||16|||4
length|||34|||57|||18|||4
str|||18|||57|||33|||4
f|||4|||58|||13|||4
j|||56|||58|||17|||4
j|||57|||58|||23|||4
j|||58|||58|||34|||4
f|||5|||58|||38|||4
j|||59|||58|||42|||4
f|||6|||58|||48|||4
a|||19|||59|||1|||4
b|||23|||59|||5|||4
lcm|||6|||59|||9|||4
a|||20|||59|||12|||4
b|||24|||59|||14|||4
a|||21|||59|||17|||4
b|||25|||59|||19|||4
lcm|||7|||59|||23|||4
a|||22|||59|||25|||4
lcm|||8|||59|||29|||4
b|||26|||59|||31|||4
lcm|||9|||59|||35|||4
lcm|||10|||59|||44|||4
arr|||1|||5|||3|||3
arr|||2|||5|||26|||3
arr|||3|||5|||39|||3
arr|||4|||6|||5|||3
arr|||5|||6|||24|||3
arr|||6|||7|||14|||3
arr|||7|||7|||23|||3
arr|||8|||11|||3|||3
arr|||9|||11|||17|||3
arr|||10|||11|||26|||3
arr|||11|||11|||35|||3
arr|||12|||12|||3|||3
arr|||13|||12|||17|||3
arr|||14|||12|||26|||3
arr|||15|||12|||35|||3
arr|||16|||15|||11|||3
arr|||17|||15|||23|||3
arr|||18|||15|||28|||3
arr|||19|||15|||33|||3
arr|||20|||15|||35|||3
arr|||21|||15|||44|||3
arr|||22|||15|||46|||3
arr|||23|||20|||9|||3
arr|||24|||20|||27|||3
arr|||25|||20|||40|||3
arr|||26|||20|||45|||3
arr|||27|||20|||56|||3
arr|||28|||20|||61|||3
arr|||29|||20|||66|||3
arr|||30|||20|||73|||3
arr|||31|||21|||9|||3
arr|||32|||21|||35|||3
arr|||33|||21|||44|||3
arr|||34|||21|||49|||3
arr|||35|||21|||61|||3
arr|||36|||21|||66|||3
arr|||37|||21|||71|||3
arr|||38|||21|||76|||3
arr|||39|||22|||9|||3
arr|||40|||22|||20|||3
arr|||41|||22|||37|||3
arr|||42|||22|||44|||3
arr|||43|||22|||51|||3
arr|||44|||22|||57|||3
arr|||45|||35|||3|||3
arr|||46|||35|||26|||3
arr|||47|||35|||37|||3
arr|||48|||36|||3|||3
arr|||49|||36|||22|||3
arr|||50|||37|||13|||3
arr|||51|||37|||20|||3
arr|||52|||41|||3|||3
arr|||53|||41|||16|||3
arr|||54|||41|||23|||3
arr|||55|||41|||32|||3
arr|||56|||42|||3|||3
arr|||57|||42|||16|||3
arr|||58|||42|||23|||3
arr|||59|||42|||32|||3
arr|||60|||45|||11|||3
arr|||61|||45|||20|||3
arr|||62|||45|||25|||3
arr|||63|||45|||30|||3
arr|||64|||45|||32|||3
arr|||65|||45|||41|||3
arr|||66|||45|||43|||3
arr|||67|||50|||9|||3
arr|||68|||50|||25|||3
arr|||69|||50|||36|||3
arr|||70|||50|||41|||3
arr|||71|||50|||52|||3
arr|||72|||50|||57|||3
arr|||73|||50|||62|||3
arr|||74|||50|||69|||3
arr|||75|||51|||9|||3
arr|||76|||51|||31|||3
arr|||77|||51|||38|||3
arr|||78|||51|||43|||3
arr|||79|||51|||59|||3
arr|||80|||51|||64|||3
arr|||81|||51|||69|||3
arr|||82|||51|||74|||3
arr|||83|||52|||9|||3
arr|||84|||52|||17|||3
arr|||85|||52|||34|||3
arr|||86|||52|||42|||3
arr|||87|||52|||49|||3
arr|||88|||52|||58|||3
