)|||1|||0|||13|||0
)|||2|||0|||24|||0
)|||3|||1|||18|||0
)|||4|||2|||14|||0
)|||5|||2|||25|||0
)|||6|||3|||14|||0
)|||7|||3|||25|||0
)|||8|||4|||18|||0
)|||9|||5|||32|||0
)|||10|||5|||46|||0
)|||11|||6|||17|||0
)|||12|||6|||31|||0
)|||13|||7|||20|||0
)|||14|||8|||24|||0
)|||15|||8|||36|||0
)|||16|||9|||19|||0
)|||17|||10|||19|||0
)|||18|||11|||23|||0
)|||19|||11|||32|||0
)|||20|||12|||23|||0
)|||21|||12|||32|||0
)|||22|||13|||31|||0
)|||23|||14|||24|||0
)|||24|||14|||32|||0
)|||25|||15|||19|||0
)|||26|||16|||25|||0
)|||27|||16|||29|||0
)|||28|||16|||43|||0
)|||29|||16|||44|||0
)|||30|||16|||48|||0
)|||31|||17|||23|||0
)|||32|||18|||26|||0
)|||33|||19|||20|||0
)|||34|||19|||24|||0
)|||35|||19|||33|||0
)|||36|||19|||39|||0
)|||37|||19|||43|||0
)|||38|||20|||17|||0
)|||39|||20|||37|||0
)|||40|||20|||51|||0
)|||41|||21|||17|||0
)|||42|||21|||41|||0
)|||43|||21|||53|||0
)|||44|||22|||15|||0
)|||45|||22|||43|||0
)|||46|||23|||13|||0
)|||47|||23|||33|||0
)|||48|||23|||45|||0
)|||49|||23|||55|||0
)|||50|||23|||61|||0
)|||51|||23|||70|||0
)|||52|||24|||30|||0
)|||53|||24|||38|||0
)|||54|||24|||46|||0
)|||55|||24|||58|||0
)|||56|||25|||19|||0
)|||57|||26|||27|||0
)|||58|||26|||31|||0
)|||59|||26|||39|||0
)|||60|||26|||43|||0
)|||61|||27|||20|||0
)|||62|||27|||24|||0
)|||63|||27|||33|||0
)|||64|||27|||40|||0
)|||65|||27|||43|||0
)|||66|||27|||44|||0
)|||67|||28|||13|||0
)|||68|||28|||35|||0
)|||69|||28|||43|||0
)|||70|||28|||53|||0
)|||71|||28|||64|||0
)|||72|||29|||15|||0
)|||73|||29|||38|||0
)|||74|||29|||47|||0
)|||75|||30|||10|||0
)|||76|||30|||22|||0
)|||77|||31|||14|||0
)|||78|||32|||10|||0
)|||79|||32|||22|||0
)|||80|||33|||10|||0
)|||81|||33|||22|||0
)|||82|||34|||14|||0
)|||83|||35|||29|||0
)|||84|||35|||44|||0
)|||85|||36|||14|||0
)|||86|||36|||29|||0
)|||87|||37|||16|||0
)|||88|||38|||20|||0
)|||89|||38|||32|||0
)|||90|||39|||14|||0
)|||91|||40|||14|||0
)|||92|||41|||19|||0
)|||93|||41|||29|||0
)|||94|||42|||19|||0
)|||95|||42|||29|||0
)|||96|||43|||16|||0
)|||97|||44|||20|||0
)|||98|||44|||29|||0
)|||99|||45|||16|||0
)|||100|||46|||24|||0
)|||101|||46|||25|||0
)|||102|||46|||40|||0
)|||103|||46|||41|||0
)|||104|||46|||45|||0
)|||105|||47|||18|||0
)|||106|||48|||22|||0
)|||107|||49|||20|||0
)|||108|||49|||21|||0
)|||109|||49|||31|||0
)|||110|||49|||37|||0
)|||111|||49|||41|||0
)|||112|||50|||14|||0
)|||113|||50|||32|||0
)|||114|||50|||47|||0
)|||115|||51|||14|||0
)|||116|||51|||34|||0
)|||117|||51|||47|||0
)|||118|||52|||12|||0
)|||119|||52|||40|||0
)|||120|||53|||10|||0
)|||121|||53|||26|||0
)|||122|||53|||38|||0
)|||123|||53|||48|||0
)|||124|||53|||54|||0
)|||125|||53|||66|||0
)|||126|||54|||26|||0
)|||127|||54|||34|||0
)|||128|||54|||42|||0
)|||129|||54|||57|||0
)|||130|||55|||14|||0
)|||131|||56|||26|||0
)|||132|||56|||27|||0
)|||133|||56|||36|||0
)|||134|||56|||40|||0
)|||135|||57|||20|||0
)|||136|||57|||21|||0
)|||137|||57|||31|||0
)|||138|||57|||38|||0
)|||139|||57|||41|||0
)|||140|||57|||42|||0
)|||141|||58|||10|||0
)|||142|||58|||28|||0
)|||143|||58|||37|||0
)|||144|||58|||51|||0
)|||145|||58|||62|||0
)|||146|||59|||15|||0
)|||147|||59|||34|||0
)|||148|||59|||45|||0
;|||3|||0|||25|||1
;|||4|||1|||4|||1
;|||7|||1|||22|||1
;|||10|||2|||26|||1
;|||13|||3|||26|||1
;|||14|||4|||4|||1
;|||17|||4|||22|||1
;|||18|||5|||16|||1
;|||21|||5|||47|||1
;|||24|||6|||32|||1
;|||25|||7|||4|||1
;|||28|||7|||27|||1
;|||29|||8|||10|||1
;|||32|||8|||37|||1
;|||33|||8|||43|||1
;|||34|||8|||47|||1
;|||35|||8|||51|||1
}|||2|||8|||52|||1
,|||7|||9|||4|||1
;|||36|||9|||8|||1
;|||39|||9|||22|||1
;|||40|||10|||8|||1
;|||43|||10|||29|||1
;|||44|||11|||7|||1
;|||47|||11|||39|||1
;|||48|||12|||7|||1
;|||51|||12|||39|||1
;|||52|||13|||8|||1
;|||55|||13|||32|||1
,|||12|||14|||4|||1
;|||56|||14|||8|||1
;|||59|||14|||36|||1
;|||62|||15|||27|||1
;|||63|||15|||43|||1
;|||64|||15|||56|||1
}|||3|||15|||57|||1
;|||65|||16|||6|||1
;|||66|||16|||11|||1
;|||69|||16|||51|||1
,|||14|||17|||4|||1
,|||15|||17|||8|||1
;|||70|||17|||12|||1
;|||73|||17|||33|||1
,|||17|||18|||8|||1
;|||74|||18|||12|||1
;|||77|||18|||30|||1
;|||78|||19|||6|||1
;|||81|||19|||44|||1
;|||86|||20|||60|||1
;|||87|||20|||72|||1
;|||88|||20|||81|||1
}|||4|||20|||82|||1
;|||91|||21|||23|||1
;|||94|||21|||57|||1
;|||95|||21|||65|||1
;|||96|||21|||75|||1
;|||97|||21|||82|||1
}|||5|||21|||83|||1
,|||18|||22|||24|||1
;|||100|||22|||30|||1
;|||101|||22|||56|||1
;|||102|||22|||65|||1
}|||6|||22|||66|||1
;|||105|||23|||19|||1
;|||108|||23|||46|||1
;|||109|||23|||62|||1
}|||7|||23|||63|||1
;|||110|||23|||71|||1
}|||8|||23|||72|||1
,|||20|||24|||8|||1
;|||111|||24|||16|||1
;|||114|||24|||39|||1
;|||115|||24|||47|||1
}|||9|||24|||48|||1
;|||116|||24|||59|||1
,|||22|||25|||4|||1
;|||117|||25|||8|||1
;|||120|||25|||25|||1
;|||121|||26|||8|||1
;|||122|||26|||13|||1
;|||125|||26|||46|||1
;|||126|||27|||6|||1
;|||129|||27|||45|||1
;|||132|||28|||19|||1
;|||135|||28|||47|||1
;|||136|||28|||65|||1
}|||10|||28|||66|||1
,|||24|||29|||8|||1
;|||137|||29|||20|||1
;|||140|||29|||39|||1
;|||141|||29|||48|||1
;|||142|||30|||4|||1
;|||143|||30|||23|||1
;|||144|||30|||26|||1
}|||11|||30|||27|||1
,|||25|||31|||4|||1
;|||145|||31|||8|||1
;|||146|||31|||19|||1
;|||147|||31|||22|||1
}|||12|||31|||23|||1
;|||148|||32|||4|||1
;|||149|||32|||23|||1
;|||150|||32|||27|||1
}|||13|||32|||28|||1
;|||151|||33|||4|||1
;|||152|||33|||23|||1
;|||153|||33|||27|||1
}|||14|||33|||28|||1
,|||26|||34|||4|||1
;|||154|||34|||8|||1
;|||155|||34|||19|||1
;|||156|||34|||22|||1
}|||15|||34|||23|||1
;|||157|||35|||16|||1
;|||158|||35|||21|||1
;|||159|||35|||45|||1
;|||160|||35|||48|||1
}|||17|||35|||49|||1
;|||161|||36|||8|||1
;|||162|||36|||30|||1
;|||163|||36|||33|||1
}|||18|||36|||34|||1
,|||31|||37|||4|||1
;|||164|||37|||8|||1
;|||165|||37|||24|||1
;|||166|||37|||27|||1
}|||19|||37|||28|||1
,|||34|||38|||10|||1
;|||167|||38|||14|||1
;|||168|||38|||33|||1
;|||169|||38|||39|||1
;|||170|||38|||43|||1
;|||171|||38|||47|||1
;|||172|||38|||50|||1
}|||20|||38|||51|||1
,|||35|||39|||4|||1
;|||173|||39|||8|||1
;|||174|||39|||18|||1
;|||175|||39|||22|||1
}|||21|||39|||23|||1
;|||176|||40|||8|||1
;|||177|||40|||25|||1
;|||178|||40|||29|||1
}|||22|||40|||30|||1
,|||37|||41|||7|||1
;|||179|||41|||11|||1
;|||180|||41|||36|||1
;|||181|||41|||39|||1
}|||23|||41|||40|||1
,|||38|||42|||7|||1
;|||182|||42|||11|||1
;|||183|||42|||36|||1
;|||184|||42|||39|||1
}|||24|||42|||40|||1
;|||185|||43|||10|||1
;|||186|||43|||21|||1
;|||187|||43|||27|||1
;|||188|||43|||31|||1
}|||25|||43|||32|||1
,|||41|||44|||4|||1
,|||42|||44|||8|||1
;|||189|||44|||12|||1
;|||190|||44|||33|||1
;|||191|||44|||36|||1
}|||26|||44|||37|||1
;|||192|||45|||6|||1
;|||193|||45|||24|||1
;|||194|||45|||40|||1
;|||195|||45|||53|||1
;|||196|||45|||56|||1
}|||27|||45|||57|||1
;|||197|||46|||6|||1
,|||44|||46|||11|||1
;|||198|||46|||15|||1
;|||199|||46|||48|||1
;|||200|||46|||51|||1
}|||28|||46|||52|||1
,|||45|||47|||4|||1
,|||46|||47|||8|||1
;|||201|||47|||12|||1
;|||202|||47|||29|||1
;|||203|||47|||33|||1
}|||29|||47|||34|||1
,|||48|||48|||8|||1
,|||49|||48|||12|||1
;|||204|||48|||16|||1
;|||205|||48|||27|||1
;|||206|||48|||30|||1
}|||30|||48|||31|||1
;|||207|||49|||6|||1
;|||208|||49|||11|||1
;|||209|||49|||42|||1
;|||210|||49|||45|||1
}|||31|||49|||46|||1
;|||211|||50|||4|||1
;|||212|||50|||20|||1
;|||213|||50|||56|||1
;|||214|||50|||68|||1
;|||215|||50|||77|||1
}|||32|||50|||78|||1
;|||216|||50|||81|||1
}|||33|||50|||82|||1
;|||217|||50|||85|||1
}|||34|||50|||86|||1
;|||218|||51|||4|||1
,|||50|||51|||20|||1
;|||219|||51|||26|||1
;|||220|||51|||51|||1
;|||221|||51|||54|||1
}|||35|||51|||55|||1
;|||222|||51|||63|||1
;|||223|||51|||73|||1
;|||224|||51|||80|||1
;|||225|||51|||83|||1
}|||36|||51|||84|||1
;|||226|||52|||4|||1
,|||51|||52|||21|||1
;|||227|||52|||27|||1
;|||228|||52|||53|||1
;|||229|||52|||56|||1
}|||37|||52|||57|||1
;|||230|||52|||66|||1
;|||231|||52|||69|||1
}|||38|||52|||70|||1
;|||232|||53|||4|||1
,|||52|||53|||16|||1
;|||233|||53|||20|||1
;|||234|||53|||39|||1
;|||235|||53|||55|||1
;|||236|||53|||58|||1
}|||39|||53|||59|||1
;|||237|||53|||67|||1
;|||238|||53|||70|||1
}|||40|||53|||71|||1
,|||54|||54|||8|||1
,|||56|||54|||16|||1
;|||239|||54|||20|||1
;|||240|||54|||35|||1
;|||241|||54|||43|||1
;|||242|||54|||46|||1
}|||41|||54|||47|||1
;|||243|||54|||58|||1
,|||57|||55|||4|||1
;|||244|||55|||8|||1
;|||245|||55|||21|||1
;|||246|||55|||25|||1
}|||42|||55|||26|||1
;|||247|||56|||8|||1
,|||58|||56|||13|||1
;|||248|||56|||17|||1
;|||249|||56|||43|||1
;|||250|||56|||46|||1
}|||43|||56|||47|||1
;|||251|||57|||6|||1
;|||252|||57|||11|||1
;|||253|||57|||43|||1
;|||254|||57|||46|||1
}|||44|||57|||47|||1
;|||255|||58|||4|||1
,|||59|||58|||16|||1
;|||256|||58|||20|||1
;|||257|||58|||41|||1
;|||258|||58|||44|||1
}|||45|||58|||45|||1
;|||259|||58|||63|||1
;|||260|||58|||66|||1
}|||46|||58|||67|||1
,|||61|||59|||8|||1
;|||261|||59|||20|||1
;|||262|||59|||37|||1
for|||1|||0|||0|||2
;|||1|||0|||6|||2
;|||2|||0|||10|||2
for|||2|||1|||5|||2
;|||5|||1|||11|||2
;|||6|||1|||15|||2
for|||3|||2|||0|||2
;|||8|||2|||6|||2
;|||9|||2|||10|||2
for|||4|||3|||0|||2
;|||11|||3|||6|||2
;|||12|||3|||10|||2
for|||5|||4|||5|||2
;|||15|||4|||11|||2
;|||16|||4|||15|||2
for|||6|||5|||17|||2
;|||19|||5|||23|||2
;|||20|||5|||29|||2
for|||7|||6|||0|||2
;|||22|||6|||10|||2
;|||23|||6|||14|||2
for|||8|||7|||5|||2
;|||26|||7|||11|||2
;|||27|||7|||17|||2
for|||9|||8|||11|||2
;|||30|||8|||17|||2
;|||31|||8|||21|||2
for|||10|||9|||9|||2
;|||37|||9|||11|||2
;|||38|||9|||15|||2
for|||11|||10|||9|||2
;|||41|||10|||11|||2
;|||42|||10|||15|||2
for|||12|||11|||8|||2
;|||45|||11|||14|||2
;|||46|||11|||20|||2
for|||13|||12|||8|||2
;|||49|||12|||14|||2
;|||50|||12|||20|||2
for|||14|||13|||9|||2
;|||53|||13|||13|||2
;|||54|||13|||17|||2
for|||15|||14|||9|||2
;|||57|||14|||15|||2
;|||58|||14|||21|||2
for|||16|||15|||0|||2
;|||60|||15|||8|||2
;|||61|||15|||16|||2
for|||17|||16|||12|||2
;|||67|||16|||18|||2
;|||68|||16|||26|||2
for|||18|||17|||13|||2
;|||71|||17|||15|||2
;|||72|||17|||19|||2
for|||19|||18|||13|||2
;|||75|||18|||19|||2
;|||76|||18|||23|||2
for|||20|||19|||7|||2
;|||79|||19|||13|||2
;|||80|||19|||21|||2
for|||21|||20|||0|||2
;|||82|||20|||6|||2
;|||83|||20|||14|||2
for|||22|||20|||18|||2
;|||84|||20|||24|||2
;|||85|||20|||34|||2
for|||23|||21|||0|||2
;|||89|||21|||6|||2
;|||90|||21|||14|||2
for|||24|||21|||24|||2
;|||92|||21|||32|||2
;|||93|||21|||38|||2
for|||25|||22|||0|||2
;|||98|||22|||6|||2
;|||99|||22|||12|||2
while|||1|||22|||31|||2
for|||26|||23|||0|||2
;|||103|||23|||6|||2
;|||104|||23|||10|||2
for|||27|||23|||20|||2
;|||106|||23|||26|||2
;|||107|||23|||30|||2
for|||28|||24|||17|||2
;|||112|||24|||23|||2
;|||113|||24|||27|||2
for|||29|||25|||9|||2
;|||118|||25|||11|||2
;|||119|||25|||15|||2
for|||30|||26|||14|||2
;|||123|||26|||20|||2
;|||124|||26|||28|||2
for|||31|||27|||7|||2
;|||127|||27|||13|||2
;|||128|||27|||21|||2
for|||32|||28|||0|||2
;|||130|||28|||6|||2
;|||131|||28|||10|||2
for|||33|||28|||20|||2
;|||133|||28|||26|||2
;|||134|||28|||32|||2
?|||1|||29|||16|||2
for|||34|||29|||21|||2
;|||138|||29|||23|||2
;|||139|||29|||35|||2
while|||2|||30|||5|||2
while|||3|||31|||9|||2
while|||4|||32|||5|||2
while|||5|||33|||5|||2
while|||6|||34|||9|||2
while|||7|||35|||22|||2
while|||8|||36|||9|||2
while|||9|||37|||9|||2
while|||10|||38|||15|||2
while|||11|||39|||9|||2
while|||12|||40|||9|||2
while|||13|||41|||12|||2
while|||14|||42|||12|||2
while|||15|||43|||11|||2
while|||16|||44|||13|||2
while|||17|||45|||7|||2
while|||18|||46|||16|||2
while|||19|||47|||13|||2
while|||20|||48|||17|||2
while|||21|||49|||12|||2
while|||22|||50|||5|||2
while|||23|||50|||21|||2
while|||24|||51|||5|||2
while|||25|||51|||27|||2
while|||26|||52|||5|||2
while|||27|||52|||28|||2
while|||28|||53|||5|||2
while|||29|||53|||21|||2
while|||30|||54|||21|||2
while|||31|||55|||9|||2
while|||32|||56|||18|||2
while|||33|||57|||12|||2
while|||34|||58|||5|||2
while|||35|||58|||21|||2
?|||2|||59|||16|||2
while|||36|||59|||21|||2
1|||1|||0|||5|||3
5|||1|||0|||9|||3
0|||1|||1|||3|||3
1|||2|||1|||10|||3
5|||2|||1|||14|||3
2|||1|||2|||5|||3
10|||1|||2|||9|||3
2|||2|||2|||13|||3
1|||3|||3|||5|||3
10|||2|||3|||9|||3
2|||3|||3|||13|||3
1|||4|||4|||3|||3
1|||5|||4|||10|||3
5|||3|||4|||14|||3
1|||6|||5|||6|||3
2|||4|||5|||8|||3
0|||2|||5|||22|||3
length|||1|||5|||28|||3
length|||2|||6|||7|||3
1|||7|||6|||9|||3
0|||3|||6|||13|||3
0|||4|||7|||3|||3
0|||5|||7|||10|||3
length|||3|||7|||16|||3
0|||6|||8|||3|||3
1|||8|||8|||7|||3
0|||7|||8|||16|||3
5|||5|||8|||20|||3
0|||8|||9|||7|||3
0|||9|||9|||14|||3
10|||3|||9|||18|||3
0|||10|||10|||3|||3
0|||11|||10|||14|||3
10|||4|||10|||18|||3
10|||5|||10|||24|||3
10|||6|||10|||28|||3
0|||12|||11|||5|||3
1|||9|||11|||13|||3
length|||4|||11|||19|||3
0|||13|||12|||5|||3
1|||10|||12|||13|||3
length|||5|||12|||19|||3
0|||14|||13|||16|||3
17|||1|||14|||3|||3
1|||11|||14|||7|||3
2|||5|||14|||14|||3
2|||6|||14|||20|||3
0|||15|||14|||31|||3
0|||16|||14|||35|||3
0|||17|||15|||5|||3
length|||6|||15|||13|||3
2|||7|||15|||15|||3
length|||7|||15|||37|||3
1|||12|||15|||41|||3
length|||8|||15|||48|||3
1|||13|||15|||52|||3
0|||18|||16|||10|||3
0|||19|||16|||17|||3
1|||14|||16|||47|||3
0|||20|||17|||7|||3
0|||21|||17|||18|||3
10|||7|||17|||22|||3
10|||8|||17|||28|||3
10|||9|||17|||32|||3
2|||8|||18|||3|||3
3|||2|||18|||7|||3
1|||15|||18|||11|||3
0|||22|||18|||18|||3
0|||23|||19|||12|||3
0|||24|||20|||5|||3
length|||11|||20|||11|||3
1|||16|||20|||13|||3
0|||25|||20|||23|||3
length|||12|||20|||29|||3
1|||17|||20|||33|||3
1|||18|||20|||49|||3
1|||19|||20|||70|||3
1|||20|||20|||77|||3
0|||26|||21|||5|||3
length|||13|||21|||11|||3
1|||21|||21|||13|||3
1|||22|||21|||31|||3
length|||14|||21|||37|||3
1|||23|||22|||5|||3
length|||15|||22|||11|||3
1|||24|||22|||29|||3
0|||27|||22|||35|||3
1|||25|||22|||48|||3
1|||26|||22|||61|||3
0|||28|||23|||5|||3
5|||6|||23|||9|||3
1|||27|||23|||18|||3
0|||29|||23|||25|||3
1|||28|||23|||60|||3
5|||7|||24|||3|||3
2|||9|||24|||7|||3
1|||29|||24|||11|||3
1|||30|||24|||15|||3
0|||30|||24|||22|||3
1|||31|||24|||45|||3
0|||31|||25|||7|||3
0|||32|||25|||14|||3
10|||10|||25|||18|||3
10|||11|||25|||24|||3
1|||32|||26|||12|||3
0|||33|||26|||19|||3
0|||34|||27|||12|||3
2|||10|||28|||5|||3
1|||33|||28|||18|||3
2|||11|||28|||25|||3
2|||12|||28|||31|||3
0|||35|||28|||42|||3
0|||36|||28|||46|||3
1|||34|||28|||52|||3
12|||1|||29|||3|||3
18|||1|||29|||7|||3
0|||37|||29|||28|||3
0|||38|||29|||34|||3
1|||35|||30|||3|||3
5|||8|||30|||9|||3
0|||39|||31|||3|||3
1|||36|||31|||7|||3
5|||9|||31|||13|||3
2|||13|||32|||3|||3
10|||12|||32|||9|||3
2|||14|||32|||26|||3
1|||37|||33|||3|||3
10|||13|||33|||9|||3
2|||15|||33|||26|||3
1|||38|||34|||3|||3
1|||39|||34|||7|||3
5|||10|||34|||13|||3
1|||40|||35|||6|||3
2|||16|||35|||8|||3
5|||11|||35|||14|||3
0|||40|||35|||20|||3
length|||18|||35|||28|||3
length|||19|||36|||5|||3
1|||41|||36|||7|||3
0|||41|||36|||13|||3
0|||42|||37|||3|||3
0|||43|||37|||7|||3
length|||20|||37|||15|||3
0|||44|||38|||3|||3
1|||42|||38|||7|||3
0|||45|||38|||13|||3
5|||12|||38|||19|||3
0|||46|||39|||7|||3
0|||47|||39|||13|||3
10|||14|||39|||21|||3
0|||48|||40|||3|||3
0|||49|||40|||13|||3
10|||15|||40|||20|||3
10|||16|||40|||24|||3
10|||17|||40|||28|||3
0|||50|||41|||5|||3
1|||43|||41|||10|||3
length|||21|||41|||18|||3
0|||51|||42|||5|||3
1|||44|||42|||10|||3
length|||22|||42|||18|||3
24|||2|||43|||3|||3
0|||52|||43|||15|||3
17|||2|||44|||3|||3
1|||45|||44|||7|||3
2|||17|||44|||11|||3
2|||18|||44|||19|||3
0|||53|||44|||28|||3
0|||54|||44|||32|||3
0|||55|||45|||3|||3
length|||23|||45|||13|||3
2|||19|||45|||15|||3
length|||24|||45|||34|||3
1|||46|||45|||38|||3
length|||25|||45|||45|||3
1|||47|||45|||49|||3
0|||56|||46|||10|||3
0|||57|||46|||14|||3
1|||48|||46|||44|||3
0|||58|||47|||7|||3
0|||59|||47|||17|||3
10|||18|||47|||24|||3
10|||19|||47|||28|||3
10|||20|||47|||32|||3
2|||20|||48|||3|||3
3|||4|||48|||7|||3
1|||49|||48|||11|||3
0|||60|||48|||15|||3
0|||61|||49|||10|||3
0|||62|||50|||3|||3
length|||28|||50|||11|||3
1|||50|||50|||13|||3
0|||63|||50|||19|||3
length|||29|||50|||27|||3
1|||51|||50|||31|||3
1|||52|||50|||45|||3
1|||53|||50|||66|||3
1|||54|||50|||73|||3
0|||64|||51|||3|||3
length|||30|||51|||11|||3
1|||55|||51|||13|||3
1|||56|||51|||25|||3
length|||31|||51|||33|||3
1|||57|||52|||3|||3
length|||32|||52|||11|||3
1|||58|||52|||26|||3
0|||65|||52|||32|||3
1|||59|||52|||46|||3
1|||60|||52|||62|||3
0|||66|||53|||3|||3
5|||13|||53|||9|||3
1|||61|||53|||15|||3
0|||67|||53|||19|||3
1|||62|||53|||53|||3
5|||14|||54|||3|||3
2|||21|||54|||7|||3
1|||63|||54|||11|||3
1|||64|||54|||15|||3
0|||68|||54|||19|||3
1|||65|||54|||41|||3
0|||69|||55|||7|||3
0|||70|||55|||13|||3
10|||21|||55|||20|||3
10|||22|||55|||24|||3
1|||66|||56|||12|||3
0|||71|||56|||16|||3
0|||72|||57|||10|||3
2|||22|||58|||3|||3
1|||67|||58|||15|||3
2|||23|||58|||19|||3
2|||24|||58|||27|||3
0|||73|||58|||36|||3
0|||74|||58|||40|||3
1|||68|||58|||50|||3
12|||2|||59|||3|||3
18|||2|||59|||7|||3
0|||75|||59|||27|||3
0|||76|||59|||33|||3
i|||1|||0|||3|||4
i|||2|||0|||7|||4
i|||3|||0|||11|||4
i|||4|||0|||20|||4
i|||5|||1|||8|||4
i|||6|||1|||12|||4
i|||7|||1|||16|||4
i|||8|||1|||21|||4
i|||9|||2|||3|||4
i|||10|||2|||7|||4
i|||11|||2|||11|||4
i|||12|||2|||21|||4
i|||13|||3|||3|||4
i|||14|||3|||7|||4
i|||15|||3|||11|||4
i|||16|||3|||21|||4
i|||17|||4|||8|||4
i|||18|||4|||12|||4
i|||19|||4|||16|||4
i|||20|||4|||21|||4
i|||21|||5|||20|||4
i|||22|||5|||24|||4
i|||23|||5|||30|||4
i|||24|||5|||41|||4
i|||25|||6|||3|||4
i|||26|||6|||11|||4
i|||27|||6|||15|||4
i|||28|||6|||26|||4
i|||29|||7|||8|||4
i|||30|||7|||12|||4
i|||31|||7|||18|||4
i|||32|||7|||25|||4
i|||33|||8|||14|||4
i|||34|||8|||18|||4
i|||35|||8|||22|||4
i|||36|||11|||11|||4
i|||37|||11|||15|||4
i|||38|||11|||21|||4
i|||39|||11|||28|||4
i|||40|||11|||37|||4
i|||41|||12|||11|||4
i|||42|||12|||15|||4
i|||43|||12|||21|||4
i|||44|||12|||28|||4
i|||45|||12|||37|||4
i|||46|||14|||12|||4
i|||47|||14|||16|||4
i|||48|||14|||22|||4
i|||49|||14|||29|||4
i|||50|||15|||3|||4
i|||51|||15|||9|||4
i|||52|||15|||17|||4
i|||53|||15|||25|||4
i|||54|||15|||30|||4
i|||55|||15|||39|||4
i|||56|||15|||50|||4
i|||57|||16|||15|||4
i|||58|||16|||19|||4
i|||59|||16|||27|||4
i|||60|||16|||42|||4
i|||61|||18|||16|||4
i|||62|||18|||20|||4
i|||63|||18|||24|||4
i|||64|||19|||10|||4
i|||65|||19|||14|||4
i|||66|||19|||22|||4
i|||67|||19|||38|||4
i|||68|||20|||3|||4
i|||69|||20|||7|||4
i|||70|||20|||15|||4
i|||71|||20|||31|||4
i|||72|||21|||3|||4
i|||73|||21|||7|||4
i|||74|||21|||15|||4
i|||75|||21|||22|||4
i|||76|||21|||29|||4
i|||77|||21|||63|||4
i|||78|||21|||68|||4
i|||79|||22|||3|||4
i|||80|||22|||7|||4
i|||81|||22|||13|||4
i|||82|||22|||22|||4
i|||83|||22|||27|||4
i|||84|||23|||3|||4
i|||85|||23|||7|||4
i|||86|||23|||11|||4
i|||87|||23|||29|||4
i|||88|||23|||52|||4
i|||89|||24|||20|||4
i|||90|||24|||24|||4
i|||91|||24|||28|||4
i|||92|||24|||37|||4
i|||93|||24|||43|||4
i|||94|||26|||17|||4
i|||95|||26|||21|||4
i|||96|||26|||29|||4
i|||97|||26|||38|||4
i|||98|||27|||10|||4
i|||99|||27|||14|||4
i|||100|||27|||22|||4
i|||101|||27|||39|||4
i|||102|||28|||3|||4
i|||103|||28|||7|||4
i|||104|||28|||11|||4
i|||105|||28|||29|||4
i|||106|||28|||38|||4
i|||107|||28|||60|||4
i|||108|||30|||1|||4
i|||109|||30|||7|||4
i|||110|||30|||18|||4
i|||111|||30|||24|||4
i|||112|||31|||5|||4
i|||113|||31|||11|||4
i|||114|||31|||18|||4
i|||115|||31|||20|||4
i|||116|||32|||1|||4
i|||117|||32|||7|||4
i|||118|||32|||18|||4
i|||119|||32|||24|||4
i|||120|||33|||1|||4
i|||121|||33|||7|||4
i|||122|||33|||18|||4
i|||123|||33|||24|||4
i|||124|||34|||5|||4
i|||125|||34|||11|||4
i|||126|||34|||18|||4
i|||127|||34|||20|||4
i|||128|||35|||18|||4
i|||129|||35|||24|||4
i|||130|||35|||39|||4
i|||131|||35|||46|||4
i|||132|||36|||1|||4
i|||133|||36|||11|||4
i|||134|||36|||24|||4
i|||135|||36|||31|||4
i|||136|||37|||5|||4
i|||137|||37|||11|||4
i|||138|||37|||22|||4
i|||139|||37|||25|||4
i|||140|||38|||11|||4
i|||141|||38|||17|||4
i|||142|||38|||48|||4
i|||143|||41|||8|||4
i|||144|||41|||14|||4
i|||145|||41|||25|||4
i|||146|||41|||34|||4
i|||147|||41|||37|||4
i|||148|||42|||8|||4
i|||149|||42|||14|||4
i|||150|||42|||25|||4
i|||151|||42|||34|||4
i|||152|||42|||37|||4
i|||153|||44|||9|||4
i|||154|||44|||15|||4
i|||155|||44|||26|||4
i|||156|||44|||34|||4
i|||157|||45|||1|||4
i|||158|||45|||9|||4
i|||159|||45|||22|||4
i|||160|||45|||27|||4
i|||161|||45|||36|||4
i|||162|||45|||47|||4
i|||163|||45|||54|||4
i|||164|||46|||12|||4
i|||165|||46|||18|||4
i|||166|||46|||39|||4
i|||167|||46|||49|||4
i|||168|||48|||13|||4
i|||169|||48|||19|||4
i|||170|||48|||28|||4
i|||171|||49|||8|||4
i|||172|||49|||14|||4
i|||173|||49|||36|||4
i|||174|||49|||43|||4
i|||175|||50|||1|||4
i|||176|||50|||7|||4
i|||177|||50|||29|||4
i|||178|||50|||83|||4
i|||179|||51|||1|||4
i|||180|||51|||7|||4
i|||181|||51|||19|||4
i|||182|||51|||23|||4
i|||183|||51|||61|||4
i|||184|||51|||66|||4
i|||185|||51|||81|||4
i|||186|||52|||1|||4
i|||187|||52|||7|||4
i|||188|||52|||19|||4
i|||189|||52|||24|||4
i|||190|||52|||67|||4
i|||191|||53|||1|||4
i|||192|||53|||7|||4
i|||193|||53|||25|||4
i|||194|||53|||45|||4
i|||195|||53|||68|||4
i|||196|||54|||17|||4
i|||197|||54|||23|||4
i|||198|||54|||33|||4
i|||199|||54|||39|||4
i|||200|||54|||44|||4
i|||201|||56|||14|||4
i|||202|||56|||20|||4
i|||203|||56|||35|||4
i|||204|||56|||44|||4
i|||205|||57|||8|||4
i|||206|||57|||14|||4
i|||207|||57|||37|||4
i|||208|||57|||44|||4
i|||209|||58|||1|||4
i|||210|||58|||7|||4
i|||211|||58|||25|||4
i|||212|||58|||32|||4
i|||213|||58|||58|||4
i|||214|||58|||64|||4
<=|||1|||0|||8|||5
++|||1|||0|||12|||5
+|||1|||0|||21|||5
<=|||2|||1|||13|||5
++|||2|||1|||17|||5
+=|||1|||1|||20|||5
<=|||3|||2|||8|||5
+=|||2|||2|||12|||5
+|||2|||2|||22|||5
<=|||4|||3|||8|||5
+=|||3|||3|||12|||5
+|||3|||3|||22|||5
<=|||5|||4|||13|||5
++|||3|||4|||17|||5
*=|||1|||4|||20|||5
<|||1|||5|||25|||5
++|||4|||5|||31|||5
+|||4|||5|||43|||5
-|||1|||6|||8|||5
>=|||1|||6|||12|||5
--|||1|||6|||16|||5
+|||5|||6|||28|||5
<|||2|||7|||13|||5
++|||5|||7|||19|||5
+=|||4|||7|||22|||5
<|||3|||8|||19|||5
++|||6|||8|||23|||5
+|||6|||8|||33|||5
+|||7|||8|||41|||5
>|||1|||9|||13|||5
/=|||1|||9|||17|||5
++|||7|||9|||21|||5
>|||2|||10|||13|||5
/=|||2|||10|||17|||5
*|||1|||10|||23|||5
+|||8|||10|||25|||5
%|||1|||10|||27|||5
<|||4|||11|||16|||5
++|||8|||11|||22|||5
>|||3|||11|||30|||5
<|||5|||12|||16|||5
++|||9|||12|||22|||5
<|||6|||12|||30|||5
!=|||1|||13|||15|||5
=|||32|||13|||19|||5
%|||2|||13|||25|||5
<=|||6|||14|||17|||5
/|||1|||14|||19|||5
++|||10|||14|||23|||5
%|||3|||14|||28|||5
==|||1|||14|||30|||5
<|||7|||15|||10|||5
/|||2|||15|||14|||5
++|||11|||15|||18|||5
-|||2|||15|||38|||5
-|||3|||15|||40|||5
-|||4|||15|||49|||5
-|||5|||15|||51|||5
<|||8|||16|||20|||5
++|||12|||16|||28|||5
!=|||2|||16|||45|||5
-|||6|||16|||46|||5
++|||13|||16|||50|||5
>|||4|||17|||17|||5
/=|||3|||17|||21|||5
*|||2|||17|||27|||5
+|||9|||17|||29|||5
%|||4|||17|||31|||5
<|||9|||18|||21|||5
++|||14|||18|||25|||5
*=|||2|||18|||28|||5
<|||10|||19|||15|||5
++|||15|||19|||23|||5
+|||10|||19|||40|||5
<|||11|||20|||8|||5
-|||7|||20|||12|||5
++|||16|||20|||16|||5
<|||12|||20|||26|||5
-|||8|||20|||30|||5
-|||9|||20|||32|||5
++|||17|||20|||36|||5
>|||5|||20|||44|||5
+|||11|||20|||48|||5
+|||12|||20|||69|||5
+|||13|||20|||76|||5
<|||13|||21|||8|||5
-|||10|||21|||12|||5
++|||18|||21|||16|||5
+|||14|||21|||30|||5
<|||14|||21|||34|||5
++|||19|||21|||40|||5
<|||15|||21|||48|||5
<|||16|||22|||8|||5
++|||20|||22|||14|||5
-|||11|||22|||28|||5
>=|||2|||22|||34|||5
&&|||1|||22|||36|||5
>|||6|||22|||41|||5
+|||15|||22|||47|||5
--|||2|||22|||54|||5
+|||16|||22|||60|||5
<|||17|||23|||8|||5
++|||21|||23|||12|||5
<=|||7|||23|||28|||5
++|||22|||23|||32|||5
+|||17|||23|||42|||5
*|||3|||23|||50|||5
-|||12|||23|||53|||5
/|||3|||23|||56|||5
+|||18|||23|||59|||5
<|||18|||24|||25|||5
++|||23|||24|||29|||5
*=|||3|||24|||33|||5
-|||13|||24|||36|||5
*=|||4|||24|||41|||5
+|||19|||24|||44|||5
/|||4|||24|||56|||5
>|||7|||25|||13|||5
/=|||4|||25|||17|||5
+=|||5|||25|||21|||5
%|||5|||25|||23|||5
<|||19|||26|||22|||5
++|||24|||26|||30|||5
==|||2|||26|||40|||5
++|||25|||26|||45|||5
<|||20|||27|||15|||5
++|||26|||27|||23|||5
-|||14|||27|||41|||5
<=|||8|||28|||8|||5
++|||27|||28|||12|||5
<=|||9|||28|||28|||5
/|||5|||28|||30|||5
++|||28|||28|||34|||5
%|||6|||28|||39|||5
==|||3|||28|||41|||5
==|||4|||28|||51|||5
+|||20|||28|||61|||5
>|||8|||29|||13|||5
:|||1|||29|||18|||5
%|||7|||29|||25|||5
!=|||3|||29|||27|||5
|||||1|||29|||29|||5
%|||8|||29|||31|||5
!=|||4|||29|||33|||5
++|||29|||29|||37|||5
<=|||10|||30|||8|||5
+|||21|||30|||19|||5
++|||30|||30|||25|||5
<=|||11|||31|||12|||5
+=|||6|||31|||17|||5
++|||31|||31|||21|||5
<=|||12|||32|||8|||5
+|||22|||32|||19|||5
+=|||7|||32|||25|||5
<=|||13|||33|||8|||5
+|||23|||33|||19|||5
+=|||8|||33|||25|||5
<=|||14|||34|||12|||5
*=|||5|||34|||17|||5
++|||32|||34|||21|||5
<|||21|||35|||25|||5
+|||24|||35|||41|||5
++|||33|||35|||47|||5
-|||15|||36|||6|||5
>=|||3|||36|||12|||5
+|||25|||36|||26|||5
--|||3|||36|||32|||5
<|||22|||37|||12|||5
+=|||9|||37|||19|||5
++|||34|||37|||26|||5
<|||23|||38|||18|||5
+|||26|||38|||29|||5
+|||27|||38|||37|||5
++|||35|||38|||49|||5
>|||9|||39|||12|||5
++|||36|||39|||17|||5
/=|||5|||39|||20|||5
>|||10|||40|||12|||5
*|||4|||40|||19|||5
+|||28|||40|||21|||5
%|||9|||40|||23|||5
/=|||6|||40|||27|||5
<|||24|||41|||15|||5
>|||11|||41|||27|||5
++|||37|||41|||38|||5
<|||25|||42|||15|||5
<|||26|||42|||27|||5
++|||38|||42|||38|||5
!=|||5|||43|||14|||5
%|||10|||43|||25|||5
<=|||15|||44|||16|||5
/|||6|||44|||18|||5
%|||11|||44|||25|||5
==|||5|||44|||27|||5
++|||39|||44|||35|||5
<|||27|||45|||10|||5
/|||7|||45|||14|||5
-|||16|||45|||35|||5
-|||17|||45|||37|||5
-|||18|||45|||46|||5
-|||19|||45|||48|||5
++|||40|||45|||55|||5
<|||28|||46|||19|||5
!=|||6|||46|||42|||5
-|||20|||46|||43|||5
++|||41|||46|||47|||5
++|||42|||46|||50|||5
>|||12|||47|||16|||5
*|||5|||47|||23|||5
+|||29|||47|||25|||5
%|||12|||47|||27|||5
/=|||7|||47|||31|||5
<|||29|||48|||20|||5
*=|||6|||48|||25|||5
++|||43|||48|||29|||5
<|||30|||49|||15|||5
+|||30|||49|||38|||5
++|||44|||49|||44|||5
<|||31|||50|||8|||5
-|||21|||50|||12|||5
<|||32|||50|||24|||5
-|||22|||50|||28|||5
-|||23|||50|||30|||5
>|||13|||50|||40|||5
+|||31|||50|||44|||5
+|||32|||50|||65|||5
+|||33|||50|||72|||5
++|||45|||50|||80|||5
++|||46|||50|||84|||5
<|||33|||51|||8|||5
-|||24|||51|||12|||5
+|||34|||51|||24|||5
<|||34|||51|||30|||5
<|||35|||51|||42|||5
++|||47|||51|||53|||5
++|||48|||51|||82|||5
<|||36|||52|||8|||5
-|||25|||52|||25|||5
>=|||4|||52|||31|||5
&&|||2|||52|||33|||5
>|||14|||52|||38|||5
+|||35|||52|||45|||5
--|||4|||52|||55|||5
+|||36|||52|||61|||5
++|||49|||52|||68|||5
<|||37|||53|||8|||5
<=|||16|||53|||24|||5
+|||37|||53|||35|||5
*|||6|||53|||43|||5
-|||26|||53|||46|||5
/|||8|||53|||49|||5
+|||38|||53|||52|||5
++|||50|||53|||57|||5
++|||51|||53|||69|||5
<|||38|||54|||24|||5
*=|||7|||54|||29|||5
-|||27|||54|||32|||5
*=|||8|||54|||37|||5
+|||39|||54|||40|||5
++|||52|||54|||45|||5
/|||9|||54|||55|||5
>|||15|||55|||12|||5
+=|||10|||55|||17|||5
%|||13|||55|||19|||5
/=|||8|||55|||23|||5
<|||39|||56|||21|||5
==|||6|||56|||37|||5
++|||53|||56|||42|||5
++|||54|||56|||45|||5
<|||40|||57|||15|||5
-|||28|||57|||39|||5
++|||55|||57|||45|||5
<=|||17|||58|||8|||5
<=|||18|||58|||24|||5
/|||10|||58|||26|||5
%|||14|||58|||33|||5
==|||7|||58|||35|||5
++|||56|||58|||43|||5
==|||8|||58|||49|||5
+|||40|||58|||59|||5
++|||57|||58|||65|||5
>|||16|||59|||13|||5
:|||2|||59|||18|||5
%|||15|||59|||24|||5
!=|||7|||59|||26|||5
|||||2|||59|||28|||5
%|||16|||59|||30|||5
!=|||8|||59|||32|||5
++|||58|||59|||36|||5
(|||1|||0|||1|||6
=|||1|||0|||4|||6
.|||1|||0|||15|||6
out|||1|||0|||16|||6
.|||2|||0|||17|||6
print|||1|||0|||18|||6
(|||2|||0|||19|||6
"|||1|||0|||22|||6
"|||2|||0|||23|||6
=|||2|||1|||2|||6
(|||3|||1|||6|||6
=|||3|||1|||9|||6
(|||4|||2|||1|||6
=|||4|||2|||4|||6
.|||3|||2|||16|||6
out|||2|||2|||17|||6
.|||4|||2|||18|||6
print|||2|||2|||19|||6
(|||5|||2|||20|||6
"|||3|||2|||23|||6
"|||4|||2|||24|||6
(|||6|||3|||1|||6
=|||5|||3|||4|||6
.|||5|||3|||16|||6
out|||3|||3|||17|||6
.|||6|||3|||18|||6
print|||3|||3|||19|||6
(|||7|||3|||20|||6
"|||5|||3|||23|||6
"|||6|||3|||24|||6
=|||6|||4|||2|||6
(|||8|||4|||6|||6
=|||7|||4|||9|||6
=|||8|||5|||4|||6
{|||1|||5|||5|||6
,|||1|||5|||7|||6
,|||2|||5|||9|||6
,|||3|||5|||11|||6
,|||4|||5|||13|||6
}|||1|||5|||15|||6
(|||9|||5|||18|||6
=|||9|||5|||21|||6
.|||7|||5|||27|||6
.|||8|||5|||34|||6
out|||4|||5|||35|||6
.|||9|||5|||36|||6
print|||4|||5|||37|||6
(|||10|||5|||38|||6
"|||7|||5|||44|||6
"|||8|||5|||45|||6
(|||11|||6|||1|||6
=|||10|||6|||4|||6
.|||10|||6|||6|||6
.|||11|||6|||19|||6
out|||5|||6|||20|||6
.|||12|||6|||21|||6
print|||5|||6|||22|||6
(|||12|||6|||23|||6
"|||9|||6|||29|||6
"|||10|||6|||30|||6
=|||11|||7|||2|||6
(|||13|||7|||6|||6
=|||12|||7|||9|||6
.|||13|||7|||15|||6
=|||13|||8|||2|||6
,|||5|||8|||4|||6
=|||14|||8|||6|||6
,|||6|||8|||8|||6
(|||14|||8|||12|||6
=|||15|||8|||15|||6
{|||2|||8|||25|||6
.|||14|||8|||27|||6
out|||6|||8|||28|||6
.|||15|||8|||29|||6
print|||6|||8|||30|||6
(|||15|||8|||31|||6
"|||11|||8|||34|||6
"|||12|||8|||35|||6
=|||16|||8|||39|||6
=|||17|||8|||45|||6
=|||18|||8|||49|||6
=|||19|||9|||2|||6
=|||20|||9|||6|||6
(|||16|||9|||10|||6
=|||21|||10|||2|||6
,|||8|||10|||4|||6
=|||22|||10|||6|||6
(|||17|||10|||10|||6
=|||23|||10|||21|||6
=|||24|||11|||2|||6
(|||18|||11|||9|||6
=|||25|||11|||12|||6
.|||16|||11|||18|||6
if|||1|||11|||24|||6
(|||19|||11|||25|||6
=|||26|||11|||34|||6
=|||27|||12|||2|||6
(|||20|||12|||9|||6
=|||28|||12|||12|||6
.|||17|||12|||18|||6
if|||2|||12|||24|||6
(|||21|||12|||25|||6
=|||29|||12|||34|||6
=|||30|||13|||2|||6
,|||9|||13|||4|||6
=|||31|||13|||6|||6
(|||22|||13|||10|||6
,|||10|||13|||21|||6
=|||33|||13|||23|||6
,|||11|||13|||27|||6
=|||34|||13|||29|||6
=|||35|||14|||2|||6
=|||36|||14|||6|||6
(|||23|||14|||10|||6
=|||37|||14|||13|||6
if|||3|||14|||25|||6
(|||24|||14|||26|||6
=|||38|||14|||34|||6
(|||25|||15|||1|||6
=|||39|||15|||4|||6
,|||13|||15|||6|||6
.|||18|||15|||12|||6
{|||3|||15|||20|||6
=|||40|||15|||22|||6
=|||41|||15|||32|||6
.|||19|||15|||36|||6
.|||20|||15|||47|||6
=|||42|||15|||54|||6
String|||1|||16|||0|||6
=|||43|||16|||2|||6
"|||13|||16|||3|||6
"|||14|||16|||5|||6
=|||44|||16|||9|||6
(|||26|||16|||13|||6
=|||45|||16|||16|||6
.|||21|||16|||22|||6
(|||27|||16|||24|||6
if|||4|||16|||30|||6
(|||28|||16|||31|||6
"|||15|||16|||32|||6
"|||16|||16|||34|||6
.|||22|||16|||35|||6
indexOf|||1|||16|||36|||6
(|||29|||16|||37|||6
.|||23|||16|||39|||6
(|||30|||16|||41|||6
=|||46|||17|||2|||6
=|||47|||17|||6|||6
=|||48|||17|||10|||6
(|||31|||17|||14|||6
=|||49|||17|||25|||6
=|||50|||18|||2|||6
,|||16|||18|||4|||6
=|||51|||18|||6|||6
=|||52|||18|||10|||6
(|||32|||18|||14|||6
=|||53|||18|||17|||6
String|||2|||19|||0|||6
=|||54|||19|||2|||6
"|||17|||19|||3|||6
"|||18|||19|||5|||6
(|||33|||19|||8|||6
=|||55|||19|||11|||6
.|||24|||19|||17|||6
(|||34|||19|||19|||6
.|||25|||19|||26|||6
out|||7|||19|||27|||6
.|||26|||19|||28|||6
print|||7|||19|||29|||6
(|||35|||19|||30|||6
(|||36|||19|||31|||6
.|||27|||19|||35|||6
(|||37|||19|||37|||6
"|||19|||19|||41|||6
"|||20|||19|||42|||6
(|||38|||20|||1|||6
=|||56|||20|||4|||6
.|||28|||20|||10|||6
(|||39|||20|||19|||6
=|||57|||20|||22|||6
.|||29|||20|||28|||6
if|||5|||20|||38|||6
(|||40|||20|||39|||6
{|||4|||20|||52|||6
=|||58|||20|||55|||6
=|||59|||20|||65|||6
=|||60|||20|||79|||6
(|||41|||21|||1|||6
=|||61|||21|||4|||6
.|||30|||21|||10|||6
{|||5|||21|||18|||6
=|||62|||21|||21|||6
(|||42|||21|||25|||6
=|||63|||21|||28|||6
.|||31|||21|||36|||6
if|||6|||21|||42|||6
(|||43|||21|||43|||6
=|||64|||21|||55|||6
=|||65|||21|||60|||6
=|||66|||21|||70|||6
=|||67|||21|||80|||6
(|||44|||22|||1|||6
=|||68|||22|||4|||6
.|||32|||22|||10|||6
{|||6|||22|||16|||6
=|||69|||22|||19|||6
=|||70|||22|||26|||6
(|||45|||22|||32|||6
=|||71|||22|||50|||6
=|||72|||22|||63|||6
(|||46|||23|||1|||6
=|||73|||23|||4|||6
{|||7|||23|||14|||6
=|||74|||23|||17|||6
(|||47|||23|||21|||6
=|||75|||23|||24|||6
{|||8|||23|||34|||6
.|||33|||23|||36|||6
out|||8|||23|||37|||6
.|||34|||23|||38|||6
print|||8|||23|||39|||6
(|||48|||23|||40|||6
"|||21|||23|||43|||6
"|||22|||23|||44|||6
=|||76|||23|||48|||6
(|||49|||23|||51|||6
(|||50|||23|||57|||6
.|||35|||23|||65|||6
out|||9|||23|||66|||6
.|||36|||23|||67|||6
println|||1|||23|||68|||6
(|||51|||23|||69|||6
=|||77|||24|||2|||6
,|||19|||24|||4|||6
=|||78|||24|||6|||6
=|||79|||24|||10|||6
,|||21|||24|||12|||6
=|||80|||24|||14|||6
(|||52|||24|||18|||6
=|||81|||24|||21|||6
{|||9|||24|||31|||6
(|||53|||24|||34|||6
(|||54|||24|||42|||6
.|||37|||24|||50|||6
out|||10|||24|||51|||6
.|||38|||24|||52|||6
print|||9|||24|||53|||6
(|||55|||24|||54|||6
=|||82|||25|||2|||6
=|||83|||25|||6|||6
(|||56|||25|||10|||6
String|||3|||26|||0|||6
=|||84|||26|||2|||6
"|||23|||26|||3|||6
world|||1|||26|||5|||6
"|||24|||26|||7|||6
=|||85|||26|||11|||6
(|||57|||26|||15|||6
=|||86|||26|||18|||6
.|||39|||26|||24|||6
(|||58|||26|||26|||6
if|||7|||26|||32|||6
(|||59|||26|||33|||6
.|||40|||26|||35|||6
(|||60|||26|||37|||6
'|||1|||26|||41|||6
'|||2|||26|||42|||6
String|||4|||27|||0|||6
=|||87|||27|||2|||6
"|||25|||27|||3|||6
"|||26|||27|||5|||6
(|||61|||27|||8|||6
=|||88|||27|||11|||6
.|||41|||27|||17|||6
(|||62|||27|||19|||6
.|||42|||27|||26|||6
out|||11|||27|||27|||6
.|||43|||27|||28|||6
print|||10|||27|||29|||6
(|||63|||27|||30|||6
(|||64|||27|||31|||6
(|||65|||27|||34|||6
.|||44|||27|||36|||6
(|||66|||27|||38|||6
(|||67|||28|||1|||6
=|||89|||28|||4|||6
{|||10|||28|||14|||6
=|||90|||28|||17|||6
(|||68|||28|||21|||6
=|||91|||28|||24|||6
if|||8|||28|||36|||6
(|||69|||28|||37|||6
=|||92|||28|||45|||6
if|||9|||28|||48|||6
(|||70|||28|||49|||6
.|||45|||28|||55|||6
out|||12|||28|||56|||6
.|||46|||28|||57|||6
print|||11|||28|||58|||6
(|||71|||28|||59|||6
"|||27|||28|||62|||6
"|||28|||28|||63|||6
=|||93|||29|||2|||6
,|||23|||29|||4|||6
=|||94|||29|||6|||6
=|||95|||29|||10|||6
(|||72|||29|||11|||6
(|||73|||29|||22|||6
.|||47|||29|||41|||6
out|||13|||29|||42|||6
.|||48|||29|||43|||6
print|||12|||29|||44|||6
(|||74|||29|||45|||6
=|||96|||30|||2|||6
(|||75|||30|||6|||6
{|||11|||30|||11|||6
.|||49|||30|||13|||6
out|||14|||30|||14|||6
.|||50|||30|||15|||6
print|||13|||30|||16|||6
(|||76|||30|||17|||6
"|||29|||30|||20|||6
"|||30|||30|||21|||6
=|||97|||31|||2|||6
=|||98|||31|||6|||6
(|||77|||31|||10|||6
{|||12|||31|||15|||6
=|||99|||32|||2|||6
(|||78|||32|||6|||6
{|||13|||32|||11|||6
.|||51|||32|||13|||6
out|||15|||32|||14|||6
.|||52|||32|||15|||6
print|||14|||32|||16|||6
(|||79|||32|||17|||6
"|||31|||32|||20|||6
"|||32|||32|||21|||6
=|||100|||33|||2|||6
(|||80|||33|||6|||6
{|||14|||33|||11|||6
.|||53|||33|||13|||6
out|||16|||33|||14|||6
.|||54|||33|||15|||6
print|||15|||33|||16|||6
(|||81|||33|||17|||6
"|||33|||33|||20|||6
"|||34|||33|||21|||6
=|||101|||34|||2|||6
=|||102|||34|||6|||6
(|||82|||34|||10|||6
{|||15|||34|||15|||6
=|||103|||35|||4|||6
{|||16|||35|||5|||6
,|||27|||35|||7|||6
,|||28|||35|||9|||6
,|||29|||35|||11|||6
,|||30|||35|||13|||6
}|||16|||35|||15|||6
=|||104|||35|||19|||6
(|||83|||35|||23|||6
.|||55|||35|||27|||6
{|||17|||35|||30|||6
.|||56|||35|||32|||6
out|||17|||35|||33|||6
.|||57|||35|||34|||6
print|||16|||35|||35|||6
(|||84|||35|||36|||6
"|||35|||35|||42|||6
"|||36|||35|||43|||6
=|||105|||36|||2|||6
.|||58|||36|||4|||6
(|||85|||36|||10|||6
{|||18|||36|||15|||6
.|||59|||36|||17|||6
out|||18|||36|||18|||6
.|||60|||36|||19|||6
print|||17|||36|||20|||6
(|||86|||36|||21|||6
"|||37|||36|||27|||6
"|||38|||36|||28|||6
=|||106|||37|||2|||6
=|||107|||37|||6|||6
(|||87|||37|||10|||6
.|||61|||37|||14|||6
{|||19|||37|||17|||6
=|||108|||38|||2|||6
,|||32|||38|||4|||6
=|||109|||38|||6|||6
,|||33|||38|||8|||6
=|||110|||38|||12|||6
(|||88|||38|||16|||6
{|||20|||38|||21|||6
.|||62|||38|||23|||6
out|||19|||38|||24|||6
.|||63|||38|||25|||6
print|||18|||38|||26|||6
(|||89|||38|||27|||6
"|||39|||38|||30|||6
"|||40|||38|||31|||6
=|||111|||38|||35|||6
=|||112|||38|||41|||6
=|||113|||38|||45|||6
=|||114|||39|||2|||6
=|||115|||39|||6|||6
(|||90|||39|||10|||6
{|||21|||39|||15|||6
=|||116|||40|||2|||6
,|||36|||40|||4|||6
=|||117|||40|||6|||6
(|||91|||40|||10|||6
{|||22|||40|||15|||6
=|||118|||40|||17|||6
=|||119|||41|||2|||6
=|||120|||41|||9|||6
(|||92|||41|||13|||6
.|||64|||41|||17|||6
{|||23|||41|||20|||6
if|||10|||41|||21|||6
(|||93|||41|||22|||6
=|||121|||41|||31|||6
=|||122|||42|||2|||6
=|||123|||42|||9|||6
(|||94|||42|||13|||6
.|||65|||42|||17|||6
{|||24|||42|||20|||6
if|||11|||42|||21|||6
(|||95|||42|||22|||6
=|||124|||42|||31|||6
=|||125|||43|||2|||6
,|||39|||43|||4|||6
=|||126|||43|||6|||6
,|||40|||43|||8|||6
(|||96|||43|||12|||6
{|||25|||43|||17|||6
=|||127|||43|||19|||6
=|||128|||43|||23|||6
=|||129|||43|||29|||6
=|||130|||44|||2|||6
=|||131|||44|||6|||6
=|||132|||44|||10|||6
(|||97|||44|||14|||6
{|||26|||44|||21|||6
if|||12|||44|||22|||6
(|||98|||44|||23|||6
=|||133|||44|||31|||6
=|||134|||45|||2|||6
,|||43|||45|||4|||6
(|||99|||45|||8|||6
.|||66|||45|||12|||6
{|||27|||45|||17|||6
=|||135|||45|||19|||6
=|||136|||45|||29|||6
.|||67|||45|||33|||6
.|||68|||45|||44|||6
=|||137|||45|||51|||6
String|||5|||46|||0|||6
=|||138|||46|||2|||6
"|||41|||46|||3|||6
"|||42|||46|||5|||6
=|||139|||46|||9|||6
=|||140|||46|||13|||6
(|||100|||46|||17|||6
.|||69|||46|||21|||6
(|||101|||46|||23|||6
{|||28|||46|||26|||6
if|||13|||46|||27|||6
(|||102|||46|||28|||6
"|||43|||46|||29|||6
"|||44|||46|||31|||6
.|||70|||46|||32|||6
indexOf|||2|||46|||33|||6
(|||103|||46|||34|||6
.|||71|||46|||36|||6
(|||104|||46|||38|||6
=|||141|||47|||2|||6
=|||142|||47|||6|||6
=|||143|||47|||10|||6
(|||105|||47|||14|||6
{|||29|||47|||19|||6
=|||144|||47|||21|||6
=|||145|||48|||2|||6
,|||47|||48|||4|||6
=|||146|||48|||6|||6
=|||147|||48|||10|||6
=|||148|||48|||14|||6
(|||106|||48|||18|||6
{|||30|||48|||23|||6
String|||6|||49|||0|||6
=|||149|||49|||2|||6
"|||45|||49|||3|||6
"|||46|||49|||5|||6
=|||150|||49|||9|||6
(|||107|||49|||13|||6
.|||72|||49|||17|||6
(|||108|||49|||19|||6
{|||31|||49|||22|||6
.|||73|||49|||24|||6
out|||20|||49|||25|||6
.|||74|||49|||26|||6
print|||19|||49|||27|||6
(|||109|||49|||28|||6
(|||110|||49|||29|||6
.|||75|||49|||33|||6
(|||111|||49|||35|||6
"|||47|||49|||39|||6
"|||48|||49|||40|||6
=|||151|||50|||2|||6
(|||112|||50|||6|||6
.|||76|||50|||10|||6
{|||32|||50|||15|||6
=|||152|||50|||18|||6
(|||113|||50|||22|||6
.|||77|||50|||26|||6
{|||33|||50|||33|||6
if|||14|||50|||34|||6
(|||114|||50|||35|||6
{|||34|||50|||48|||6
=|||153|||50|||51|||6
=|||154|||50|||61|||6
=|||155|||50|||75|||6
=|||156|||51|||2|||6
(|||115|||51|||6|||6
.|||78|||51|||10|||6
{|||35|||51|||15|||6
=|||157|||51|||18|||6
=|||158|||51|||22|||6
(|||116|||51|||28|||6
.|||79|||51|||32|||6
{|||36|||51|||35|||6
if|||15|||51|||36|||6
(|||117|||51|||37|||6
=|||159|||51|||49|||6
=|||160|||51|||58|||6
=|||161|||51|||68|||6
=|||162|||51|||78|||6
=|||163|||52|||2|||6
(|||118|||52|||6|||6
.|||80|||52|||10|||6
{|||37|||52|||13|||6
=|||164|||52|||16|||6
=|||165|||52|||23|||6
(|||119|||52|||29|||6
{|||38|||52|||41|||6
=|||166|||52|||48|||6
=|||167|||52|||64|||6
=|||168|||53|||2|||6
(|||120|||53|||6|||6
{|||39|||53|||11|||6
=|||169|||53|||14|||6
=|||170|||53|||18|||6
(|||121|||53|||22|||6
{|||40|||53|||27|||6
.|||81|||53|||29|||6
out|||21|||53|||30|||6
.|||82|||53|||31|||6
print|||20|||53|||32|||6
(|||122|||53|||33|||6
"|||49|||53|||36|||6
"|||50|||53|||37|||6
=|||171|||53|||41|||6
(|||123|||53|||44|||6
(|||124|||53|||50|||6
.|||83|||53|||61|||6
out|||22|||53|||62|||6
.|||84|||53|||63|||6
println|||2|||53|||64|||6
(|||125|||53|||65|||6
=|||172|||54|||2|||6
,|||53|||54|||4|||6
=|||173|||54|||6|||6
=|||174|||54|||10|||6
,|||55|||54|||12|||6
=|||175|||54|||14|||6
=|||176|||54|||18|||6
(|||126|||54|||22|||6
{|||41|||54|||27|||6
(|||127|||54|||30|||6
(|||128|||54|||38|||6
.|||85|||54|||49|||6
out|||23|||54|||50|||6
.|||86|||54|||51|||6
print|||21|||54|||52|||6
(|||129|||54|||53|||6
=|||177|||55|||2|||6
=|||178|||55|||6|||6
(|||130|||55|||10|||6
{|||42|||55|||15|||6
String|||7|||56|||0|||6
=|||179|||56|||2|||6
"|||51|||56|||3|||6
world|||2|||56|||5|||6
"|||52|||56|||7|||6
=|||180|||56|||11|||6
=|||181|||56|||15|||6
(|||131|||56|||19|||6
.|||87|||56|||23|||6
(|||132|||56|||25|||6
{|||43|||56|||28|||6
if|||16|||56|||29|||6
(|||133|||56|||30|||6
.|||88|||56|||32|||6
(|||134|||56|||34|||6
'|||3|||56|||38|||6
'|||4|||56|||39|||6
String|||8|||57|||0|||6
=|||182|||57|||2|||6
"|||53|||57|||3|||6
"|||54|||57|||5|||6
=|||183|||57|||9|||6
(|||135|||57|||13|||6
.|||89|||57|||17|||6
(|||136|||57|||19|||6
{|||44|||57|||22|||6
.|||90|||57|||24|||6
out|||24|||57|||25|||6
.|||91|||57|||26|||6
print|||22|||57|||27|||6
(|||137|||57|||28|||6
(|||138|||57|||29|||6
(|||139|||57|||32|||6
.|||92|||57|||34|||6
(|||140|||57|||36|||6
=|||184|||58|||2|||6
(|||141|||58|||6|||6
{|||45|||58|||11|||6
=|||185|||58|||14|||6
=|||186|||58|||18|||6
(|||142|||58|||22|||6
{|||46|||58|||29|||6
if|||17|||58|||30|||6
(|||143|||58|||31|||6
=|||187|||58|||39|||6
if|||18|||58|||46|||6
(|||144|||58|||47|||6
.|||93|||58|||53|||6
out|||25|||58|||54|||6
.|||94|||58|||55|||6
print|||23|||58|||56|||6
(|||145|||58|||57|||6
"|||55|||58|||60|||6
"|||56|||58|||61|||6
=|||188|||59|||2|||6
,|||60|||59|||4|||6
=|||189|||59|||6|||6
=|||190|||59|||10|||6
(|||146|||59|||11|||6
(|||147|||59|||22|||6
.|||95|||59|||39|||6
out|||26|||59|||40|||6
.|||96|||59|||41|||6
print|||24|||59|||42|||6
(|||148|||59|||43|||6
System|||1|||0|||14|||7
sum|||1|||1|||1|||7
sum|||2|||1|||19|||7
System|||2|||2|||15|||7
System|||3|||3|||15|||7
fact|||1|||4|||1|||7
fact|||2|||4|||19|||7
arr|||1|||5|||3|||7
3|||1|||5|||10|||7
4|||1|||5|||12|||7
5|||4|||5|||14|||7
arr|||2|||5|||26|||7
System|||4|||5|||33|||7
arr|||3|||5|||39|||7
arr|||4|||6|||5|||7
System|||5|||6|||18|||7
arr|||5|||6|||24|||7
sum|||3|||7|||1|||7
arr|||6|||7|||14|||7
sum|||4|||7|||21|||7
arr|||7|||7|||23|||7
a|||1|||8|||1|||7
b|||1|||8|||5|||7
c|||1|||8|||9|||7
System|||6|||8|||26|||7
a|||2|||8|||32|||7
c|||2|||8|||38|||7
a|||3|||8|||40|||7
b|||2|||8|||42|||7
a|||4|||8|||44|||7
b|||3|||8|||46|||7
b|||4|||8|||48|||7
c|||3|||8|||50|||7
num|||1|||9|||1|||7
12345|||1|||9|||3|||7
count|||1|||9|||5|||7
num|||2|||9|||12|||7
num|||3|||9|||16|||7
count|||2|||9|||20|||7
rev|||1|||10|||1|||7
num|||4|||10|||5|||7
1234|||1|||10|||7|||7
num|||5|||10|||12|||7
num|||6|||10|||16|||7
rev|||2|||10|||20|||7
rev|||3|||10|||22|||7
num|||7|||10|||26|||7
max|||1|||11|||1|||7
arr|||8|||11|||3|||7
arr|||9|||11|||17|||7
arr|||10|||11|||26|||7
max|||2|||11|||31|||7
max|||3|||11|||33|||7
arr|||11|||11|||35|||7
min|||1|||12|||1|||7
arr|||12|||12|||3|||7
arr|||13|||12|||17|||7
arr|||14|||12|||26|||7
min|||2|||12|||31|||7
min|||3|||12|||33|||7
arr|||15|||12|||35|||7
a|||5|||13|||1|||7
24|||1|||13|||3|||7
b|||5|||13|||5|||7
36|||1|||13|||7|||7
t|||1|||13|||12|||7
b|||6|||13|||14|||7
t|||2|||13|||18|||7
b|||7|||13|||20|||7
b|||8|||13|||22|||7
a|||6|||13|||24|||7
b|||9|||13|||26|||7
a|||7|||13|||28|||7
t|||3|||13|||30|||7
n|||1|||14|||1|||7
flag|||1|||14|||5|||7
n|||2|||14|||18|||7
n|||3|||14|||27|||7
flag|||2|||14|||33|||7
temp|||1|||15|||7|||7
arr|||16|||15|||11|||7
temp|||2|||15|||21|||7
arr|||17|||15|||23|||7
arr|||18|||15|||28|||7
arr|||19|||15|||33|||7
arr|||20|||15|||35|||7
arr|||21|||15|||44|||7
arr|||22|||15|||46|||7
temp|||3|||15|||55|||7
str|||1|||16|||1|||7
hello|||1|||16|||4|||7
vc|||1|||16|||8|||7
str|||2|||16|||21|||7
length|||9|||16|||23|||7
aeiou|||1|||16|||33|||7
str|||3|||16|||38|||7
vc|||2|||16|||49|||7
num|||8|||17|||1|||7
121|||1|||17|||3|||7
rev|||4|||17|||5|||7
temp|||4|||17|||9|||7
num|||9|||17|||11|||7
temp|||5|||17|||16|||7
temp|||6|||17|||20|||7
rev|||5|||17|||24|||7
rev|||6|||17|||26|||7
temp|||7|||17|||30|||7
x|||1|||18|||1|||7
y|||1|||18|||5|||7
res|||1|||18|||9|||7
y|||2|||18|||22|||7
res|||2|||18|||27|||7
x|||2|||18|||29|||7
s|||1|||19|||1|||7
abc|||1|||19|||4|||7
s|||2|||19|||16|||7
length|||10|||19|||18|||7
System|||7|||19|||25|||7
s|||3|||19|||34|||7
arr|||23|||20|||9|||7
j|||1|||20|||21|||7
j|||2|||20|||25|||7
arr|||24|||20|||27|||7
j|||3|||20|||35|||7
arr|||25|||20|||40|||7
j|||4|||20|||42|||7
arr|||26|||20|||45|||7
j|||5|||20|||47|||7
t|||4|||20|||54|||7
arr|||27|||20|||56|||7
j|||6|||20|||58|||7
arr|||28|||20|||61|||7
j|||7|||20|||63|||7
arr|||29|||20|||66|||7
j|||8|||20|||68|||7
arr|||30|||20|||73|||7
j|||9|||20|||75|||7
t|||5|||20|||80|||7
arr|||31|||21|||9|||7
min|||4|||21|||20|||7
j|||10|||21|||27|||7
j|||11|||21|||33|||7
arr|||32|||21|||35|||7
j|||12|||21|||39|||7
arr|||33|||21|||44|||7
j|||13|||21|||46|||7
arr|||34|||21|||49|||7
min|||5|||21|||51|||7
min|||6|||21|||54|||7
j|||14|||21|||56|||7
t|||6|||21|||59|||7
arr|||35|||21|||61|||7
arr|||36|||21|||66|||7
arr|||37|||21|||71|||7
min|||7|||21|||73|||7
arr|||38|||21|||76|||7
min|||8|||21|||78|||7
t|||7|||21|||81|||7
arr|||39|||22|||9|||7
key|||1|||22|||18|||7
arr|||40|||22|||20|||7
j|||15|||22|||25|||7
j|||16|||22|||33|||7
arr|||41|||22|||37|||7
j|||17|||22|||39|||7
key|||2|||22|||42|||7
arr|||42|||22|||44|||7
j|||18|||22|||46|||7
arr|||43|||22|||51|||7
j|||19|||22|||53|||7
arr|||44|||22|||57|||7
j|||20|||22|||59|||7
key|||3|||22|||64|||7
c|||4|||23|||16|||7
j|||21|||23|||23|||7
j|||22|||23|||27|||7
j|||23|||23|||31|||7
System|||8|||23|||35|||7
c|||5|||23|||41|||7
c|||6|||23|||47|||7
c|||7|||23|||49|||7
j|||24|||23|||54|||7
j|||25|||23|||58|||7
System|||9|||23|||64|||7
n|||4|||24|||1|||7
r|||1|||24|||5|||7
num|||10|||24|||9|||7
den|||1|||24|||13|||7
r|||2|||24|||26|||7
num|||11|||24|||32|||7
n|||5|||24|||35|||7
den|||2|||24|||40|||7
System|||10|||24|||49|||7
num|||12|||24|||55|||7
den|||3|||24|||57|||7
num|||13|||25|||1|||7
123|||1|||25|||3|||7
sum|||5|||25|||5|||7
num|||14|||25|||12|||7
num|||15|||25|||16|||7
sum|||6|||25|||20|||7
num|||16|||25|||22|||7
str|||4|||26|||1|||7
Hello|||1|||26|||4|||7
Java|||1|||26|||6|||7
wc|||1|||26|||10|||7
str|||5|||26|||23|||7
length|||16|||26|||25|||7
str|||6|||26|||34|||7
wc|||2|||26|||44|||7
str|||7|||27|||1|||7
hello|||2|||27|||4|||7
str|||8|||27|||16|||7
length|||17|||27|||18|||7
System|||11|||27|||25|||7
char|||1|||27|||32|||7
str|||9|||27|||35|||7
32|||1|||27|||42|||7
50|||1|||28|||9|||7
f|||1|||28|||16|||7
j|||26|||28|||23|||7
j|||27|||28|||27|||7
j|||28|||28|||33|||7
j|||29|||28|||40|||7
f|||2|||28|||44|||7
f|||3|||28|||50|||7
System|||12|||28|||54|||7
a|||8|||29|||1|||7
b|||10|||29|||5|||7
lcm|||1|||29|||9|||7
a|||9|||29|||12|||7
b|||11|||29|||14|||7
a|||10|||29|||17|||7
b|||12|||29|||19|||7
lcm|||2|||29|||24|||7
a|||11|||29|||26|||7
lcm|||3|||29|||30|||7
b|||13|||29|||32|||7
lcm|||4|||29|||36|||7
System|||13|||29|||40|||7
lcm|||5|||29|||46|||7
System|||14|||30|||12|||7
sum|||7|||31|||1|||7
sum|||8|||31|||16|||7
System|||15|||32|||12|||7
System|||16|||33|||12|||7
fact|||3|||34|||1|||7
fact|||4|||34|||16|||7
arr|||45|||35|||3|||7
3|||3|||35|||10|||7
4|||2|||35|||12|||7
arr|||46|||35|||26|||7
System|||17|||35|||31|||7
arr|||47|||35|||37|||7
arr|||48|||36|||3|||7
System|||18|||36|||16|||7
arr|||49|||36|||22|||7
sum|||9|||37|||1|||7
arr|||50|||37|||13|||7
sum|||10|||37|||18|||7
arr|||51|||37|||20|||7
a|||12|||38|||1|||7
b|||14|||38|||5|||7
c|||8|||38|||9|||7
System|||19|||38|||22|||7
a|||13|||38|||28|||7
c|||9|||38|||34|||7
a|||14|||38|||36|||7
b|||15|||38|||38|||7
a|||15|||38|||40|||7
b|||16|||38|||42|||7
b|||17|||38|||44|||7
c|||10|||38|||46|||7
num|||17|||39|||1|||7
12345|||2|||39|||3|||7
count|||3|||39|||5|||7
num|||18|||39|||11|||7
count|||4|||39|||16|||7
num|||19|||39|||19|||7
rev|||7|||40|||1|||7
num|||20|||40|||5|||7
1234|||2|||40|||7|||7
num|||21|||40|||11|||7
rev|||8|||40|||16|||7
rev|||9|||40|||18|||7
num|||22|||40|||22|||7
num|||23|||40|||26|||7
max|||4|||41|||1|||7
arr|||52|||41|||3|||7
arr|||53|||41|||16|||7
arr|||54|||41|||23|||7
max|||5|||41|||28|||7
max|||6|||41|||30|||7
arr|||55|||41|||32|||7
min|||9|||42|||1|||7
arr|||56|||42|||3|||7
arr|||57|||42|||16|||7
arr|||58|||42|||23|||7
min|||10|||42|||28|||7
min|||11|||42|||30|||7
arr|||59|||42|||32|||7
a|||16|||43|||1|||7
b|||18|||43|||5|||7
36|||2|||43|||7|||7
t|||8|||43|||9|||7
b|||19|||43|||13|||7
t|||9|||43|||18|||7
b|||20|||43|||20|||7
b|||21|||43|||22|||7
a|||17|||43|||24|||7
b|||22|||43|||26|||7
a|||18|||43|||28|||7
t|||10|||43|||30|||7
n|||6|||44|||1|||7
flag|||3|||44|||5|||7
n|||7|||44|||17|||7
n|||8|||44|||24|||7
flag|||4|||44|||30|||7
temp|||8|||45|||5|||7
arr|||60|||45|||11|||7
temp|||9|||45|||18|||7
arr|||61|||45|||20|||7
arr|||62|||45|||25|||7
arr|||63|||45|||30|||7
arr|||64|||45|||32|||7
arr|||65|||45|||41|||7
arr|||66|||45|||43|||7
temp|||10|||45|||52|||7
str|||10|||46|||1|||7
hello|||3|||46|||4|||7
vc|||3|||46|||8|||7
str|||11|||46|||20|||7
length|||26|||46|||22|||7
aeiou|||2|||46|||30|||7
str|||12|||46|||35|||7
vc|||4|||46|||46|||7
num|||24|||47|||1|||7
121|||2|||47|||3|||7
rev|||10|||47|||5|||7
temp|||11|||47|||9|||7
num|||25|||47|||11|||7
temp|||12|||47|||15|||7
rev|||11|||47|||20|||7
rev|||12|||47|||22|||7
temp|||13|||47|||26|||7
temp|||14|||47|||30|||7
x|||3|||48|||1|||7
y|||3|||48|||5|||7
res|||3|||48|||9|||7
y|||4|||48|||21|||7
res|||4|||48|||24|||7
x|||4|||48|||26|||7
s|||4|||49|||1|||7
abc|||2|||49|||4|||7
s|||5|||49|||16|||7
length|||27|||49|||18|||7
System|||20|||49|||23|||7
s|||6|||49|||32|||7
arr|||67|||50|||9|||7
j|||30|||50|||17|||7
j|||31|||50|||23|||7
arr|||68|||50|||25|||7
arr|||69|||50|||36|||7
j|||32|||50|||38|||7
arr|||70|||50|||41|||7
j|||33|||50|||43|||7
t|||11|||50|||50|||7
arr|||71|||50|||52|||7
j|||34|||50|||54|||7
arr|||72|||50|||57|||7
j|||35|||50|||59|||7
arr|||73|||50|||62|||7
j|||36|||50|||64|||7
arr|||74|||50|||69|||7
j|||37|||50|||71|||7
t|||12|||50|||76|||7
j|||38|||50|||79|||7
arr|||75|||51|||9|||7
min|||12|||51|||17|||7
j|||39|||51|||21|||7
j|||40|||51|||29|||7
arr|||76|||51|||31|||7
arr|||77|||51|||38|||7
j|||41|||51|||40|||7
arr|||78|||51|||43|||7
min|||13|||51|||45|||7
min|||14|||51|||48|||7
j|||42|||51|||50|||7
j|||43|||51|||52|||7
t|||13|||51|||57|||7
arr|||79|||51|||59|||7
arr|||80|||51|||64|||7
arr|||81|||51|||69|||7
min|||15|||51|||71|||7
arr|||82|||51|||74|||7
min|||16|||51|||76|||7
t|||14|||51|||79|||7
arr|||83|||52|||9|||7
key|||4|||52|||15|||7
arr|||84|||52|||17|||7
j|||44|||52|||22|||7
j|||45|||52|||30|||7
arr|||85|||52|||34|||7
j|||46|||52|||36|||7
key|||5|||52|||39|||7
arr|||86|||52|||42|||7
j|||47|||52|||44|||7
arr|||87|||52|||49|||7
j|||48|||52|||51|||7
j|||49|||52|||54|||7
arr|||88|||52|||58|||7
j|||50|||52|||60|||7
key|||6|||52|||65|||7
c|||11|||53|||13|||7
j|||51|||53|||17|||7
j|||52|||53|||23|||7
System|||21|||53|||28|||7
c|||12|||53|||34|||7
c|||13|||53|||40|||7
c|||14|||53|||42|||7
j|||53|||53|||47|||7
j|||54|||53|||51|||7
j|||55|||53|||56|||7
System|||22|||53|||60|||7
n|||9|||54|||1|||7
r|||3|||54|||5|||7
num|||26|||54|||9|||7
den|||4|||54|||13|||7
r|||4|||54|||25|||7
num|||27|||54|||28|||7
n|||10|||54|||31|||7
den|||5|||54|||36|||7
System|||23|||54|||48|||7
num|||28|||54|||54|||7
den|||6|||54|||56|||7
num|||29|||55|||1|||7
123|||2|||55|||3|||7
sum|||11|||55|||5|||7
num|||30|||55|||11|||7
sum|||12|||55|||16|||7
num|||31|||55|||18|||7
num|||32|||55|||22|||7
str|||13|||56|||1|||7
Hello|||2|||56|||4|||7
Java|||2|||56|||6|||7
wc|||3|||56|||10|||7
str|||14|||56|||22|||7
length|||33|||56|||24|||7
str|||15|||56|||31|||7
wc|||4|||56|||41|||7
str|||16|||57|||1|||7
hello|||4|||57|||4|||7
str|||17|||57|||16|||7
length|||34|||57|||18|||7
System|||24|||57|||23|||7
char|||2|||57|||30|||7
str|||18|||57|||33|||7
32|||2|||57|||40|||7
50|||2|||58|||9|||7
f|||4|||58|||13|||7
j|||56|||58|||17|||7
j|||57|||58|||23|||7
j|||58|||58|||34|||7
f|||5|||58|||38|||7
j|||59|||58|||42|||7
f|||6|||58|||48|||7
System|||25|||58|||52|||7
a|||19|||59|||1|||7
b|||23|||59|||5|||7
lcm|||6|||59|||9|||7
a|||20|||59|||12|||7
b|||24|||59|||14|||7
a|||21|||59|||17|||7
b|||25|||59|||19|||7
lcm|||7|||59|||23|||7
a|||22|||59|||25|||7
lcm|||8|||59|||29|||7
b|||26|||59|||31|||7
lcm|||9|||59|||35|||7
System|||26|||59|||38|||7
lcm|||10|||59|||44|||7
[|||1|||5|||1|||8
]|||1|||5|||2|||8
[|||2|||5|||40|||8
]|||2|||5|||42|||8
[|||3|||6|||25|||8
]|||3|||6|||27|||8
[|||4|||7|||24|||8
]|||4|||7|||26|||8
[|||5|||11|||4|||8
]|||5|||11|||6|||8
[|||6|||11|||27|||8
]|||6|||11|||29|||8
[|||7|||11|||36|||8
]|||7|||11|||38|||8
[|||8|||12|||4|||8
]|||8|||12|||6|||8
[|||9|||12|||27|||8
]|||9|||12|||29|||8
[|||10|||12|||36|||8
]|||10|||12|||38|||8
[|||11|||15|||24|||8
]|||11|||15|||26|||8
[|||12|||15|||29|||8
]|||12|||15|||31|||8
[|||13|||15|||34|||8
]|||13|||15|||42|||8
[|||14|||15|||45|||8
]|||14|||15|||53|||8
charAt|||1|||16|||40|||8
charAt|||2|||19|||36|||8
[|||15|||20|||41|||8
]|||15|||20|||43|||8
[|||16|||20|||46|||8
]|||16|||20|||50|||8
[|||17|||20|||57|||8
]|||17|||20|||59|||8
[|||18|||20|||62|||8
]|||18|||20|||64|||8
[|||19|||20|||67|||8
]|||19|||20|||71|||8
[|||20|||20|||74|||8
]|||20|||20|||78|||8
[|||21|||21|||45|||8
]|||21|||21|||47|||8
[|||22|||21|||50|||8
]|||22|||21|||52|||8
[|||23|||21|||62|||8
]|||23|||21|||64|||8
[|||24|||21|||67|||8
]|||24|||21|||69|||8
[|||25|||21|||72|||8
]|||25|||21|||74|||8
[|||26|||21|||77|||8
]|||26|||21|||79|||8
[|||27|||22|||21|||8
]|||27|||22|||23|||8
[|||28|||22|||38|||8
]|||28|||22|||40|||8
[|||29|||22|||45|||8
]|||29|||22|||49|||8
[|||30|||22|||52|||8
]|||30|||22|||55|||8
[|||31|||22|||58|||8
]|||31|||22|||62|||8
charAt|||3|||26|||36|||8
charAt|||4|||27|||37|||8
[|||32|||35|||1|||8
]|||32|||35|||2|||8
[|||33|||35|||38|||8
]|||33|||35|||40|||8
[|||34|||36|||23|||8
]|||34|||36|||25|||8
[|||35|||37|||21|||8
]|||35|||37|||23|||8
[|||36|||41|||4|||8
]|||36|||41|||6|||8
[|||37|||41|||24|||8
]|||37|||41|||26|||8
[|||38|||41|||33|||8
]|||38|||41|||35|||8
[|||39|||42|||4|||8
]|||39|||42|||6|||8
[|||40|||42|||24|||8
]|||40|||42|||26|||8
[|||41|||42|||33|||8
]|||41|||42|||35|||8
[|||42|||45|||21|||8
]|||42|||45|||23|||8
[|||43|||45|||26|||8
]|||43|||45|||28|||8
[|||44|||45|||31|||8
]|||44|||45|||39|||8
[|||45|||45|||42|||8
]|||45|||45|||50|||8
charAt|||5|||46|||37|||8
charAt|||6|||49|||34|||8
[|||46|||50|||37|||8
]|||46|||50|||39|||8
[|||47|||50|||42|||8
]|||47|||50|||46|||8
[|||48|||50|||53|||8
]|||48|||50|||55|||8
[|||49|||50|||58|||8
]|||49|||50|||60|||8
[|||50|||50|||63|||8
]|||50|||50|||67|||8
[|||51|||50|||70|||8
]|||51|||50|||74|||8
[|||52|||51|||39|||8
]|||52|||51|||41|||8
[|||53|||51|||44|||8
]|||53|||51|||46|||8
[|||54|||51|||60|||8
]|||54|||51|||62|||8
[|||55|||51|||65|||8
]|||55|||51|||67|||8
[|||56|||51|||70|||8
]|||56|||51|||72|||8
[|||57|||51|||75|||8
]|||57|||51|||77|||8
[|||58|||52|||18|||8
]|||58|||52|||20|||8
[|||59|||52|||35|||8
]|||59|||52|||37|||8
[|||60|||52|||43|||8
]|||60|||52|||47|||8
[|||61|||52|||50|||8
]|||61|||52|||52|||8
[|||62|||52|||59|||8
]|||62|||52|||63|||8
charAt|||7|||56|||33|||8
charAt|||8|||57|||35|||8
int|||1|||0|||2|||9
int|||2|||1|||0|||9
int|||3|||1|||7|||9
int|||4|||2|||2|||9
int|||5|||3|||2|||9
int|||6|||4|||0|||9
int|||7|||4|||7|||9
int|||8|||5|||0|||9
int|||9|||5|||19|||9
int|||10|||6|||2|||9
int|||11|||7|||0|||9
int|||12|||7|||7|||9
int|||13|||8|||0|||9
int|||14|||8|||13|||9
int|||15|||9|||0|||9
int|||16|||10|||0|||9
int|||17|||11|||0|||9
int|||18|||11|||10|||9
int|||19|||12|||0|||9
int|||20|||12|||10|||9
int|||21|||13|||0|||9
int|||22|||13|||11|||9
int|||23|||14|||0|||9
int|||24|||14|||11|||9
int|||25|||15|||2|||9
int|||26|||16|||7|||9
int|||27|||16|||14|||9
int|||28|||17|||0|||9
int|||29|||18|||0|||9
int|||30|||18|||15|||9
int|||31|||19|||9|||9
int|||32|||19|||32|||9
int|||33|||20|||2|||9
int|||34|||20|||20|||9
int|||35|||20|||53|||9
int|||36|||21|||2|||9
int|||37|||21|||19|||9
int|||38|||21|||26|||9
int|||39|||21|||58|||9
int|||40|||22|||2|||9
int|||41|||22|||17|||9
int|||42|||23|||2|||9
int|||43|||23|||15|||9
int|||44|||23|||22|||9
int|||45|||24|||0|||9
int|||46|||24|||19|||9
int|||47|||25|||0|||9
int|||48|||26|||9|||9
int|||49|||26|||16|||9
int|||50|||27|||9|||9
int|||51|||28|||2|||9
int|||52|||28|||15|||9
int|||53|||28|||22|||9
int|||54|||29|||0|||9
int|||55|||30|||0|||9
int|||56|||31|||0|||9
int|||57|||32|||0|||9
int|||58|||33|||0|||9
int|||59|||34|||0|||9
int|||60|||35|||0|||9
int|||61|||35|||17|||9
int|||62|||36|||0|||9
int|||63|||37|||0|||9
int|||64|||38|||0|||9
int|||65|||39|||0|||9
int|||66|||40|||0|||9
int|||67|||41|||0|||9
int|||68|||42|||0|||9
int|||69|||43|||0|||9
int|||70|||44|||0|||9
int|||71|||45|||0|||9
int|||72|||46|||7|||9
int|||73|||47|||0|||9
int|||74|||48|||0|||9
int|||75|||49|||7|||9
int|||76|||49|||30|||9
int|||77|||50|||0|||9
int|||78|||50|||16|||9
int|||79|||50|||49|||9
int|||80|||51|||0|||9
int|||81|||51|||16|||9
int|||82|||51|||56|||9
int|||83|||52|||0|||9
int|||84|||52|||14|||9
int|||85|||53|||0|||9
int|||86|||53|||12|||9
int|||87|||54|||0|||9
int|||88|||55|||0|||9
int|||89|||56|||9|||9
int|||90|||57|||7|||9
int|||91|||58|||0|||9
int|||92|||58|||12|||9
int|||93|||59|||0|||9
