protected|||1|||0|||0|||5
class|||1|||0|||1|||5
private|||1|||0|||4|||5
static|||1|||0|||5|||5
public|||1|||1|||0|||5
class|||2|||1|||1|||5
public|||2|||1|||4|||5
static|||2|||1|||5|||5
private|||2|||2|||0|||5
class|||3|||2|||1|||5
private|||3|||2|||4|||5
static|||3|||2|||5|||5
protected|||2|||3|||0|||5
class|||4|||3|||1|||5
protected|||3|||3|||4|||5
static|||4|||3|||5|||5
public|||3|||4|||0|||5
class|||5|||4|||1|||5
public|||4|||4|||4|||5
static|||5|||4|||5|||5
private|||4|||5|||0|||5
class|||6|||5|||1|||5
private|||5|||5|||4|||5
static|||6|||5|||5|||5
protected|||4|||6|||0|||5
class|||7|||6|||1|||5
protected|||5|||6|||4|||5
static|||7|||6|||5|||5
public|||5|||7|||0|||5
class|||8|||7|||1|||5
public|||6|||7|||4|||5
static|||8|||7|||5|||5
private|||6|||8|||0|||5
class|||9|||8|||1|||5
private|||7|||8|||4|||5
static|||9|||8|||5|||5
protected|||6|||9|||0|||5
class|||10|||9|||1|||5
protected|||7|||9|||4|||5
static|||10|||9|||5|||5
public|||7|||10|||0|||5
class|||11|||10|||1|||5
public|||8|||10|||4|||5
static|||11|||10|||5|||5
private|||8|||11|||0|||5
class|||12|||11|||1|||5
private|||9|||11|||4|||5
static|||12|||11|||5|||5
protected|||8|||12|||0|||5
class|||13|||12|||1|||5
protected|||9|||12|||4|||5
static|||13|||12|||5|||5
public|||9|||13|||0|||5
class|||14|||13|||1|||5
public|||10|||13|||4|||5
static|||14|||13|||5|||5
private|||10|||14|||0|||5
class|||15|||14|||1|||5
private|||11|||14|||4|||5
static|||15|||14|||5|||5
protected|||10|||15|||0|||5
class|||16|||15|||1|||5
protected|||11|||15|||4|||5
static|||16|||15|||5|||5
public|||11|||16|||0|||5
class|||17|||16|||1|||5
public|||12|||16|||4|||5
static|||17|||16|||5|||5
private|||12|||17|||0|||5
class|||18|||17|||1|||5
private|||13|||17|||4|||5
static|||18|||17|||5|||5
protected|||12|||18|||0|||5
class|||19|||18|||1|||5
protected|||13|||18|||4|||5
static|||19|||18|||5|||5
public|||13|||19|||0|||5
class|||20|||19|||1|||5
public|||14|||19|||4|||5
static|||20|||19|||5|||5
private|||14|||20|||0|||5
class|||21|||20|||1|||5
private|||15|||20|||4|||5
static|||21|||20|||5|||5
protected|||14|||21|||0|||5
class|||22|||21|||1|||5
protected|||15|||21|||4|||5
static|||22|||21|||5|||5
public|||15|||22|||0|||5
class|||23|||22|||1|||5
public|||16|||22|||4|||5
static|||23|||22|||5|||5
private|||16|||23|||0|||5
class|||24|||23|||1|||5
private|||17|||23|||4|||5
static|||24|||23|||5|||5
AlgorithmicBase|||1|||0|||2|||7
totalElements|||1|||0|||16|||7
10|||1|||0|||18|||7
for|||1|||0|||20|||7
counter|||1|||0|||23|||7
0|||1|||0|||25|||7
counter|||2|||0|||27|||7
<|||1|||0|||28|||7
totalElements|||2|||0|||29|||7
counter|||3|||0|||31|||7
++|||1|||0|||32|||7
counter|||4|||0|||41|||7
RepeatMechanism|||1|||1|||2|||7
itemsToRepeat|||1|||1|||16|||7
10|||2|||1|||18|||7
for|||2|||1|||20|||7
index|||1|||1|||23|||7
0|||2|||1|||25|||7
index|||2|||1|||27|||7
<|||2|||1|||28|||7
itemsToRepeat|||2|||1|||29|||7
index|||3|||1|||31|||7
++|||2|||1|||32|||7
index|||4|||1|||41|||7
NumberRange|||1|||2|||2|||7
iVal|||1|||2|||16|||7
0|||3|||2|||18|||7
while|||1|||2|||20|||7
iVal|||2|||2|||22|||7
<|||3|||2|||23|||7
10|||3|||2|||24|||7
iVal|||3|||2|||36|||7
iVal|||4|||2|||39|||7
++|||3|||2|||40|||7
LoopProcess|||1|||3|||2|||7
iterator|||1|||3|||16|||7
0|||4|||3|||18|||7
while|||2|||3|||20|||7
iterator|||2|||3|||22|||7
<|||4|||3|||23|||7
10|||4|||3|||24|||7
iterator|||3|||3|||33|||7
iterator|||4|||3|||36|||7
++|||4|||3|||37|||7
DecisionGate|||1|||4|||2|||7
currentIdx|||1|||4|||16|||7
5|||1|||4|||18|||7
maxValue|||1|||4|||21|||7
10|||5|||4|||23|||7
if|||1|||4|||25|||7
currentIdx|||2|||4|||27|||7
<|||5|||4|||28|||7
maxValue|||2|||4|||32|||7
currentIdx|||3|||4|||41|||7
ConditionFail|||1|||5|||2|||7
checkIdx|||1|||5|||16|||7
5|||2|||5|||18|||7
upperLim|||1|||5|||21|||7
10|||6|||5|||23|||7
if|||2|||5|||25|||7
!|||1|||5|||27|||7
checkIdx|||2|||5|||29|||7
>=|||1|||5|||30|||7
upperLim|||2|||5|||31|||7
checkIdx|||3|||5|||44|||7
ArrayModify|||1|||6|||2|||7
dataPoints|||1|||6|||18|||7
new|||1|||6|||20|||7
5|||3|||6|||23|||7
dataPoints|||2|||6|||26|||7
0|||5|||6|||28|||7
dataPoints|||3|||6|||31|||7
0|||6|||6|||33|||7
+|||1|||6|||35|||7
100.0f|||1|||6|||39|||7
dataPoints|||4|||6|||47|||7
0|||7|||6|||49|||7
DataStore|||1|||7|||2|||7
container|||1|||7|||18|||7
new|||2|||7|||20|||7
5|||4|||7|||23|||7
container|||2|||7|||26|||7
0|||8|||7|||28|||7
+=|||1|||7|||30|||7
100.0f|||2|||7|||34|||7
container|||3|||7|||42|||7
0|||9|||7|||44|||7
IterateAction|||1|||8|||2|||7
kVal|||1|||8|||16|||7
for|||3|||8|||18|||7
kVal|||2|||8|||20|||7
0|||10|||8|||22|||7
kVal|||3|||8|||24|||7
<|||6|||8|||25|||7
5|||5|||8|||26|||7
kVal|||4|||8|||28|||7
++|||5|||8|||29|||7
kVal|||5|||8|||41|||7
LimitAchieved|||1|||9|||2|||7
limiter|||1|||9|||16|||7
0|||11|||9|||18|||7
while|||3|||9|||20|||7
limiter|||2|||9|||22|||7
<=|||1|||9|||23|||7
5|||6|||9|||24|||7
limiter|||3|||9|||36|||7
limiter|||4|||9|||39|||7
++|||6|||9|||40|||7
StartState|||1|||10|||2|||7
initialValue|||1|||10|||16|||7
0|||12|||10|||18|||7
initialValue|||2|||10|||29|||7
InitializeVal|||1|||11|||2|||7
identifier|||1|||11|||16|||7
1|||1|||11|||18|||7
identifier|||2|||11|||29|||7
SpanRun|||1|||12|||2|||7
limit|||1|||12|||16|||7
10|||7|||12|||18|||7
for|||4|||12|||20|||7
counterInner|||1|||12|||23|||7
0|||13|||12|||25|||7
counterInner|||2|||12|||27|||7
<|||7|||12|||28|||7
limit|||2|||12|||29|||7
counterInner|||3|||12|||31|||7
++|||7|||12|||32|||7
counterInner|||4|||12|||41|||7
BoundCheck|||1|||13|||2|||7
topRange|||1|||13|||16|||7
10|||8|||13|||18|||7
for|||5|||13|||20|||7
walker|||1|||13|||23|||7
0|||14|||13|||25|||7
walker|||2|||13|||27|||7
<|||8|||13|||28|||7
topRange|||2|||13|||29|||7
walker|||3|||13|||31|||7
++|||8|||13|||32|||7
walker|||4|||13|||41|||7
QuickCycle|||1|||14|||2|||7
loopCount|||1|||14|||16|||7
for|||6|||14|||18|||7
loopCount|||2|||14|||20|||7
0|||15|||14|||22|||7
loopCount|||3|||14|||24|||7
<|||9|||14|||25|||7
5|||7|||14|||26|||7
loopCount|||4|||14|||28|||7
++|||9|||14|||29|||7
loopCount|||5|||14|||41|||7
BriefRepeat|||1|||15|||2|||7
cycleVal|||1|||15|||16|||7
0|||16|||15|||18|||7
while|||4|||15|||20|||7
cycleVal|||2|||15|||22|||7
<|||10|||15|||23|||7
5|||8|||15|||24|||7
cycleVal|||3|||15|||36|||7
cycleVal|||4|||15|||39|||7
++|||10|||15|||40|||7
SizeCheck|||1|||16|||2|||7
lengthVal|||1|||16|||16|||7
7|||1|||16|||18|||7
widthVal|||1|||16|||21|||7
10|||9|||16|||23|||7
if|||3|||16|||25|||7
lengthVal|||2|||16|||27|||7
>|||1|||16|||28|||7
widthVal|||2|||16|||29|||7
"|||1|||16|||38|||7
x|||1|||16|||39|||7
is|||1|||16|||40|||7
greater|||1|||16|||41|||7
"|||2|||16|||42|||7
NotSmaller|||1|||17|||2|||7
leftSide|||1|||17|||16|||7
7|||2|||17|||18|||7
rightSide|||1|||17|||21|||7
10|||10|||17|||23|||7
if|||4|||17|||25|||7
leftSide|||2|||17|||27|||7
<=|||2|||17|||28|||7
rightSide|||2|||17|||29|||7
==|||1|||17|||30|||7
false|||1|||17|||31|||7
"|||3|||17|||40|||7
x|||2|||17|||41|||7
is|||2|||17|||42|||7
greater|||2|||17|||43|||7
"|||4|||17|||44|||7
ScaleValue|||1|||18|||2|||7
valueSet|||1|||18|||18|||7
1|||2|||18|||21|||7
,|||1|||18|||22|||7
2|||1|||18|||23|||7
,|||2|||18|||24|||7
3|||1|||18|||25|||7
,|||3|||18|||26|||7
4|||1|||18|||27|||7
,|||4|||18|||28|||7
5|||9|||18|||29|||7
valueSet|||2|||18|||32|||7
2|||2|||18|||34|||7
valueSet|||3|||18|||37|||7
2|||3|||18|||39|||7
*|||1|||18|||41|||7
2|||4|||18|||42|||7
valueSet|||4|||18|||50|||7
2|||5|||18|||52|||7
ItemScale|||1|||19|||2|||7
numberList|||1|||19|||18|||7
1|||3|||19|||21|||7
,|||5|||19|||22|||7
2|||6|||19|||23|||7
,|||6|||19|||24|||7
3|||2|||19|||25|||7
,|||7|||19|||26|||7
4|||2|||19|||27|||7
,|||8|||19|||28|||7
5|||10|||19|||29|||7
numberList|||2|||19|||32|||7
2|||7|||19|||34|||7
2|||8|||19|||37|||7
numberList|||3|||19|||45|||7
2|||9|||19|||47|||7
IncrStep|||1|||20|||2|||7
indexLoop|||1|||20|||16|||7
for|||7|||20|||18|||7
indexLoop|||2|||20|||20|||7
1|||4|||20|||22|||7
indexLoop|||3|||20|||24|||7
<|||11|||20|||25|||7
4|||3|||20|||26|||7
indexLoop|||4|||20|||28|||7
++|||11|||20|||29|||7
indexLoop|||5|||20|||41|||7
StepAdvance|||1|||21|||2|||7
countIndex|||1|||21|||16|||7
for|||8|||21|||18|||7
countIndex|||2|||21|||20|||7
1|||5|||21|||22|||7
countIndex|||3|||21|||24|||7
<=|||3|||21|||25|||7
4|||4|||21|||26|||7
countIndex|||4|||21|||28|||7
++|||12|||21|||29|||7
countIndex|||5|||21|||41|||7
OriginZero|||1|||22|||2|||7
zero|||1|||22|||16|||7
0|||17|||22|||18|||7
zero|||2|||22|||29|||7
FirstPos|||1|||23|||2|||7
startVal|||1|||23|||16|||7
1|||6|||23|||18|||7
startVal|||2|||23|||29|||7
{|||1|||0|||3|||0
{|||2|||0|||14|||0
{|||3|||0|||34|||0
{|||4|||1|||3|||0
{|||5|||1|||14|||0
{|||6|||1|||34|||0
{|||7|||2|||3|||0
{|||8|||2|||14|||0
{|||9|||2|||26|||0
{|||10|||3|||3|||0
{|||11|||3|||14|||0
{|||12|||3|||26|||0
{|||13|||4|||3|||0
{|||14|||4|||14|||0
{|||15|||4|||34|||0
{|||16|||5|||3|||0
{|||17|||5|||14|||0
{|||18|||5|||34|||0
{|||19|||6|||3|||0
{|||20|||6|||14|||0
{|||21|||7|||3|||0
{|||22|||7|||14|||0
{|||23|||8|||3|||0
{|||24|||8|||14|||0
{|||25|||8|||31|||0
{|||26|||9|||3|||0
{|||27|||9|||14|||0
{|||28|||9|||26|||0
{|||29|||10|||3|||0
{|||30|||10|||14|||0
{|||31|||11|||3|||0
{|||32|||11|||14|||0
{|||33|||12|||3|||0
{|||34|||12|||14|||0
{|||35|||12|||34|||0
{|||36|||13|||3|||0
{|||37|||13|||14|||0
{|||38|||13|||34|||0
{|||39|||14|||3|||0
{|||40|||14|||14|||0
{|||41|||14|||31|||0
{|||42|||15|||3|||0
{|||43|||15|||14|||0
{|||44|||15|||26|||0
{|||45|||16|||3|||0
{|||46|||16|||14|||0
{|||47|||16|||31|||0
{|||48|||17|||3|||0
{|||49|||17|||14|||0
{|||50|||17|||33|||0
{|||51|||18|||3|||0
{|||52|||18|||14|||0
{|||53|||18|||20|||0
{|||54|||19|||3|||0
{|||55|||19|||14|||0
{|||56|||19|||20|||0
{|||57|||20|||3|||0
{|||58|||20|||14|||0
{|||59|||20|||31|||0
{|||60|||21|||3|||0
{|||61|||21|||14|||0
{|||62|||21|||31|||0
{|||63|||22|||3|||0
{|||64|||22|||14|||0
{|||65|||23|||3|||0
{|||66|||23|||14|||0
void|||1|||0|||6|||6
String|||1|||0|||9|||6
float|||1|||0|||15|||6
int|||1|||0|||22|||6
System|||1|||0|||35|||6
void|||2|||1|||6|||6
String|||2|||1|||9|||6
float|||2|||1|||15|||6
int|||2|||1|||22|||6
System|||2|||1|||35|||6
void|||3|||2|||6|||6
String|||3|||2|||9|||6
float|||3|||2|||15|||6
System|||3|||2|||27|||6
int|||3|||2|||34|||6
void|||4|||3|||6|||6
String|||4|||3|||9|||6
float|||4|||3|||15|||6
System|||4|||3|||27|||6
void|||5|||4|||6|||6
String|||5|||4|||9|||6
int|||4|||4|||15|||6
int|||5|||4|||20|||6
float|||5|||4|||30|||6
System|||5|||4|||35|||6
void|||6|||5|||6|||6
String|||6|||5|||9|||6
float|||6|||5|||15|||6
float|||7|||5|||20|||6
System|||6|||5|||35|||6
int|||6|||5|||42|||6
void|||7|||6|||6|||6
String|||7|||6|||9|||6
int|||7|||6|||15|||6
int|||8|||6|||21|||6
int|||9|||6|||37|||6
System|||7|||6|||41|||6
void|||8|||7|||6|||6
String|||8|||7|||9|||6
int|||10|||7|||15|||6
int|||11|||7|||21|||6
int|||12|||7|||32|||6
System|||8|||7|||36|||6
void|||9|||8|||6|||6
String|||9|||8|||9|||6
float|||8|||8|||15|||6
System|||9|||8|||32|||6
int|||13|||8|||39|||6
void|||10|||9|||6|||6
String|||10|||9|||9|||6
float|||9|||9|||15|||6
System|||10|||9|||27|||6
int|||14|||9|||34|||6
void|||11|||10|||6|||6
String|||11|||10|||9|||6
float|||10|||10|||15|||6
System|||11|||10|||20|||6
int|||15|||10|||27|||6
void|||12|||11|||6|||6
String|||12|||11|||9|||6
float|||11|||11|||15|||6
System|||12|||11|||20|||6
int|||16|||11|||27|||6
void|||13|||12|||6|||6
String|||13|||12|||9|||6
int|||17|||12|||15|||6
int|||18|||12|||22|||6
System|||13|||12|||35|||6
void|||14|||13|||6|||6
String|||14|||13|||9|||6
int|||19|||13|||15|||6
int|||20|||13|||22|||6
System|||14|||13|||35|||6
void|||15|||14|||6|||6
String|||15|||14|||9|||6
float|||12|||14|||15|||6
System|||15|||14|||32|||6
int|||21|||14|||39|||6
void|||16|||15|||6|||6
String|||16|||15|||9|||6
float|||13|||15|||15|||6
System|||16|||15|||27|||6
int|||22|||15|||34|||6
void|||17|||16|||6|||6
String|||17|||16|||9|||6
float|||14|||16|||15|||6
float|||15|||16|||20|||6
System|||17|||16|||32|||6
void|||18|||17|||6|||6
String|||18|||17|||9|||6
float|||16|||17|||15|||6
float|||17|||17|||20|||6
System|||18|||17|||34|||6
void|||19|||18|||6|||6
String|||19|||18|||9|||6
int|||23|||18|||15|||6
System|||19|||18|||44|||6
void|||20|||19|||6|||6
String|||20|||19|||9|||6
int|||24|||19|||15|||6
System|||20|||19|||39|||6
void|||21|||20|||6|||6
String|||21|||20|||9|||6
float|||18|||20|||15|||6
System|||21|||20|||32|||6
int|||25|||20|||39|||6
void|||22|||21|||6|||6
String|||22|||21|||9|||6
float|||19|||21|||15|||6
System|||22|||21|||32|||6
int|||26|||21|||39|||6
void|||23|||22|||6|||6
String|||23|||22|||9|||6
float|||20|||22|||15|||6
System|||23|||22|||20|||6
int|||27|||22|||27|||6
void|||24|||23|||6|||6
String|||24|||23|||9|||6
float|||21|||23|||15|||6
System|||24|||23|||20|||6
int|||28|||23|||27|||6
main|||1|||0|||7|||8
main|||2|||1|||7|||8
main|||3|||2|||7|||8
main|||4|||3|||7|||8
main|||5|||4|||7|||8
main|||6|||5|||7|||8
main|||7|||6|||7|||8
main|||8|||7|||7|||8
main|||9|||8|||7|||8
main|||10|||9|||7|||8
main|||11|||10|||7|||8
main|||12|||11|||7|||8
main|||13|||12|||7|||8
main|||14|||13|||7|||8
main|||15|||14|||7|||8
main|||16|||15|||7|||8
main|||17|||16|||7|||8
main|||18|||17|||7|||8
main|||19|||18|||7|||8
main|||20|||19|||7|||8
main|||21|||20|||7|||8
main|||22|||21|||7|||8
main|||23|||22|||7|||8
main|||24|||23|||7|||8
(|||1|||0|||8|||2
)|||1|||0|||13|||2
=|||1|||0|||17|||2
(|||2|||0|||21|||2
=|||2|||0|||24|||2
)|||2|||0|||33|||2
.|||1|||0|||36|||2
.|||2|||0|||38|||2
(|||3|||0|||40|||2
)|||3|||0|||42|||2
(|||4|||1|||8|||2
)|||4|||1|||13|||2
=|||3|||1|||17|||2
(|||5|||1|||21|||2
=|||4|||1|||24|||2
)|||5|||1|||33|||2
.|||3|||1|||36|||2
.|||4|||1|||38|||2
(|||6|||1|||40|||2
)|||6|||1|||42|||2
(|||7|||2|||8|||2
)|||7|||2|||13|||2
=|||5|||2|||17|||2
(|||8|||2|||21|||2
)|||8|||2|||25|||2
.|||5|||2|||28|||2
.|||6|||2|||30|||2
(|||9|||2|||32|||2
(|||10|||2|||33|||2
)|||9|||2|||35|||2
)|||10|||2|||37|||2
(|||11|||3|||8|||2
)|||11|||3|||13|||2
=|||6|||3|||17|||2
(|||12|||3|||21|||2
)|||12|||3|||25|||2
.|||7|||3|||28|||2
.|||8|||3|||30|||2
(|||13|||3|||32|||2
)|||13|||3|||34|||2
(|||14|||4|||8|||2
)|||14|||4|||13|||2
=|||7|||4|||17|||2
=|||8|||4|||22|||2
(|||15|||4|||26|||2
(|||16|||4|||29|||2
)|||15|||4|||31|||2
)|||16|||4|||33|||2
.|||9|||4|||36|||2
.|||10|||4|||38|||2
(|||17|||4|||40|||2
)|||17|||4|||42|||2
(|||18|||5|||8|||2
)|||18|||5|||13|||2
=|||9|||5|||17|||2
=|||10|||5|||22|||2
(|||19|||5|||26|||2
(|||20|||5|||28|||2
)|||19|||5|||32|||2
)|||20|||5|||33|||2
.|||11|||5|||36|||2
.|||12|||5|||38|||2
(|||21|||5|||40|||2
(|||22|||5|||41|||2
)|||21|||5|||43|||2
)|||22|||5|||45|||2
(|||23|||6|||8|||2
)|||23|||6|||13|||2
=|||11|||6|||19|||2
=|||12|||6|||30|||2
(|||24|||6|||36|||2
)|||24|||6|||38|||2
.|||13|||6|||42|||2
.|||14|||6|||44|||2
(|||25|||6|||46|||2
)|||25|||6|||51|||2
(|||26|||7|||8|||2
)|||26|||7|||13|||2
=|||13|||7|||19|||2
(|||27|||7|||31|||2
)|||27|||7|||33|||2
.|||15|||7|||37|||2
.|||16|||7|||39|||2
(|||28|||7|||41|||2
)|||28|||7|||46|||2
(|||29|||8|||8|||2
)|||29|||8|||13|||2
(|||30|||8|||19|||2
=|||14|||8|||21|||2
)|||30|||8|||30|||2
.|||17|||8|||33|||2
.|||18|||8|||35|||2
(|||31|||8|||37|||2
(|||32|||8|||38|||2
)|||31|||8|||40|||2
)|||32|||8|||42|||2
(|||33|||9|||8|||2
)|||33|||9|||13|||2
=|||15|||9|||17|||2
(|||34|||9|||21|||2
)|||34|||9|||25|||2
.|||19|||9|||28|||2
.|||20|||9|||30|||2
(|||35|||9|||32|||2
(|||36|||9|||33|||2
)|||35|||9|||35|||2
)|||36|||9|||37|||2
(|||37|||10|||8|||2
)|||37|||10|||13|||2
=|||16|||10|||17|||2
.|||21|||10|||21|||2
.|||22|||10|||23|||2
(|||38|||10|||25|||2
(|||39|||10|||26|||2
)|||38|||10|||28|||2
)|||39|||10|||30|||2
(|||40|||11|||8|||2
)|||40|||11|||13|||2
=|||17|||11|||17|||2
.|||23|||11|||21|||2
.|||24|||11|||23|||2
(|||41|||11|||25|||2
(|||42|||11|||26|||2
)|||41|||11|||28|||2
)|||42|||11|||30|||2
(|||43|||12|||8|||2
)|||43|||12|||13|||2
=|||18|||12|||17|||2
(|||44|||12|||21|||2
=|||19|||12|||24|||2
)|||44|||12|||33|||2
.|||25|||12|||36|||2
.|||26|||12|||38|||2
(|||45|||12|||40|||2
)|||45|||12|||42|||2
(|||46|||13|||8|||2
)|||46|||13|||13|||2
=|||20|||13|||17|||2
(|||47|||13|||21|||2
=|||21|||13|||24|||2
)|||47|||13|||33|||2
.|||27|||13|||36|||2
.|||28|||13|||38|||2
(|||48|||13|||40|||2
)|||48|||13|||42|||2
(|||49|||14|||8|||2
)|||49|||14|||13|||2
(|||50|||14|||19|||2
=|||22|||14|||21|||2
)|||50|||14|||30|||2
.|||29|||14|||33|||2
.|||30|||14|||35|||2
(|||51|||14|||37|||2
(|||52|||14|||38|||2
)|||51|||14|||40|||2
)|||52|||14|||42|||2
(|||53|||15|||8|||2
)|||53|||15|||13|||2
=|||23|||15|||17|||2
(|||54|||15|||21|||2
)|||54|||15|||25|||2
.|||31|||15|||28|||2
.|||32|||15|||30|||2
(|||55|||15|||32|||2
(|||56|||15|||33|||2
)|||55|||15|||35|||2
)|||56|||15|||37|||2
(|||57|||16|||8|||2
)|||57|||16|||13|||2
=|||24|||16|||17|||2
=|||25|||16|||22|||2
(|||58|||16|||26|||2
)|||58|||16|||30|||2
.|||33|||16|||33|||2
.|||34|||16|||35|||2
(|||59|||16|||37|||2
)|||59|||16|||43|||2
(|||60|||17|||8|||2
)|||60|||17|||13|||2
=|||26|||17|||17|||2
=|||27|||17|||22|||2
(|||61|||17|||26|||2
)|||61|||17|||32|||2
.|||35|||17|||35|||2
.|||36|||17|||37|||2
(|||62|||17|||39|||2
)|||62|||17|||45|||2
(|||63|||18|||8|||2
)|||63|||18|||13|||2
=|||28|||18|||19|||2
=|||29|||18|||36|||2
.|||37|||18|||45|||2
.|||38|||18|||47|||2
(|||64|||18|||49|||2
)|||64|||18|||54|||2
(|||65|||19|||8|||2
)|||65|||19|||13|||2
=|||30|||19|||19|||2
*=|||1|||19|||36|||2
.|||39|||19|||40|||2
.|||40|||19|||42|||2
(|||66|||19|||44|||2
)|||66|||19|||49|||2
(|||67|||20|||8|||2
)|||67|||20|||13|||2
(|||68|||20|||19|||2
=|||31|||20|||21|||2
)|||68|||20|||30|||2
.|||41|||20|||33|||2
.|||42|||20|||35|||2
(|||69|||20|||37|||2
(|||70|||20|||38|||2
)|||69|||20|||40|||2
)|||70|||20|||42|||2
(|||71|||21|||8|||2
)|||71|||21|||13|||2
(|||72|||21|||19|||2
=|||32|||21|||21|||2
)|||72|||21|||30|||2
.|||43|||21|||33|||2
.|||44|||21|||35|||2
(|||73|||21|||37|||2
(|||74|||21|||38|||2
)|||73|||21|||40|||2
)|||74|||21|||42|||2
(|||75|||22|||8|||2
)|||75|||22|||13|||2
=|||33|||22|||17|||2
.|||45|||22|||21|||2
.|||46|||22|||23|||2
(|||76|||22|||25|||2
(|||77|||22|||26|||2
)|||76|||22|||28|||2
)|||77|||22|||30|||2
(|||78|||23|||8|||2
)|||78|||23|||13|||2
=|||34|||23|||17|||2
.|||47|||23|||21|||2
.|||48|||23|||23|||2
(|||79|||23|||25|||2
(|||80|||23|||26|||2
)|||79|||23|||28|||2
)|||80|||23|||30|||2
[|||1|||0|||10|||1
]|||1|||0|||11|||1
[|||2|||1|||10|||1
]|||2|||1|||11|||1
[|||3|||2|||10|||1
]|||3|||2|||11|||1
[|||4|||3|||10|||1
]|||4|||3|||11|||1
[|||5|||4|||10|||1
]|||5|||4|||11|||1
[|||6|||5|||10|||1
]|||6|||5|||11|||1
[|||7|||6|||10|||1
]|||7|||6|||11|||1
[|||8|||6|||16|||1
]|||8|||6|||17|||1
[|||9|||6|||22|||1
]|||9|||6|||24|||1
[|||10|||6|||27|||1
]|||10|||6|||29|||1
[|||11|||6|||32|||1
]|||11|||6|||34|||1
[|||12|||6|||48|||1
]|||12|||6|||50|||1
[|||13|||7|||10|||1
]|||13|||7|||11|||1
[|||14|||7|||16|||1
]|||14|||7|||17|||1
[|||15|||7|||22|||1
]|||15|||7|||24|||1
[|||16|||7|||27|||1
]|||16|||7|||29|||1
[|||17|||7|||43|||1
]|||17|||7|||45|||1
[|||18|||8|||10|||1
]|||18|||8|||11|||1
[|||19|||9|||10|||1
]|||19|||9|||11|||1
[|||20|||10|||10|||1
]|||20|||10|||11|||1
[|||21|||11|||10|||1
]|||21|||11|||11|||1
[|||22|||12|||10|||1
]|||22|||12|||11|||1
[|||23|||13|||10|||1
]|||23|||13|||11|||1
[|||24|||14|||10|||1
]|||24|||14|||11|||1
[|||25|||15|||10|||1
]|||25|||15|||11|||1
[|||26|||16|||10|||1
]|||26|||16|||11|||1
[|||27|||17|||10|||1
]|||27|||17|||11|||1
[|||28|||18|||10|||1
]|||28|||18|||11|||1
[|||29|||18|||16|||1
]|||29|||18|||17|||1
[|||30|||18|||33|||1
]|||30|||18|||35|||1
[|||31|||18|||38|||1
]|||31|||18|||40|||1
[|||32|||18|||51|||1
]|||32|||18|||53|||1
[|||33|||19|||10|||1
]|||33|||19|||11|||1
[|||34|||19|||16|||1
]|||34|||19|||17|||1
[|||35|||19|||33|||1
]|||35|||19|||35|||1
[|||36|||19|||46|||1
]|||36|||19|||48|||1
[|||37|||20|||10|||1
]|||37|||20|||11|||1
[|||38|||21|||10|||1
]|||38|||21|||11|||1
[|||39|||22|||10|||1
]|||39|||22|||11|||1
[|||40|||23|||10|||1
]|||40|||23|||11|||1
programArgs|||1|||0|||12|||9
out|||1|||0|||37|||9
println|||1|||0|||39|||9
args|||1|||1|||12|||9
out|||2|||1|||37|||9
println|||2|||1|||39|||9
args|||2|||2|||12|||9
out|||3|||2|||29|||9
println|||3|||2|||31|||9
args|||3|||3|||12|||9
out|||4|||3|||29|||9
println|||4|||3|||31|||9
args|||4|||4|||12|||9
out|||5|||4|||37|||9
println|||5|||4|||39|||9
args|||5|||5|||12|||9
out|||6|||5|||37|||9
println|||6|||5|||39|||9
args|||6|||6|||12|||9
out|||7|||6|||43|||9
println|||7|||6|||45|||9
args|||7|||7|||12|||9
out|||8|||7|||38|||9
println|||8|||7|||40|||9
args|||8|||8|||12|||9
out|||9|||8|||34|||9
println|||9|||8|||36|||9
args|||9|||9|||12|||9
out|||10|||9|||29|||9
println|||10|||9|||31|||9
args|||10|||10|||12|||9
out|||11|||10|||22|||9
println|||11|||10|||24|||9
args|||11|||11|||12|||9
out|||12|||11|||22|||9
println|||12|||11|||24|||9
args|||12|||12|||12|||9
out|||13|||12|||37|||9
println|||13|||12|||39|||9
args|||13|||13|||12|||9
out|||14|||13|||37|||9
println|||14|||13|||39|||9
args|||14|||14|||12|||9
out|||15|||14|||34|||9
println|||15|||14|||36|||9
args|||15|||15|||12|||9
out|||16|||15|||29|||9
println|||16|||15|||31|||9
args|||16|||16|||12|||9
out|||17|||16|||34|||9
println|||17|||16|||36|||9
args|||17|||17|||12|||9
out|||18|||17|||36|||9
println|||18|||17|||38|||9
args|||18|||18|||12|||9
out|||19|||18|||46|||9
println|||19|||18|||48|||9
args|||19|||19|||12|||9
out|||20|||19|||41|||9
println|||20|||19|||43|||9
args|||20|||20|||12|||9
out|||21|||20|||34|||9
println|||21|||20|||36|||9
args|||21|||21|||12|||9
out|||22|||21|||34|||9
println|||22|||21|||36|||9
args|||22|||22|||12|||9
out|||23|||22|||22|||9
println|||23|||22|||24|||9
args|||23|||23|||12|||9
out|||24|||23|||22|||9
println|||24|||23|||24|||9
;|||1|||0|||19|||4
;|||2|||0|||26|||4
;|||3|||0|||30|||4
;|||4|||0|||43|||4
;|||5|||1|||19|||4
;|||6|||1|||26|||4
;|||7|||1|||30|||4
;|||8|||1|||43|||4
;|||9|||2|||19|||4
;|||10|||2|||38|||4
;|||11|||2|||41|||4
;|||12|||3|||19|||4
;|||13|||3|||35|||4
;|||14|||3|||38|||4
;|||15|||4|||19|||4
;|||16|||4|||24|||4
;|||17|||4|||43|||4
;|||18|||5|||19|||4
;|||19|||5|||24|||4
;|||20|||5|||46|||4
;|||21|||6|||25|||4
;|||22|||6|||40|||4
;|||23|||6|||52|||4
;|||24|||7|||25|||4
;|||25|||7|||35|||4
;|||26|||7|||47|||4
;|||27|||8|||17|||4
;|||28|||8|||23|||4
;|||29|||8|||27|||4
;|||30|||8|||43|||4
;|||31|||9|||19|||4
;|||32|||9|||38|||4
;|||33|||9|||41|||4
;|||34|||10|||19|||4
;|||35|||10|||31|||4
;|||36|||11|||19|||4
;|||37|||11|||31|||4
;|||38|||12|||19|||4
;|||39|||12|||26|||4
;|||40|||12|||30|||4
;|||41|||12|||43|||4
;|||42|||13|||19|||4
;|||43|||13|||26|||4
;|||44|||13|||30|||4
;|||45|||13|||43|||4
;|||46|||14|||17|||4
;|||47|||14|||23|||4
;|||48|||14|||27|||4
;|||49|||14|||43|||4
;|||50|||15|||19|||4
;|||51|||15|||38|||4
;|||52|||15|||41|||4
;|||53|||16|||19|||4
;|||54|||16|||24|||4
;|||55|||16|||44|||4
;|||56|||17|||19|||4
;|||57|||17|||24|||4
;|||58|||17|||46|||4
;|||59|||18|||31|||4
;|||60|||18|||43|||4
;|||61|||18|||55|||4
;|||62|||19|||31|||4
;|||63|||19|||38|||4
;|||64|||19|||50|||4
;|||65|||20|||17|||4
;|||66|||20|||23|||4
;|||67|||20|||27|||4
;|||68|||20|||43|||4
;|||69|||21|||17|||4
;|||70|||21|||23|||4
;|||71|||21|||27|||4
;|||72|||21|||43|||4
;|||73|||22|||19|||4
;|||74|||22|||31|||4
;|||75|||23|||19|||4
;|||76|||23|||31|||4
}|||1|||0|||44|||3
}|||2|||0|||45|||3
}|||3|||0|||46|||3
}|||4|||1|||44|||3
}|||5|||1|||45|||3
}|||6|||1|||46|||3
}|||7|||2|||42|||3
}|||8|||2|||43|||3
}|||9|||2|||44|||3
}|||10|||3|||39|||3
}|||11|||3|||40|||3
}|||12|||3|||41|||3
}|||13|||4|||44|||3
}|||14|||4|||45|||3
}|||15|||4|||46|||3
}|||16|||5|||47|||3
}|||17|||5|||48|||3
}|||18|||5|||49|||3
}|||19|||6|||53|||3
}|||20|||6|||54|||3
}|||21|||7|||48|||3
}|||22|||7|||49|||3
}|||23|||8|||44|||3
}|||24|||8|||45|||3
}|||25|||8|||46|||3
}|||26|||9|||42|||3
}|||27|||9|||43|||3
}|||28|||9|||44|||3
}|||29|||10|||32|||3
}|||30|||10|||33|||3
}|||31|||11|||32|||3
}|||32|||11|||33|||3
}|||33|||12|||44|||3
}|||34|||12|||45|||3
}|||35|||12|||46|||3
}|||36|||13|||44|||3
}|||37|||13|||45|||3
}|||38|||13|||46|||3
}|||39|||14|||44|||3
}|||40|||14|||45|||3
}|||41|||14|||46|||3
}|||42|||15|||42|||3
}|||43|||15|||43|||3
}|||44|||15|||44|||3
}|||45|||16|||45|||3
}|||46|||16|||46|||3
}|||47|||16|||47|||3
}|||48|||17|||47|||3
}|||49|||17|||48|||3
}|||50|||17|||49|||3
}|||51|||18|||30|||3
}|||52|||18|||56|||3
}|||53|||18|||57|||3
}|||54|||19|||30|||3
}|||55|||19|||51|||3
}|||56|||19|||52|||3
}|||57|||20|||44|||3
}|||58|||20|||45|||3
}|||59|||20|||46|||3
}|||60|||21|||44|||3
}|||61|||21|||45|||3
}|||62|||21|||46|||3
}|||63|||22|||32|||3
}|||64|||22|||33|||3
}|||65|||23|||32|||3
}|||66|||23|||33|||3
