for|||1|||0|||0|||0
(|||1|||0|||1|||0
(|||2|||0|||19|||0
for|||2|||1|||5|||0
(|||3|||1|||6|||0
for|||3|||2|||0|||0
(|||4|||2|||1|||0
(|||5|||2|||20|||0
for|||4|||3|||0|||0
(|||6|||3|||1|||0
(|||7|||3|||20|||0
for|||5|||4|||5|||0
(|||8|||4|||6|||0
for|||6|||5|||17|||0
(|||9|||5|||18|||0
(|||10|||5|||38|||0
for|||7|||6|||0|||0
(|||11|||6|||1|||0
(|||12|||6|||23|||0
for|||8|||7|||5|||0
(|||13|||7|||6|||0
for|||9|||8|||11|||0
(|||14|||8|||12|||0
{|||2|||8|||25|||0
(|||15|||8|||31|||0
for|||10|||9|||9|||0
(|||16|||9|||10|||0
for|||11|||10|||9|||0
(|||17|||10|||10|||0
for|||12|||11|||8|||0
(|||18|||11|||9|||0
(|||19|||11|||25|||0
for|||13|||12|||8|||0
(|||20|||12|||9|||0
(|||21|||12|||25|||0
for|||14|||13|||9|||0
(|||22|||13|||10|||0
for|||15|||14|||9|||0
(|||23|||14|||10|||0
(|||24|||14|||26|||0
for|||16|||15|||0|||0
(|||25|||15|||1|||0
{|||3|||15|||20|||0
for|||17|||16|||12|||0
(|||26|||16|||13|||0
(|||27|||16|||24|||0
(|||28|||16|||31|||0
(|||29|||16|||37|||0
for|||18|||17|||13|||0
(|||31|||17|||14|||0
for|||19|||18|||13|||0
(|||32|||18|||14|||0
for|||20|||19|||7|||0
(|||33|||19|||8|||0
(|||34|||19|||19|||0
(|||35|||19|||30|||0
(|||36|||19|||31|||0
for|||21|||20|||0|||0
(|||38|||20|||1|||0
for|||22|||20|||18|||0
(|||39|||20|||19|||0
(|||40|||20|||39|||0
{|||4|||20|||52|||0
for|||23|||21|||0|||0
(|||41|||21|||1|||0
{|||5|||21|||18|||0
for|||24|||21|||24|||0
(|||42|||21|||25|||0
(|||43|||21|||43|||0
for|||25|||22|||0|||0
(|||44|||22|||1|||0
{|||6|||22|||16|||0
(|||45|||22|||32|||0
for|||26|||23|||0|||0
(|||46|||23|||1|||0
{|||7|||23|||14|||0
for|||27|||23|||20|||0
(|||47|||23|||21|||0
{|||8|||23|||34|||0
(|||48|||23|||40|||0
(|||49|||23|||51|||0
(|||50|||23|||57|||0
(|||51|||23|||69|||0
for|||28|||24|||17|||0
(|||52|||24|||18|||0
{|||9|||24|||31|||0
(|||53|||24|||34|||0
(|||54|||24|||42|||0
(|||55|||24|||54|||0
for|||29|||25|||9|||0
(|||56|||25|||10|||0
for|||30|||26|||14|||0
(|||57|||26|||15|||0
(|||58|||26|||26|||0
(|||59|||26|||33|||0
for|||31|||27|||7|||0
(|||61|||27|||8|||0
(|||62|||27|||19|||0
(|||63|||27|||30|||0
(|||64|||27|||31|||0
(|||65|||27|||34|||0
for|||32|||28|||0|||0
(|||67|||28|||1|||0
{|||10|||28|||14|||0
for|||33|||28|||20|||0
(|||68|||28|||21|||0
(|||69|||28|||37|||0
(|||70|||28|||49|||0
(|||71|||28|||59|||0
(|||72|||29|||11|||0
for|||34|||29|||21|||0
(|||73|||29|||22|||0
(|||74|||29|||45|||0
(|||75|||30|||6|||0
{|||11|||30|||11|||0
(|||76|||30|||17|||0
(|||77|||31|||10|||0
{|||12|||31|||15|||0
(|||78|||32|||6|||0
{|||13|||32|||11|||0
(|||79|||32|||17|||0
(|||80|||33|||6|||0
{|||14|||33|||11|||0
(|||81|||33|||17|||0
(|||82|||34|||10|||0
{|||15|||34|||15|||0
(|||83|||35|||23|||0
{|||17|||35|||30|||0
(|||84|||35|||36|||0
(|||85|||36|||10|||0
{|||18|||36|||15|||0
(|||86|||36|||21|||0
(|||87|||37|||10|||0
{|||19|||37|||17|||0
(|||88|||38|||16|||0
{|||20|||38|||21|||0
(|||89|||38|||27|||0
(|||90|||39|||10|||0
{|||21|||39|||15|||0
(|||91|||40|||10|||0
{|||22|||40|||15|||0
(|||92|||41|||13|||0
{|||23|||41|||20|||0
(|||93|||41|||22|||0
(|||94|||42|||13|||0
{|||24|||42|||20|||0
(|||95|||42|||22|||0
(|||96|||43|||12|||0
{|||25|||43|||17|||0
(|||97|||44|||14|||0
{|||26|||44|||21|||0
(|||98|||44|||23|||0
(|||99|||45|||8|||0
{|||27|||45|||17|||0
(|||100|||46|||17|||0
(|||101|||46|||23|||0
{|||28|||46|||26|||0
(|||102|||46|||28|||0
(|||103|||46|||34|||0
(|||105|||47|||14|||0
{|||29|||47|||19|||0
(|||106|||48|||18|||0
{|||30|||48|||23|||0
(|||107|||49|||13|||0
(|||108|||49|||19|||0
{|||31|||49|||22|||0
(|||109|||49|||28|||0
(|||110|||49|||29|||0
(|||112|||50|||6|||0
{|||32|||50|||15|||0
(|||113|||50|||22|||0
{|||33|||50|||33|||0
(|||114|||50|||35|||0
{|||34|||50|||48|||0
(|||115|||51|||6|||0
{|||35|||51|||15|||0
(|||116|||51|||28|||0
{|||36|||51|||35|||0
(|||117|||51|||37|||0
(|||118|||52|||6|||0
{|||37|||52|||13|||0
(|||119|||52|||29|||0
{|||38|||52|||41|||0
(|||120|||53|||6|||0
{|||39|||53|||11|||0
(|||121|||53|||22|||0
{|||40|||53|||27|||0
(|||122|||53|||33|||0
(|||123|||53|||44|||0
(|||124|||53|||50|||0
(|||125|||53|||65|||0
(|||126|||54|||22|||0
{|||41|||54|||27|||0
(|||127|||54|||30|||0
(|||128|||54|||38|||0
(|||129|||54|||53|||0
(|||130|||55|||10|||0
{|||42|||55|||15|||0
(|||131|||56|||19|||0
(|||132|||56|||25|||0
{|||43|||56|||28|||0
(|||133|||56|||30|||0
(|||135|||57|||13|||0
(|||136|||57|||19|||0
{|||44|||57|||22|||0
(|||137|||57|||28|||0
(|||138|||57|||29|||0
(|||139|||57|||32|||0
(|||141|||58|||6|||0
{|||45|||58|||11|||0
(|||142|||58|||22|||0
{|||46|||58|||29|||0
(|||143|||58|||31|||0
(|||144|||58|||47|||0
(|||145|||58|||57|||0
(|||146|||59|||11|||0
(|||147|||59|||22|||0
(|||148|||59|||43|||0
i|||1|||0|||3|||1
i|||2|||0|||7|||1
i|||3|||0|||11|||1
i|||4|||0|||20|||1
i|||5|||1|||8|||1
i|||6|||1|||12|||1
i|||7|||1|||16|||1
i|||8|||1|||21|||1
i|||9|||2|||3|||1
i|||10|||2|||7|||1
i|||11|||2|||11|||1
i|||12|||2|||21|||1
i|||13|||3|||3|||1
i|||14|||3|||7|||1
i|||15|||3|||11|||1
i|||16|||3|||21|||1
i|||17|||4|||8|||1
i|||18|||4|||12|||1
i|||19|||4|||16|||1
i|||20|||4|||21|||1
i|||21|||5|||20|||1
i|||22|||5|||24|||1
i|||23|||5|||30|||1
i|||24|||5|||41|||1
i|||25|||6|||3|||1
i|||26|||6|||11|||1
i|||27|||6|||15|||1
i|||28|||6|||26|||1
i|||29|||7|||8|||1
i|||30|||7|||12|||1
i|||31|||7|||18|||1
i|||32|||7|||25|||1
i|||33|||8|||14|||1
i|||34|||8|||18|||1
i|||35|||8|||22|||1
i|||36|||11|||11|||1
i|||37|||11|||15|||1
i|||38|||11|||21|||1
i|||39|||11|||28|||1
i|||40|||11|||37|||1
i|||41|||12|||11|||1
i|||42|||12|||15|||1
i|||43|||12|||21|||1
i|||44|||12|||28|||1
i|||45|||12|||37|||1
i|||46|||14|||12|||1
i|||47|||14|||16|||1
i|||48|||14|||22|||1
i|||49|||14|||29|||1
i|||50|||15|||3|||1
i|||51|||15|||9|||1
i|||52|||15|||17|||1
i|||53|||15|||25|||1
i|||54|||15|||30|||1
i|||55|||15|||39|||1
i|||56|||15|||50|||1
i|||57|||16|||15|||1
i|||58|||16|||19|||1
i|||59|||16|||27|||1
i|||60|||16|||42|||1
i|||61|||18|||16|||1
i|||62|||18|||20|||1
i|||63|||18|||24|||1
i|||64|||19|||10|||1
i|||65|||19|||14|||1
i|||66|||19|||22|||1
i|||67|||19|||38|||1
i|||68|||20|||3|||1
i|||69|||20|||7|||1
i|||70|||20|||15|||1
i|||71|||20|||31|||1
i|||72|||21|||3|||1
i|||73|||21|||7|||1
i|||74|||21|||15|||1
i|||75|||21|||22|||1
i|||76|||21|||29|||1
i|||77|||21|||63|||1
i|||78|||21|||68|||1
i|||79|||22|||3|||1
i|||80|||22|||7|||1
i|||81|||22|||13|||1
i|||82|||22|||22|||1
i|||83|||22|||27|||1
i|||84|||23|||3|||1
i|||85|||23|||7|||1
i|||86|||23|||11|||1
i|||87|||23|||29|||1
i|||88|||23|||52|||1
i|||89|||24|||20|||1
i|||90|||24|||24|||1
i|||91|||24|||28|||1
i|||92|||24|||37|||1
i|||93|||24|||43|||1
i|||94|||26|||17|||1
i|||95|||26|||21|||1
i|||96|||26|||29|||1
i|||97|||26|||38|||1
i|||98|||27|||10|||1
i|||99|||27|||14|||1
i|||100|||27|||22|||1
i|||101|||27|||39|||1
i|||102|||28|||3|||1
i|||103|||28|||7|||1
i|||104|||28|||11|||1
i|||105|||28|||29|||1
i|||106|||28|||38|||1
i|||107|||28|||60|||1
i|||108|||30|||1|||1
i|||109|||30|||7|||1
i|||110|||30|||18|||1
i|||111|||30|||24|||1
i|||112|||31|||5|||1
i|||113|||31|||11|||1
i|||114|||31|||18|||1
i|||115|||31|||20|||1
i|||116|||32|||1|||1
i|||117|||32|||7|||1
i|||118|||32|||18|||1
i|||119|||32|||24|||1
i|||120|||33|||1|||1
i|||121|||33|||7|||1
i|||122|||33|||18|||1
i|||123|||33|||24|||1
i|||124|||34|||5|||1
i|||125|||34|||11|||1
i|||126|||34|||18|||1
i|||127|||34|||20|||1
i|||128|||35|||18|||1
i|||129|||35|||24|||1
i|||130|||35|||39|||1
i|||131|||35|||46|||1
i|||132|||36|||1|||1
i|||133|||36|||11|||1
i|||134|||36|||24|||1
i|||135|||36|||31|||1
i|||136|||37|||5|||1
i|||137|||37|||11|||1
i|||138|||37|||22|||1
i|||139|||37|||25|||1
i|||140|||38|||11|||1
i|||141|||38|||17|||1
i|||142|||38|||48|||1
i|||143|||41|||8|||1
i|||144|||41|||14|||1
i|||145|||41|||25|||1
i|||146|||41|||34|||1
i|||147|||41|||37|||1
i|||148|||42|||8|||1
i|||149|||42|||14|||1
i|||150|||42|||25|||1
i|||151|||42|||34|||1
i|||152|||42|||37|||1
i|||153|||44|||9|||1
i|||154|||44|||15|||1
i|||155|||44|||26|||1
i|||156|||44|||34|||1
i|||157|||45|||1|||1
i|||158|||45|||9|||1
i|||159|||45|||22|||1
i|||160|||45|||27|||1
i|||161|||45|||36|||1
i|||162|||45|||47|||1
i|||163|||45|||54|||1
i|||164|||46|||12|||1
i|||165|||46|||18|||1
i|||166|||46|||39|||1
i|||167|||46|||49|||1
i|||168|||48|||13|||1
i|||169|||48|||19|||1
i|||170|||48|||28|||1
i|||171|||49|||8|||1
i|||172|||49|||14|||1
i|||173|||49|||36|||1
i|||174|||49|||43|||1
i|||175|||50|||1|||1
i|||176|||50|||7|||1
i|||177|||50|||29|||1
i|||178|||50|||83|||1
i|||179|||51|||1|||1
i|||180|||51|||7|||1
i|||181|||51|||19|||1
i|||182|||51|||23|||1
i|||183|||51|||61|||1
i|||184|||51|||66|||1
i|||185|||51|||81|||1
i|||186|||52|||1|||1
i|||187|||52|||7|||1
i|||188|||52|||19|||1
i|||189|||52|||24|||1
i|||190|||52|||67|||1
i|||191|||53|||1|||1
i|||192|||53|||7|||1
i|||193|||53|||25|||1
i|||194|||53|||45|||1
i|||195|||53|||68|||1
i|||196|||54|||17|||1
i|||197|||54|||23|||1
i|||198|||54|||33|||1
i|||199|||54|||39|||1
i|||200|||54|||44|||1
i|||201|||56|||14|||1
i|||202|||56|||20|||1
i|||203|||56|||35|||1
i|||204|||56|||44|||1
i|||205|||57|||8|||1
i|||206|||57|||14|||1
i|||207|||57|||37|||1
i|||208|||57|||44|||1
i|||209|||58|||1|||1
i|||210|||58|||7|||1
i|||211|||58|||25|||1
i|||212|||58|||32|||1
i|||213|||58|||58|||1
i|||214|||58|||64|||1
int|||1|||0|||2|||2
int|||2|||1|||0|||2
int|||3|||1|||7|||2
int|||4|||2|||2|||2
int|||5|||3|||2|||2
int|||6|||4|||0|||2
int|||7|||4|||7|||2
int|||8|||5|||0|||2
int|||9|||5|||19|||2
int|||10|||6|||2|||2
int|||11|||7|||0|||2
int|||12|||7|||7|||2
int|||13|||8|||0|||2
,|||5|||8|||4|||2
,|||6|||8|||8|||2
int|||14|||8|||13|||2
int|||15|||9|||0|||2
,|||7|||9|||4|||2
int|||16|||10|||0|||2
,|||8|||10|||4|||2
int|||17|||11|||0|||2
int|||18|||11|||10|||2
int|||19|||12|||0|||2
int|||20|||12|||10|||2
int|||21|||13|||0|||2
,|||9|||13|||4|||2
int|||22|||13|||11|||2
int|||23|||14|||0|||2
,|||12|||14|||4|||2
int|||24|||14|||11|||2
int|||25|||15|||2|||2
,|||13|||15|||6|||2
String|||1|||16|||0|||2
int|||26|||16|||7|||2
int|||27|||16|||14|||2
int|||28|||17|||0|||2
,|||14|||17|||4|||2
,|||15|||17|||8|||2
int|||29|||18|||0|||2
,|||16|||18|||4|||2
,|||17|||18|||8|||2
int|||30|||18|||15|||2
String|||2|||19|||0|||2
int|||31|||19|||9|||2
int|||32|||19|||32|||2
int|||33|||20|||2|||2
int|||34|||20|||20|||2
int|||35|||20|||53|||2
int|||36|||21|||2|||2
int|||37|||21|||19|||2
int|||38|||21|||26|||2
int|||39|||21|||58|||2
int|||40|||22|||2|||2
int|||41|||22|||17|||2
,|||18|||22|||24|||2
int|||42|||23|||2|||2
int|||43|||23|||15|||2
int|||44|||23|||22|||2
int|||45|||24|||0|||2
,|||19|||24|||4|||2
,|||20|||24|||8|||2
,|||21|||24|||12|||2
int|||46|||24|||19|||2
int|||47|||25|||0|||2
,|||22|||25|||4|||2
String|||3|||26|||0|||2
int|||48|||26|||9|||2
int|||49|||26|||16|||2
String|||4|||27|||0|||2
int|||50|||27|||9|||2
int|||51|||28|||2|||2
int|||52|||28|||15|||2
int|||53|||28|||22|||2
int|||54|||29|||0|||2
,|||23|||29|||4|||2
,|||24|||29|||8|||2
int|||55|||30|||0|||2
int|||56|||31|||0|||2
,|||25|||31|||4|||2
int|||57|||32|||0|||2
int|||58|||33|||0|||2
int|||59|||34|||0|||2
,|||26|||34|||4|||2
int|||60|||35|||0|||2
int|||61|||35|||17|||2
int|||62|||36|||0|||2
int|||63|||37|||0|||2
,|||31|||37|||4|||2
int|||64|||38|||0|||2
,|||32|||38|||4|||2
,|||33|||38|||8|||2
,|||34|||38|||10|||2
int|||65|||39|||0|||2
,|||35|||39|||4|||2
int|||66|||40|||0|||2
,|||36|||40|||4|||2
int|||67|||41|||0|||2
,|||37|||41|||7|||2
int|||68|||42|||0|||2
,|||38|||42|||7|||2
int|||69|||43|||0|||2
,|||39|||43|||4|||2
,|||40|||43|||8|||2
int|||70|||44|||0|||2
,|||41|||44|||4|||2
,|||42|||44|||8|||2
int|||71|||45|||0|||2
,|||43|||45|||4|||2
String|||5|||46|||0|||2
int|||72|||46|||7|||2
,|||44|||46|||11|||2
int|||73|||47|||0|||2
,|||45|||47|||4|||2
,|||46|||47|||8|||2
int|||74|||48|||0|||2
,|||47|||48|||4|||2
,|||48|||48|||8|||2
,|||49|||48|||12|||2
String|||6|||49|||0|||2
int|||75|||49|||7|||2
int|||76|||49|||30|||2
int|||77|||50|||0|||2
int|||78|||50|||16|||2
int|||79|||50|||49|||2
int|||80|||51|||0|||2
int|||81|||51|||16|||2
,|||50|||51|||20|||2
int|||82|||51|||56|||2
int|||83|||52|||0|||2
int|||84|||52|||14|||2
,|||51|||52|||21|||2
int|||85|||53|||0|||2
int|||86|||53|||12|||2
,|||52|||53|||16|||2
int|||87|||54|||0|||2
,|||53|||54|||4|||2
,|||54|||54|||8|||2
,|||55|||54|||12|||2
,|||56|||54|||16|||2
int|||88|||55|||0|||2
,|||57|||55|||4|||2
String|||7|||56|||0|||2
int|||89|||56|||9|||2
,|||58|||56|||13|||2
String|||8|||57|||0|||2
int|||90|||57|||7|||2
int|||91|||58|||0|||2
int|||92|||58|||12|||2
,|||59|||58|||16|||2
int|||93|||59|||0|||2
,|||60|||59|||4|||2
,|||61|||59|||8|||2
=|||1|||0|||4|||3
1|||1|||0|||5|||3
=|||2|||1|||2|||3
0|||1|||1|||3|||3
=|||3|||1|||9|||3
1|||2|||1|||10|||3
=|||4|||2|||4|||3
2|||1|||2|||5|||3
=|||5|||3|||4|||3
1|||3|||3|||5|||3
=|||6|||4|||2|||3
1|||4|||4|||3|||3
=|||7|||4|||9|||3
1|||5|||4|||10|||3
=|||8|||5|||4|||3
=|||9|||5|||21|||3
0|||2|||5|||22|||3
=|||10|||6|||4|||3
0|||3|||6|||13|||3
=|||11|||7|||2|||3
0|||4|||7|||3|||3
=|||12|||7|||9|||3
0|||5|||7|||10|||3
=|||13|||8|||2|||3
0|||6|||8|||3|||3
=|||14|||8|||6|||3
1|||8|||8|||7|||3
=|||15|||8|||15|||3
0|||7|||8|||16|||3
=|||19|||9|||2|||3
=|||20|||9|||6|||3
0|||8|||9|||7|||3
0|||9|||9|||14|||3
=|||21|||10|||2|||3
0|||10|||10|||3|||3
=|||22|||10|||6|||3
0|||11|||10|||14|||3
=|||24|||11|||2|||3
0|||12|||11|||5|||3
=|||25|||11|||12|||3
1|||9|||11|||13|||3
=|||27|||12|||2|||3
0|||13|||12|||5|||3
=|||28|||12|||12|||3
1|||10|||12|||13|||3
=|||30|||13|||2|||3
=|||31|||13|||6|||3
0|||14|||13|||16|||3
=|||35|||14|||2|||3
=|||36|||14|||6|||3
1|||11|||14|||7|||3
=|||37|||14|||13|||3
2|||5|||14|||14|||3
0|||15|||14|||31|||3
0|||16|||14|||35|||3
=|||39|||15|||4|||3
0|||17|||15|||5|||3
=|||43|||16|||2|||3
=|||44|||16|||9|||3
0|||18|||16|||10|||3
=|||45|||16|||16|||3
0|||19|||16|||17|||3
=|||46|||17|||2|||3
=|||47|||17|||6|||3
0|||20|||17|||7|||3
=|||48|||17|||10|||3
0|||21|||17|||18|||3
=|||50|||18|||2|||3
=|||51|||18|||6|||3
=|||52|||18|||10|||3
1|||15|||18|||11|||3
=|||53|||18|||17|||3
0|||22|||18|||18|||3
=|||54|||19|||2|||3
=|||55|||19|||11|||3
0|||23|||19|||12|||3
=|||56|||20|||4|||3
0|||24|||20|||5|||3
=|||57|||20|||22|||3
0|||25|||20|||23|||3
=|||61|||21|||4|||3
0|||26|||21|||5|||3
=|||62|||21|||21|||3
=|||63|||21|||28|||3
=|||68|||22|||4|||3
1|||23|||22|||5|||3
=|||69|||22|||19|||3
=|||70|||22|||26|||3
0|||27|||22|||35|||3
=|||73|||23|||4|||3
0|||28|||23|||5|||3
=|||74|||23|||17|||3
1|||27|||23|||18|||3
=|||75|||23|||24|||3
0|||29|||23|||25|||3
=|||77|||24|||2|||3
=|||78|||24|||6|||3
=|||79|||24|||10|||3
1|||29|||24|||11|||3
=|||80|||24|||14|||3
1|||30|||24|||15|||3
=|||81|||24|||21|||3
0|||30|||24|||22|||3
=|||82|||25|||2|||3
=|||83|||25|||6|||3
0|||31|||25|||7|||3
0|||32|||25|||14|||3
=|||84|||26|||2|||3
=|||85|||26|||11|||3
1|||32|||26|||12|||3
=|||86|||26|||18|||3
0|||33|||26|||19|||3
=|||87|||27|||2|||3
=|||88|||27|||11|||3
0|||34|||27|||12|||3
=|||89|||28|||4|||3
2|||10|||28|||5|||3
=|||90|||28|||17|||3
1|||33|||28|||18|||3
=|||91|||28|||24|||3
0|||35|||28|||42|||3
0|||36|||28|||46|||3
=|||93|||29|||2|||3
=|||94|||29|||6|||3
=|||95|||29|||10|||3
0|||37|||29|||28|||3
0|||38|||29|||34|||3
=|||96|||30|||2|||3
1|||35|||30|||3|||3
=|||97|||31|||2|||3
0|||39|||31|||3|||3
=|||98|||31|||6|||3
1|||36|||31|||7|||3
=|||99|||32|||2|||3
2|||13|||32|||3|||3
=|||100|||33|||2|||3
1|||37|||33|||3|||3
=|||101|||34|||2|||3
1|||38|||34|||3|||3
=|||102|||34|||6|||3
1|||39|||34|||7|||3
=|||103|||35|||4|||3
=|||104|||35|||19|||3
0|||40|||35|||20|||3
=|||105|||36|||2|||3
0|||41|||36|||13|||3
=|||106|||37|||2|||3
0|||42|||37|||3|||3
=|||107|||37|||6|||3
0|||43|||37|||7|||3
=|||108|||38|||2|||3
0|||44|||38|||3|||3
=|||109|||38|||6|||3
1|||42|||38|||7|||3
=|||110|||38|||12|||3
0|||45|||38|||13|||3
=|||114|||39|||2|||3
=|||115|||39|||6|||3
0|||46|||39|||7|||3
0|||47|||39|||13|||3
=|||116|||40|||2|||3
0|||48|||40|||3|||3
=|||117|||40|||6|||3
0|||49|||40|||13|||3
=|||119|||41|||2|||3
0|||50|||41|||5|||3
=|||120|||41|||9|||3
1|||43|||41|||10|||3
=|||122|||42|||2|||3
0|||51|||42|||5|||3
=|||123|||42|||9|||3
1|||44|||42|||10|||3
=|||125|||43|||2|||3
=|||126|||43|||6|||3
0|||52|||43|||15|||3
=|||130|||44|||2|||3
=|||131|||44|||6|||3
1|||45|||44|||7|||3
=|||132|||44|||10|||3
0|||53|||44|||28|||3
0|||54|||44|||32|||3
=|||134|||45|||2|||3
0|||55|||45|||3|||3
=|||138|||46|||2|||3
=|||139|||46|||9|||3
0|||56|||46|||10|||3
=|||140|||46|||13|||3
0|||57|||46|||14|||3
=|||141|||47|||2|||3
=|||142|||47|||6|||3
0|||58|||47|||7|||3
=|||143|||47|||10|||3
0|||59|||47|||17|||3
=|||145|||48|||2|||3
=|||146|||48|||6|||3
=|||147|||48|||10|||3
1|||49|||48|||11|||3
=|||148|||48|||14|||3
0|||60|||48|||15|||3
=|||149|||49|||2|||3
=|||150|||49|||9|||3
0|||61|||49|||10|||3
=|||151|||50|||2|||3
0|||62|||50|||3|||3
=|||152|||50|||18|||3
0|||63|||50|||19|||3
=|||156|||51|||2|||3
0|||64|||51|||3|||3
=|||157|||51|||18|||3
=|||158|||51|||22|||3
=|||163|||52|||2|||3
1|||57|||52|||3|||3
=|||165|||52|||23|||3
0|||65|||52|||32|||3
=|||168|||53|||2|||3
0|||66|||53|||3|||3
=|||169|||53|||14|||3
1|||61|||53|||15|||3
=|||170|||53|||18|||3
0|||67|||53|||19|||3
=|||172|||54|||2|||3
=|||173|||54|||6|||3
=|||174|||54|||10|||3
1|||63|||54|||11|||3
=|||175|||54|||14|||3
1|||64|||54|||15|||3
=|||176|||54|||18|||3
0|||68|||54|||19|||3
=|||177|||55|||2|||3
=|||178|||55|||6|||3
0|||69|||55|||7|||3
0|||70|||55|||13|||3
=|||179|||56|||2|||3
=|||180|||56|||11|||3
1|||66|||56|||12|||3
=|||181|||56|||15|||3
0|||71|||56|||16|||3
=|||182|||57|||2|||3
=|||183|||57|||9|||3
0|||72|||57|||10|||3
=|||184|||58|||2|||3
2|||22|||58|||3|||3
=|||185|||58|||14|||3
1|||67|||58|||15|||3
=|||186|||58|||18|||3
0|||74|||58|||40|||3
=|||188|||59|||2|||3
=|||189|||59|||6|||3
=|||190|||59|||10|||3
0|||75|||59|||27|||3
0|||76|||59|||33|||3
)|||1|||0|||13|||4
System|||1|||0|||14|||4
.|||1|||0|||15|||4
out|||1|||0|||16|||4
.|||2|||0|||17|||4
print|||1|||0|||18|||4
"|||1|||0|||22|||4
"|||2|||0|||23|||4
)|||2|||0|||24|||4
)|||3|||1|||18|||4
)|||4|||2|||14|||4
System|||2|||2|||15|||4
.|||3|||2|||16|||4
out|||2|||2|||17|||4
.|||4|||2|||18|||4
print|||2|||2|||19|||4
"|||3|||2|||23|||4
"|||4|||2|||24|||4
)|||5|||2|||25|||4
)|||6|||3|||14|||4
System|||3|||3|||15|||4
.|||5|||3|||16|||4
out|||3|||3|||17|||4
.|||6|||3|||18|||4
print|||3|||3|||19|||4
"|||5|||3|||23|||4
"|||6|||3|||24|||4
)|||7|||3|||25|||4
)|||8|||4|||18|||4
}|||1|||5|||15|||4
)|||9|||5|||32|||4
System|||4|||5|||33|||4
.|||8|||5|||34|||4
out|||4|||5|||35|||4
.|||9|||5|||36|||4
print|||4|||5|||37|||4
"|||7|||5|||44|||4
"|||8|||5|||45|||4
)|||10|||5|||46|||4
)|||11|||6|||17|||4
System|||5|||6|||18|||4
.|||11|||6|||19|||4
out|||5|||6|||20|||4
.|||12|||6|||21|||4
print|||5|||6|||22|||4
"|||9|||6|||29|||4
"|||10|||6|||30|||4
)|||12|||6|||31|||4
)|||13|||7|||20|||4
)|||14|||8|||24|||4
System|||6|||8|||26|||4
.|||14|||8|||27|||4
out|||6|||8|||28|||4
.|||15|||8|||29|||4
print|||6|||8|||30|||4
"|||11|||8|||34|||4
"|||12|||8|||35|||4
)|||15|||8|||36|||4
)|||16|||9|||19|||4
)|||17|||10|||19|||4
)|||18|||11|||23|||4
)|||19|||11|||32|||4
)|||20|||12|||23|||4
)|||21|||12|||32|||4
)|||22|||13|||31|||4
)|||23|||14|||24|||4
)|||24|||14|||32|||4
)|||25|||15|||19|||4
)|||26|||16|||25|||4
)|||27|||16|||29|||4
"|||16|||16|||34|||4
.|||22|||16|||35|||4
)|||28|||16|||43|||4
)|||29|||16|||44|||4
)|||30|||16|||48|||4
)|||31|||17|||23|||4
)|||32|||18|||26|||4
"|||18|||19|||5|||4
)|||33|||19|||20|||4
)|||34|||19|||24|||4
System|||7|||19|||25|||4
.|||25|||19|||26|||4
out|||7|||19|||27|||4
.|||26|||19|||28|||4
print|||7|||19|||29|||4
)|||35|||19|||33|||4
)|||36|||19|||39|||4
"|||19|||19|||41|||4
"|||20|||19|||42|||4
)|||37|||19|||43|||4
)|||38|||20|||17|||4
)|||39|||20|||37|||4
)|||40|||20|||51|||4
)|||41|||21|||17|||4
)|||42|||21|||41|||4
)|||43|||21|||53|||4
)|||44|||22|||15|||4
)|||45|||22|||43|||4
)|||46|||23|||13|||4
)|||47|||23|||33|||4
System|||8|||23|||35|||4
.|||33|||23|||36|||4
out|||8|||23|||37|||4
.|||34|||23|||38|||4
print|||8|||23|||39|||4
"|||21|||23|||43|||4
"|||22|||23|||44|||4
)|||48|||23|||45|||4
)|||49|||23|||55|||4
)|||50|||23|||61|||4
System|||9|||23|||64|||4
.|||35|||23|||65|||4
out|||9|||23|||66|||4
.|||36|||23|||67|||4
println|||1|||23|||68|||4
)|||51|||23|||70|||4
)|||52|||24|||30|||4
)|||53|||24|||38|||4
)|||54|||24|||46|||4
System|||10|||24|||49|||4
.|||37|||24|||50|||4
out|||10|||24|||51|||4
.|||38|||24|||52|||4
print|||9|||24|||53|||4
)|||55|||24|||58|||4
)|||56|||25|||19|||4
"|||24|||26|||7|||4
)|||57|||26|||27|||4
)|||58|||26|||31|||4
)|||59|||26|||39|||4
'|||2|||26|||42|||4
)|||60|||26|||43|||4
"|||26|||27|||5|||4
)|||61|||27|||20|||4
)|||62|||27|||24|||4
System|||11|||27|||25|||4
.|||42|||27|||26|||4
out|||11|||27|||27|||4
.|||43|||27|||28|||4
print|||10|||27|||29|||4
)|||63|||27|||33|||4
)|||64|||27|||40|||4
)|||65|||27|||43|||4
)|||66|||27|||44|||4
)|||67|||28|||13|||4
)|||68|||28|||35|||4
)|||69|||28|||43|||4
)|||70|||28|||53|||4
System|||12|||28|||54|||4
.|||45|||28|||55|||4
out|||12|||28|||56|||4
.|||46|||28|||57|||4
print|||11|||28|||58|||4
"|||27|||28|||62|||4
"|||28|||28|||63|||4
)|||71|||28|||64|||4
)|||72|||29|||15|||4
)|||73|||29|||38|||4
System|||13|||29|||40|||4
.|||47|||29|||41|||4
out|||13|||29|||42|||4
.|||48|||29|||43|||4
print|||12|||29|||44|||4
)|||74|||29|||47|||4
)|||75|||30|||10|||4
System|||14|||30|||12|||4
.|||49|||30|||13|||4
out|||14|||30|||14|||4
.|||50|||30|||15|||4
print|||13|||30|||16|||4
"|||29|||30|||20|||4
"|||30|||30|||21|||4
)|||76|||30|||22|||4
)|||77|||31|||14|||4
)|||78|||32|||10|||4
System|||15|||32|||12|||4
.|||51|||32|||13|||4
out|||15|||32|||14|||4
.|||52|||32|||15|||4
print|||14|||32|||16|||4
"|||31|||32|||20|||4
"|||32|||32|||21|||4
)|||79|||32|||22|||4
)|||80|||33|||10|||4
System|||16|||33|||12|||4
.|||53|||33|||13|||4
out|||16|||33|||14|||4
.|||54|||33|||15|||4
print|||15|||33|||16|||4
"|||33|||33|||20|||4
"|||34|||33|||21|||4
)|||81|||33|||22|||4
)|||82|||34|||14|||4
}|||16|||35|||15|||4
)|||83|||35|||29|||4
System|||17|||35|||31|||4
.|||56|||35|||32|||4
out|||17|||35|||33|||4
.|||57|||35|||34|||4
print|||16|||35|||35|||4
"|||35|||35|||42|||4
"|||36|||35|||43|||4
)|||84|||35|||44|||4
)|||85|||36|||14|||4
System|||18|||36|||16|||4
.|||59|||36|||17|||4
out|||18|||36|||18|||4
.|||60|||36|||19|||4
print|||17|||36|||20|||4
"|||37|||36|||27|||4
"|||38|||36|||28|||4
)|||86|||36|||29|||4
)|||87|||37|||16|||4
)|||88|||38|||20|||4
System|||19|||38|||22|||4
.|||62|||38|||23|||4
out|||19|||38|||24|||4
.|||63|||38|||25|||4
print|||18|||38|||26|||4
"|||39|||38|||30|||4
"|||40|||38|||31|||4
)|||89|||38|||32|||4
)|||90|||39|||14|||4
)|||91|||40|||14|||4
)|||92|||41|||19|||4
)|||93|||41|||29|||4
)|||94|||42|||19|||4
)|||95|||42|||29|||4
)|||96|||43|||16|||4
)|||97|||44|||20|||4
)|||98|||44|||29|||4
)|||99|||45|||16|||4
"|||42|||46|||5|||4
)|||100|||46|||24|||4
)|||101|||46|||25|||4
"|||44|||46|||31|||4
.|||70|||46|||32|||4
)|||102|||46|||40|||4
)|||103|||46|||41|||4
)|||104|||46|||45|||4
)|||105|||47|||18|||4
)|||106|||48|||22|||4
"|||46|||49|||5|||4
)|||107|||49|||20|||4
)|||108|||49|||21|||4
System|||20|||49|||23|||4
.|||73|||49|||24|||4
out|||20|||49|||25|||4
.|||74|||49|||26|||4
print|||19|||49|||27|||4
)|||109|||49|||31|||4
)|||110|||49|||37|||4
"|||47|||49|||39|||4
"|||48|||49|||40|||4
)|||111|||49|||41|||4
)|||112|||50|||14|||4
)|||113|||50|||32|||4
)|||114|||50|||47|||4
)|||115|||51|||14|||4
)|||116|||51|||34|||4
)|||117|||51|||47|||4
)|||118|||52|||12|||4
)|||119|||52|||40|||4
)|||120|||53|||10|||4
)|||121|||53|||26|||4
System|||21|||53|||28|||4
.|||81|||53|||29|||4
out|||21|||53|||30|||4
.|||82|||53|||31|||4
print|||20|||53|||32|||4
"|||49|||53|||36|||4
"|||50|||53|||37|||4
)|||122|||53|||38|||4
)|||123|||53|||48|||4
)|||124|||53|||54|||4
System|||22|||53|||60|||4
.|||83|||53|||61|||4
out|||22|||53|||62|||4
.|||84|||53|||63|||4
println|||2|||53|||64|||4
)|||125|||53|||66|||4
)|||126|||54|||26|||4
)|||127|||54|||34|||4
)|||128|||54|||42|||4
System|||23|||54|||48|||4
.|||85|||54|||49|||4
out|||23|||54|||50|||4
.|||86|||54|||51|||4
print|||21|||54|||52|||4
)|||129|||54|||57|||4
)|||130|||55|||14|||4
"|||52|||56|||7|||4
)|||131|||56|||26|||4
)|||132|||56|||27|||4
)|||133|||56|||36|||4
'|||4|||56|||39|||4
)|||134|||56|||40|||4
"|||54|||57|||5|||4
)|||135|||57|||20|||4
)|||136|||57|||21|||4
System|||24|||57|||23|||4
.|||90|||57|||24|||4
out|||24|||57|||25|||4
.|||91|||57|||26|||4
print|||22|||57|||27|||4
)|||137|||57|||31|||4
)|||138|||57|||38|||4
)|||139|||57|||41|||4
)|||140|||57|||42|||4
)|||141|||58|||10|||4
)|||142|||58|||28|||4
)|||143|||58|||37|||4
)|||144|||58|||51|||4
System|||25|||58|||52|||4
.|||93|||58|||53|||4
out|||25|||58|||54|||4
.|||94|||58|||55|||4
print|||23|||58|||56|||4
"|||55|||58|||60|||4
"|||56|||58|||61|||4
)|||145|||58|||62|||4
)|||146|||59|||15|||4
)|||147|||59|||34|||4
System|||26|||59|||38|||4
.|||95|||59|||39|||4
out|||26|||59|||40|||4
.|||96|||59|||41|||4
print|||24|||59|||42|||4
)|||148|||59|||45|||4
;|||3|||0|||25|||5
;|||4|||1|||4|||5
;|||7|||1|||22|||5
;|||10|||2|||26|||5
;|||13|||3|||26|||5
;|||14|||4|||4|||5
;|||17|||4|||22|||5
;|||18|||5|||16|||5
;|||21|||5|||47|||5
;|||24|||6|||32|||5
;|||25|||7|||4|||5
;|||28|||7|||27|||5
;|||29|||8|||10|||5
;|||32|||8|||37|||5
;|||33|||8|||43|||5
;|||34|||8|||47|||5
;|||35|||8|||51|||5
}|||2|||8|||52|||5
;|||36|||9|||8|||5
;|||39|||9|||22|||5
;|||40|||10|||8|||5
;|||43|||10|||29|||5
;|||44|||11|||7|||5
;|||47|||11|||39|||5
;|||48|||12|||7|||5
;|||51|||12|||39|||5
;|||52|||13|||8|||5
;|||55|||13|||32|||5
;|||56|||14|||8|||5
;|||59|||14|||36|||5
;|||62|||15|||27|||5
;|||63|||15|||43|||5
;|||64|||15|||56|||5
}|||3|||15|||57|||5
;|||65|||16|||6|||5
;|||66|||16|||11|||5
;|||69|||16|||51|||5
;|||70|||17|||12|||5
;|||73|||17|||33|||5
;|||74|||18|||12|||5
;|||77|||18|||30|||5
;|||78|||19|||6|||5
;|||81|||19|||44|||5
;|||86|||20|||60|||5
;|||87|||20|||72|||5
;|||88|||20|||81|||5
}|||4|||20|||82|||5
;|||91|||21|||23|||5
;|||94|||21|||57|||5
;|||95|||21|||65|||5
;|||96|||21|||75|||5
;|||97|||21|||82|||5
}|||5|||21|||83|||5
;|||100|||22|||30|||5
;|||101|||22|||56|||5
;|||102|||22|||65|||5
}|||6|||22|||66|||5
;|||105|||23|||19|||5
;|||108|||23|||46|||5
;|||109|||23|||62|||5
}|||7|||23|||63|||5
;|||110|||23|||71|||5
}|||8|||23|||72|||5
;|||111|||24|||16|||5
;|||114|||24|||39|||5
;|||115|||24|||47|||5
}|||9|||24|||48|||5
;|||116|||24|||59|||5
;|||117|||25|||8|||5
;|||120|||25|||25|||5
;|||121|||26|||8|||5
;|||122|||26|||13|||5
;|||125|||26|||46|||5
;|||126|||27|||6|||5
;|||129|||27|||45|||5
;|||132|||28|||19|||5
;|||135|||28|||47|||5
;|||136|||28|||65|||5
}|||10|||28|||66|||5
;|||137|||29|||20|||5
;|||140|||29|||39|||5
;|||141|||29|||48|||5
;|||142|||30|||4|||5
;|||143|||30|||23|||5
;|||144|||30|||26|||5
}|||11|||30|||27|||5
;|||145|||31|||8|||5
;|||146|||31|||19|||5
;|||147|||31|||22|||5
}|||12|||31|||23|||5
;|||148|||32|||4|||5
;|||149|||32|||23|||5
;|||150|||32|||27|||5
}|||13|||32|||28|||5
;|||151|||33|||4|||5
;|||152|||33|||23|||5
;|||153|||33|||27|||5
}|||14|||33|||28|||5
;|||154|||34|||8|||5
;|||155|||34|||19|||5
;|||156|||34|||22|||5
}|||15|||34|||23|||5
;|||157|||35|||16|||5
;|||158|||35|||21|||5
;|||159|||35|||45|||5
;|||160|||35|||48|||5
}|||17|||35|||49|||5
;|||161|||36|||8|||5
;|||162|||36|||30|||5
;|||163|||36|||33|||5
}|||18|||36|||34|||5
;|||164|||37|||8|||5
;|||165|||37|||24|||5
;|||166|||37|||27|||5
}|||19|||37|||28|||5
;|||167|||38|||14|||5
;|||168|||38|||33|||5
;|||169|||38|||39|||5
;|||170|||38|||43|||5
;|||171|||38|||47|||5
;|||172|||38|||50|||5
}|||20|||38|||51|||5
;|||173|||39|||8|||5
;|||174|||39|||18|||5
;|||175|||39|||22|||5
}|||21|||39|||23|||5
;|||176|||40|||8|||5
;|||177|||40|||25|||5
;|||178|||40|||29|||5
}|||22|||40|||30|||5
;|||179|||41|||11|||5
;|||180|||41|||36|||5
;|||181|||41|||39|||5
}|||23|||41|||40|||5
;|||182|||42|||11|||5
;|||183|||42|||36|||5
;|||184|||42|||39|||5
}|||24|||42|||40|||5
;|||185|||43|||10|||5
;|||186|||43|||21|||5
;|||187|||43|||27|||5
;|||188|||43|||31|||5
}|||25|||43|||32|||5
;|||189|||44|||12|||5
;|||190|||44|||33|||5
;|||191|||44|||36|||5
}|||26|||44|||37|||5
;|||192|||45|||6|||5
;|||193|||45|||24|||5
;|||194|||45|||40|||5
;|||195|||45|||53|||5
;|||196|||45|||56|||5
}|||27|||45|||57|||5
;|||197|||46|||6|||5
;|||198|||46|||15|||5
;|||199|||46|||48|||5
;|||200|||46|||51|||5
}|||28|||46|||52|||5
;|||201|||47|||12|||5
;|||202|||47|||29|||5
;|||203|||47|||33|||5
}|||29|||47|||34|||5
;|||204|||48|||16|||5
;|||205|||48|||27|||5
;|||206|||48|||30|||5
}|||30|||48|||31|||5
;|||207|||49|||6|||5
;|||208|||49|||11|||5
;|||209|||49|||42|||5
;|||210|||49|||45|||5
}|||31|||49|||46|||5
;|||211|||50|||4|||5
;|||212|||50|||20|||5
;|||213|||50|||56|||5
;|||214|||50|||68|||5
;|||215|||50|||77|||5
}|||32|||50|||78|||5
;|||216|||50|||81|||5
}|||33|||50|||82|||5
;|||217|||50|||85|||5
}|||34|||50|||86|||5
;|||218|||51|||4|||5
;|||219|||51|||26|||5
;|||220|||51|||51|||5
;|||221|||51|||54|||5
}|||35|||51|||55|||5
;|||222|||51|||63|||5
;|||223|||51|||73|||5
;|||224|||51|||80|||5
;|||225|||51|||83|||5
}|||36|||51|||84|||5
;|||226|||52|||4|||5
;|||227|||52|||27|||5
;|||228|||52|||53|||5
;|||229|||52|||56|||5
}|||37|||52|||57|||5
;|||230|||52|||66|||5
;|||231|||52|||69|||5
}|||38|||52|||70|||5
;|||232|||53|||4|||5
;|||233|||53|||20|||5
;|||234|||53|||39|||5
;|||235|||53|||55|||5
;|||236|||53|||58|||5
}|||39|||53|||59|||5
;|||237|||53|||67|||5
;|||238|||53|||70|||5
}|||40|||53|||71|||5
;|||239|||54|||20|||5
;|||240|||54|||35|||5
;|||241|||54|||43|||5
;|||242|||54|||46|||5
}|||41|||54|||47|||5
;|||243|||54|||58|||5
;|||244|||55|||8|||5
;|||245|||55|||21|||5
;|||246|||55|||25|||5
}|||42|||55|||26|||5
;|||247|||56|||8|||5
;|||248|||56|||17|||5
;|||249|||56|||43|||5
;|||250|||56|||46|||5
}|||43|||56|||47|||5
;|||251|||57|||6|||5
;|||252|||57|||11|||5
;|||253|||57|||43|||5
;|||254|||57|||46|||5
}|||44|||57|||47|||5
;|||255|||58|||4|||5
;|||256|||58|||20|||5
;|||257|||58|||41|||5
;|||258|||58|||44|||5
}|||45|||58|||45|||5
;|||259|||58|||63|||5
;|||260|||58|||66|||5
}|||46|||58|||67|||5
;|||261|||59|||20|||5
;|||262|||59|||37|||5
5|||1|||0|||9|||6
sum|||1|||1|||1|||6
5|||2|||1|||14|||6
sum|||2|||1|||19|||6
10|||1|||2|||9|||6
2|||2|||2|||13|||6
10|||2|||3|||9|||6
2|||3|||3|||13|||6
fact|||1|||4|||1|||6
5|||3|||4|||14|||6
fact|||2|||4|||19|||6
arr|||1|||5|||3|||6
1|||6|||5|||6|||6
2|||4|||5|||8|||6
3|||1|||5|||10|||6
4|||1|||5|||12|||6
5|||4|||5|||14|||6
arr|||2|||5|||26|||6
arr|||3|||5|||39|||6
arr|||4|||6|||5|||6
arr|||5|||6|||24|||6
sum|||3|||7|||1|||6
arr|||6|||7|||14|||6
sum|||4|||7|||21|||6
arr|||7|||7|||23|||6
a|||1|||8|||1|||6
b|||1|||8|||5|||6
c|||1|||8|||9|||6
5|||5|||8|||20|||6
a|||2|||8|||32|||6
c|||2|||8|||38|||6
a|||3|||8|||40|||6
b|||2|||8|||42|||6
a|||4|||8|||44|||6
b|||3|||8|||46|||6
b|||4|||8|||48|||6
c|||3|||8|||50|||6
num|||1|||9|||1|||6
12345|||1|||9|||3|||6
count|||1|||9|||5|||6
num|||2|||9|||12|||6
num|||3|||9|||16|||6
10|||3|||9|||18|||6
count|||2|||9|||20|||6
rev|||1|||10|||1|||6
num|||4|||10|||5|||6
1234|||1|||10|||7|||6
num|||5|||10|||12|||6
num|||6|||10|||16|||6
10|||4|||10|||18|||6
rev|||2|||10|||20|||6
rev|||3|||10|||22|||6
10|||5|||10|||24|||6
num|||7|||10|||26|||6
10|||6|||10|||28|||6
max|||1|||11|||1|||6
arr|||8|||11|||3|||6
arr|||9|||11|||17|||6
arr|||10|||11|||26|||6
max|||2|||11|||31|||6
max|||3|||11|||33|||6
arr|||11|||11|||35|||6
min|||1|||12|||1|||6
arr|||12|||12|||3|||6
arr|||13|||12|||17|||6
arr|||14|||12|||26|||6
min|||2|||12|||31|||6
min|||3|||12|||33|||6
arr|||15|||12|||35|||6
a|||5|||13|||1|||6
24|||1|||13|||3|||6
b|||5|||13|||5|||6
36|||1|||13|||7|||6
t|||1|||13|||12|||6
b|||6|||13|||14|||6
t|||2|||13|||18|||6
b|||7|||13|||20|||6
b|||8|||13|||22|||6
a|||6|||13|||24|||6
b|||9|||13|||26|||6
a|||7|||13|||28|||6
t|||3|||13|||30|||6
n|||1|||14|||1|||6
17|||1|||14|||3|||6
flag|||1|||14|||5|||6
n|||2|||14|||18|||6
2|||6|||14|||20|||6
n|||3|||14|||27|||6
flag|||2|||14|||33|||6
temp|||1|||15|||7|||6
arr|||16|||15|||11|||6
2|||7|||15|||15|||6
temp|||2|||15|||21|||6
arr|||17|||15|||23|||6
arr|||18|||15|||28|||6
arr|||19|||15|||33|||6
arr|||20|||15|||35|||6
arr|||21|||15|||44|||6
arr|||22|||15|||46|||6
temp|||3|||15|||55|||6
str|||1|||16|||1|||6
"|||13|||16|||3|||6
hello|||1|||16|||4|||6
"|||14|||16|||5|||6
vc|||1|||16|||8|||6
str|||2|||16|||21|||6
"|||15|||16|||32|||6
aeiou|||1|||16|||33|||6
str|||3|||16|||38|||6
vc|||2|||16|||49|||6
num|||8|||17|||1|||6
121|||1|||17|||3|||6
rev|||4|||17|||5|||6
temp|||4|||17|||9|||6
num|||9|||17|||11|||6
temp|||5|||17|||16|||6
temp|||6|||17|||20|||6
10|||7|||17|||22|||6
rev|||5|||17|||24|||6
rev|||6|||17|||26|||6
10|||8|||17|||28|||6
temp|||7|||17|||30|||6
10|||9|||17|||32|||6
x|||1|||18|||1|||6
2|||8|||18|||3|||6
y|||1|||18|||5|||6
3|||2|||18|||7|||6
res|||1|||18|||9|||6
y|||2|||18|||22|||6
res|||2|||18|||27|||6
x|||2|||18|||29|||6
s|||1|||19|||1|||6
"|||17|||19|||3|||6
abc|||1|||19|||4|||6
s|||2|||19|||16|||6
s|||3|||19|||34|||6
arr|||23|||20|||9|||6
j|||1|||20|||21|||6
j|||2|||20|||25|||6
arr|||24|||20|||27|||6
j|||3|||20|||35|||6
arr|||25|||20|||40|||6
j|||4|||20|||42|||6
arr|||26|||20|||45|||6
j|||5|||20|||47|||6
t|||4|||20|||54|||6
arr|||27|||20|||56|||6
j|||6|||20|||58|||6
arr|||28|||20|||61|||6
j|||7|||20|||63|||6
arr|||29|||20|||66|||6
j|||8|||20|||68|||6
arr|||30|||20|||73|||6
j|||9|||20|||75|||6
t|||5|||20|||80|||6
arr|||31|||21|||9|||6
min|||4|||21|||20|||6
j|||10|||21|||27|||6
j|||11|||21|||33|||6
arr|||32|||21|||35|||6
j|||12|||21|||39|||6
arr|||33|||21|||44|||6
j|||13|||21|||46|||6
arr|||34|||21|||49|||6
min|||5|||21|||51|||6
min|||6|||21|||54|||6
j|||14|||21|||56|||6
t|||6|||21|||59|||6
arr|||35|||21|||61|||6
arr|||36|||21|||66|||6
arr|||37|||21|||71|||6
min|||7|||21|||73|||6
arr|||38|||21|||76|||6
min|||8|||21|||78|||6
t|||7|||21|||81|||6
arr|||39|||22|||9|||6
key|||1|||22|||18|||6
arr|||40|||22|||20|||6
j|||15|||22|||25|||6
j|||16|||22|||33|||6
arr|||41|||22|||37|||6
j|||17|||22|||39|||6
key|||2|||22|||42|||6
arr|||42|||22|||44|||6
j|||18|||22|||46|||6
arr|||43|||22|||51|||6
j|||19|||22|||53|||6
arr|||44|||22|||57|||6
j|||20|||22|||59|||6
key|||3|||22|||64|||6
5|||6|||23|||9|||6
c|||4|||23|||16|||6
j|||21|||23|||23|||6
j|||22|||23|||27|||6
j|||23|||23|||31|||6
c|||5|||23|||41|||6
c|||6|||23|||47|||6
c|||7|||23|||49|||6
j|||24|||23|||54|||6
j|||25|||23|||58|||6
n|||4|||24|||1|||6
5|||7|||24|||3|||6
r|||1|||24|||5|||6
2|||9|||24|||7|||6
num|||10|||24|||9|||6
den|||1|||24|||13|||6
r|||2|||24|||26|||6
num|||11|||24|||32|||6
n|||5|||24|||35|||6
den|||2|||24|||40|||6
num|||12|||24|||55|||6
den|||3|||24|||57|||6
num|||13|||25|||1|||6
123|||1|||25|||3|||6
sum|||5|||25|||5|||6
num|||14|||25|||12|||6
num|||15|||25|||16|||6
10|||10|||25|||18|||6
sum|||6|||25|||20|||6
num|||16|||25|||22|||6
10|||11|||25|||24|||6
str|||4|||26|||1|||6
"|||23|||26|||3|||6
Hello|||1|||26|||4|||6
world|||1|||26|||5|||6
Java|||1|||26|||6|||6
wc|||1|||26|||10|||6
str|||5|||26|||23|||6
str|||6|||26|||34|||6
wc|||2|||26|||44|||6
str|||7|||27|||1|||6
"|||25|||27|||3|||6
hello|||2|||27|||4|||6
str|||8|||27|||16|||6
char|||1|||27|||32|||6
str|||9|||27|||35|||6
32|||1|||27|||42|||6
50|||1|||28|||9|||6
f|||1|||28|||16|||6
j|||26|||28|||23|||6
2|||11|||28|||25|||6
j|||27|||28|||27|||6
2|||12|||28|||31|||6
j|||28|||28|||33|||6
j|||29|||28|||40|||6
f|||2|||28|||44|||6
f|||3|||28|||50|||6
a|||8|||29|||1|||6
12|||1|||29|||3|||6
b|||10|||29|||5|||6
18|||1|||29|||7|||6
lcm|||1|||29|||9|||6
a|||9|||29|||12|||6
b|||11|||29|||14|||6
a|||10|||29|||17|||6
b|||12|||29|||19|||6
lcm|||2|||29|||24|||6
a|||11|||29|||26|||6
lcm|||3|||29|||30|||6
b|||13|||29|||32|||6
lcm|||4|||29|||36|||6
lcm|||5|||29|||46|||6
5|||8|||30|||9|||6
sum|||7|||31|||1|||6
5|||9|||31|||13|||6
sum|||8|||31|||16|||6
10|||12|||32|||9|||6
2|||14|||32|||26|||6
10|||13|||33|||9|||6
2|||15|||33|||26|||6
fact|||3|||34|||1|||6
5|||10|||34|||13|||6
fact|||4|||34|||16|||6
arr|||45|||35|||3|||6
1|||40|||35|||6|||6
2|||16|||35|||8|||6
3|||3|||35|||10|||6
4|||2|||35|||12|||6
5|||11|||35|||14|||6
arr|||46|||35|||26|||6
arr|||47|||35|||37|||6
arr|||48|||36|||3|||6
arr|||49|||36|||22|||6
sum|||9|||37|||1|||6
arr|||50|||37|||13|||6
sum|||10|||37|||18|||6
arr|||51|||37|||20|||6
a|||12|||38|||1|||6
b|||14|||38|||5|||6
c|||8|||38|||9|||6
5|||12|||38|||19|||6
a|||13|||38|||28|||6
c|||9|||38|||34|||6
a|||14|||38|||36|||6
b|||15|||38|||38|||6
a|||15|||38|||40|||6
b|||16|||38|||42|||6
b|||17|||38|||44|||6
c|||10|||38|||46|||6
num|||17|||39|||1|||6
12345|||2|||39|||3|||6
count|||3|||39|||5|||6
num|||18|||39|||11|||6
count|||4|||39|||16|||6
num|||19|||39|||19|||6
10|||14|||39|||21|||6
rev|||7|||40|||1|||6
num|||20|||40|||5|||6
1234|||2|||40|||7|||6
num|||21|||40|||11|||6
rev|||8|||40|||16|||6
rev|||9|||40|||18|||6
10|||15|||40|||20|||6
num|||22|||40|||22|||6
10|||16|||40|||24|||6
num|||23|||40|||26|||6
10|||17|||40|||28|||6
max|||4|||41|||1|||6
arr|||52|||41|||3|||6
arr|||53|||41|||16|||6
arr|||54|||41|||23|||6
max|||5|||41|||28|||6
max|||6|||41|||30|||6
arr|||55|||41|||32|||6
min|||9|||42|||1|||6
arr|||56|||42|||3|||6
arr|||57|||42|||16|||6
arr|||58|||42|||23|||6
min|||10|||42|||28|||6
min|||11|||42|||30|||6
arr|||59|||42|||32|||6
a|||16|||43|||1|||6
24|||2|||43|||3|||6
b|||18|||43|||5|||6
36|||2|||43|||7|||6
t|||8|||43|||9|||6
b|||19|||43|||13|||6
t|||9|||43|||18|||6
b|||20|||43|||20|||6
b|||21|||43|||22|||6
a|||17|||43|||24|||6
b|||22|||43|||26|||6
a|||18|||43|||28|||6
t|||10|||43|||30|||6
n|||6|||44|||1|||6
17|||2|||44|||3|||6
flag|||3|||44|||5|||6
2|||17|||44|||11|||6
n|||7|||44|||17|||6
2|||18|||44|||19|||6
n|||8|||44|||24|||6
flag|||4|||44|||30|||6
temp|||8|||45|||5|||6
arr|||60|||45|||11|||6
2|||19|||45|||15|||6
temp|||9|||45|||18|||6
arr|||61|||45|||20|||6
arr|||62|||45|||25|||6
arr|||63|||45|||30|||6
arr|||64|||45|||32|||6
arr|||65|||45|||41|||6
arr|||66|||45|||43|||6
temp|||10|||45|||52|||6
str|||10|||46|||1|||6
"|||41|||46|||3|||6
hello|||3|||46|||4|||6
vc|||3|||46|||8|||6
str|||11|||46|||20|||6
"|||43|||46|||29|||6
aeiou|||2|||46|||30|||6
str|||12|||46|||35|||6
vc|||4|||46|||46|||6
num|||24|||47|||1|||6
121|||2|||47|||3|||6
rev|||10|||47|||5|||6
temp|||11|||47|||9|||6
num|||25|||47|||11|||6
temp|||12|||47|||15|||6
rev|||11|||47|||20|||6
rev|||12|||47|||22|||6
10|||18|||47|||24|||6
temp|||13|||47|||26|||6
10|||19|||47|||28|||6
temp|||14|||47|||30|||6
10|||20|||47|||32|||6
x|||3|||48|||1|||6
2|||20|||48|||3|||6
y|||3|||48|||5|||6
3|||4|||48|||7|||6
res|||3|||48|||9|||6
y|||4|||48|||21|||6
res|||4|||48|||24|||6
x|||4|||48|||26|||6
s|||4|||49|||1|||6
"|||45|||49|||3|||6
abc|||2|||49|||4|||6
s|||5|||49|||16|||6
s|||6|||49|||32|||6
arr|||67|||50|||9|||6
j|||30|||50|||17|||6
j|||31|||50|||23|||6
arr|||68|||50|||25|||6
arr|||69|||50|||36|||6
j|||32|||50|||38|||6
arr|||70|||50|||41|||6
j|||33|||50|||43|||6
t|||11|||50|||50|||6
arr|||71|||50|||52|||6
j|||34|||50|||54|||6
arr|||72|||50|||57|||6
j|||35|||50|||59|||6
arr|||73|||50|||62|||6
j|||36|||50|||64|||6
arr|||74|||50|||69|||6
j|||37|||50|||71|||6
t|||12|||50|||76|||6
j|||38|||50|||79|||6
arr|||75|||51|||9|||6
min|||12|||51|||17|||6
j|||39|||51|||21|||6
j|||40|||51|||29|||6
arr|||76|||51|||31|||6
arr|||77|||51|||38|||6
j|||41|||51|||40|||6
arr|||78|||51|||43|||6
min|||13|||51|||45|||6
min|||14|||51|||48|||6
j|||42|||51|||50|||6
j|||43|||51|||52|||6
t|||13|||51|||57|||6
arr|||79|||51|||59|||6
arr|||80|||51|||64|||6
arr|||81|||51|||69|||6
min|||15|||51|||71|||6
arr|||82|||51|||74|||6
min|||16|||51|||76|||6
t|||14|||51|||79|||6
arr|||83|||52|||9|||6
key|||4|||52|||15|||6
arr|||84|||52|||17|||6
j|||44|||52|||22|||6
j|||45|||52|||30|||6
arr|||85|||52|||34|||6
j|||46|||52|||36|||6
key|||5|||52|||39|||6
arr|||86|||52|||42|||6
j|||47|||52|||44|||6
arr|||87|||52|||49|||6
j|||48|||52|||51|||6
j|||49|||52|||54|||6
arr|||88|||52|||58|||6
j|||50|||52|||60|||6
key|||6|||52|||65|||6
5|||13|||53|||9|||6
c|||11|||53|||13|||6
j|||51|||53|||17|||6
j|||52|||53|||23|||6
c|||12|||53|||34|||6
c|||13|||53|||40|||6
c|||14|||53|||42|||6
j|||53|||53|||47|||6
j|||54|||53|||51|||6
j|||55|||53|||56|||6
n|||9|||54|||1|||6
5|||14|||54|||3|||6
r|||3|||54|||5|||6
2|||21|||54|||7|||6
num|||26|||54|||9|||6
den|||4|||54|||13|||6
r|||4|||54|||25|||6
num|||27|||54|||28|||6
n|||10|||54|||31|||6
den|||5|||54|||36|||6
num|||28|||54|||54|||6
den|||6|||54|||56|||6
num|||29|||55|||1|||6
123|||2|||55|||3|||6
sum|||11|||55|||5|||6
num|||30|||55|||11|||6
sum|||12|||55|||16|||6
num|||31|||55|||18|||6
10|||21|||55|||20|||6
num|||32|||55|||22|||6
10|||22|||55|||24|||6
str|||13|||56|||1|||6
"|||51|||56|||3|||6
Hello|||2|||56|||4|||6
world|||2|||56|||5|||6
Java|||2|||56|||6|||6
wc|||3|||56|||10|||6
str|||14|||56|||22|||6
str|||15|||56|||31|||6
wc|||4|||56|||41|||6
str|||16|||57|||1|||6
"|||53|||57|||3|||6
hello|||4|||57|||4|||6
str|||17|||57|||16|||6
char|||2|||57|||30|||6
str|||18|||57|||33|||6
32|||2|||57|||40|||6
50|||2|||58|||9|||6
f|||4|||58|||13|||6
j|||56|||58|||17|||6
2|||23|||58|||19|||6
j|||57|||58|||23|||6
2|||24|||58|||27|||6
j|||58|||58|||34|||6
f|||5|||58|||38|||6
j|||59|||58|||42|||6
f|||6|||58|||48|||6
a|||19|||59|||1|||6
12|||2|||59|||3|||6
b|||23|||59|||5|||6
18|||2|||59|||7|||6
lcm|||6|||59|||9|||6
a|||20|||59|||12|||6
b|||24|||59|||14|||6
a|||21|||59|||17|||6
b|||25|||59|||19|||6
lcm|||7|||59|||23|||6
a|||22|||59|||25|||6
lcm|||8|||59|||29|||6
b|||26|||59|||31|||6
lcm|||9|||59|||35|||6
lcm|||10|||59|||44|||6
;|||2|||0|||10|||7
++|||1|||0|||12|||7
;|||6|||1|||15|||7
++|||2|||1|||17|||7
;|||9|||2|||10|||7
+=|||2|||2|||12|||7
;|||12|||3|||10|||7
+=|||3|||3|||12|||7
;|||16|||4|||15|||7
++|||3|||4|||17|||7
;|||20|||5|||29|||7
++|||4|||5|||31|||7
;|||23|||6|||14|||7
--|||1|||6|||16|||7
;|||27|||7|||17|||7
++|||5|||7|||19|||7
;|||31|||8|||21|||7
++|||6|||8|||23|||7
;|||38|||9|||15|||7
++|||7|||9|||21|||7
;|||42|||10|||15|||7
;|||46|||11|||20|||7
++|||8|||11|||22|||7
;|||50|||12|||20|||7
++|||9|||12|||22|||7
;|||54|||13|||17|||7
;|||58|||14|||21|||7
++|||10|||14|||23|||7
;|||61|||15|||16|||7
++|||11|||15|||18|||7
;|||68|||16|||26|||7
++|||12|||16|||28|||7
++|||13|||16|||50|||7
;|||72|||17|||19|||7
;|||76|||18|||23|||7
++|||14|||18|||25|||7
;|||80|||19|||21|||7
++|||15|||19|||23|||7
;|||83|||20|||14|||7
++|||16|||20|||16|||7
;|||85|||20|||34|||7
++|||17|||20|||36|||7
;|||90|||21|||14|||7
++|||18|||21|||16|||7
;|||93|||21|||38|||7
++|||19|||21|||40|||7
;|||99|||22|||12|||7
++|||20|||22|||14|||7
--|||2|||22|||54|||7
;|||104|||23|||10|||7
++|||21|||23|||12|||7
;|||107|||23|||30|||7
++|||22|||23|||32|||7
;|||113|||24|||27|||7
++|||23|||24|||29|||7
;|||119|||25|||15|||7
;|||124|||26|||28|||7
++|||24|||26|||30|||7
++|||25|||26|||45|||7
;|||128|||27|||21|||7
++|||26|||27|||23|||7
;|||131|||28|||10|||7
++|||27|||28|||12|||7
;|||134|||28|||32|||7
++|||28|||28|||34|||7
;|||139|||29|||35|||7
++|||29|||29|||37|||7
++|||30|||30|||25|||7
++|||31|||31|||21|||7
+=|||7|||32|||25|||7
+=|||8|||33|||25|||7
++|||32|||34|||21|||7
++|||33|||35|||47|||7
--|||3|||36|||32|||7
++|||34|||37|||26|||7
++|||35|||38|||49|||7
++|||36|||39|||17|||7
++|||37|||41|||38|||7
++|||38|||42|||38|||7
++|||39|||44|||35|||7
++|||40|||45|||55|||7
++|||41|||46|||47|||7
++|||42|||46|||50|||7
++|||43|||48|||29|||7
++|||44|||49|||44|||7
++|||45|||50|||80|||7
++|||46|||50|||84|||7
++|||47|||51|||53|||7
++|||48|||51|||82|||7
--|||4|||52|||55|||7
++|||49|||52|||68|||7
++|||50|||53|||57|||7
++|||51|||53|||69|||7
++|||52|||54|||45|||7
++|||53|||56|||42|||7
++|||54|||56|||45|||7
++|||55|||57|||45|||7
++|||56|||58|||43|||7
++|||57|||58|||65|||7
++|||58|||59|||36|||7
[|||1|||5|||1|||8
.|||7|||5|||27|||8
length|||1|||5|||28|||8
[|||2|||5|||40|||8
.|||10|||6|||6|||8
length|||2|||6|||7|||8
[|||3|||6|||25|||8
.|||13|||7|||15|||8
length|||3|||7|||16|||8
[|||4|||7|||24|||8
[|||5|||11|||4|||8
.|||16|||11|||18|||8
length|||4|||11|||19|||8
[|||6|||11|||27|||8
[|||7|||11|||36|||8
[|||8|||12|||4|||8
.|||17|||12|||18|||8
length|||5|||12|||19|||8
[|||9|||12|||27|||8
[|||10|||12|||36|||8
.|||18|||15|||12|||8
length|||6|||15|||13|||8
[|||11|||15|||24|||8
[|||12|||15|||29|||8
[|||13|||15|||34|||8
.|||19|||15|||36|||8
length|||7|||15|||37|||8
[|||14|||15|||45|||8
.|||20|||15|||47|||8
length|||8|||15|||48|||8
.|||21|||16|||22|||8
length|||9|||16|||23|||8
.|||23|||16|||39|||8
charAt|||1|||16|||40|||8
(|||30|||16|||41|||8
.|||24|||19|||17|||8
length|||10|||19|||18|||8
.|||27|||19|||35|||8
charAt|||2|||19|||36|||8
(|||37|||19|||37|||8
.|||28|||20|||10|||8
length|||11|||20|||11|||8
.|||29|||20|||28|||8
length|||12|||20|||29|||8
[|||15|||20|||41|||8
[|||16|||20|||46|||8
[|||17|||20|||57|||8
[|||18|||20|||62|||8
[|||19|||20|||67|||8
[|||20|||20|||74|||8
.|||30|||21|||10|||8
length|||13|||21|||11|||8
.|||31|||21|||36|||8
length|||14|||21|||37|||8
[|||21|||21|||45|||8
[|||22|||21|||50|||8
[|||23|||21|||62|||8
[|||24|||21|||67|||8
[|||25|||21|||72|||8
[|||26|||21|||77|||8
.|||32|||22|||10|||8
length|||15|||22|||11|||8
[|||27|||22|||21|||8
[|||28|||22|||38|||8
[|||29|||22|||45|||8
[|||30|||22|||52|||8
[|||31|||22|||58|||8
.|||39|||26|||24|||8
length|||16|||26|||25|||8
.|||40|||26|||35|||8
charAt|||3|||26|||36|||8
(|||60|||26|||37|||8
.|||41|||27|||17|||8
length|||17|||27|||18|||8
.|||44|||27|||36|||8
charAt|||4|||27|||37|||8
(|||66|||27|||38|||8
[|||32|||35|||1|||8
.|||55|||35|||27|||8
length|||18|||35|||28|||8
[|||33|||35|||38|||8
.|||58|||36|||4|||8
length|||19|||36|||5|||8
[|||34|||36|||23|||8
.|||61|||37|||14|||8
length|||20|||37|||15|||8
[|||35|||37|||21|||8
[|||36|||41|||4|||8
.|||64|||41|||17|||8
length|||21|||41|||18|||8
[|||37|||41|||24|||8
[|||38|||41|||33|||8
[|||39|||42|||4|||8
.|||65|||42|||17|||8
length|||22|||42|||18|||8
[|||40|||42|||24|||8
[|||41|||42|||33|||8
.|||66|||45|||12|||8
length|||23|||45|||13|||8
[|||42|||45|||21|||8
[|||43|||45|||26|||8
[|||44|||45|||31|||8
.|||67|||45|||33|||8
length|||24|||45|||34|||8
[|||45|||45|||42|||8
.|||68|||45|||44|||8
length|||25|||45|||45|||8
.|||69|||46|||21|||8
length|||26|||46|||22|||8
.|||71|||46|||36|||8
charAt|||5|||46|||37|||8
(|||104|||46|||38|||8
.|||72|||49|||17|||8
length|||27|||49|||18|||8
.|||75|||49|||33|||8
charAt|||6|||49|||34|||8
(|||111|||49|||35|||8
.|||76|||50|||10|||8
length|||28|||50|||11|||8
.|||77|||50|||26|||8
length|||29|||50|||27|||8
[|||46|||50|||37|||8
[|||47|||50|||42|||8
[|||48|||50|||53|||8
[|||49|||50|||58|||8
[|||50|||50|||63|||8
[|||51|||50|||70|||8
.|||78|||51|||10|||8
length|||30|||51|||11|||8
.|||79|||51|||32|||8
length|||31|||51|||33|||8
[|||52|||51|||39|||8
[|||53|||51|||44|||8
[|||54|||51|||60|||8
[|||55|||51|||65|||8
[|||56|||51|||70|||8
[|||57|||51|||75|||8
.|||80|||52|||10|||8
length|||32|||52|||11|||8
[|||58|||52|||18|||8
[|||59|||52|||35|||8
[|||60|||52|||43|||8
[|||61|||52|||50|||8
[|||62|||52|||59|||8
.|||87|||56|||23|||8
length|||33|||56|||24|||8
.|||88|||56|||32|||8
charAt|||7|||56|||33|||8
(|||134|||56|||34|||8
.|||89|||57|||17|||8
length|||34|||57|||18|||8
.|||92|||57|||34|||8
charAt|||8|||57|||35|||8
(|||140|||57|||36|||8
;|||1|||0|||6|||9
<=|||1|||0|||8|||9
+|||1|||0|||21|||9
;|||5|||1|||11|||9
<=|||2|||1|||13|||9
+=|||1|||1|||20|||9
;|||8|||2|||6|||9
<=|||3|||2|||8|||9
+|||2|||2|||22|||9
;|||11|||3|||6|||9
<=|||4|||3|||8|||9
+|||3|||3|||22|||9
;|||15|||4|||11|||9
<=|||5|||4|||13|||9
*=|||1|||4|||20|||9
]|||1|||5|||2|||9
{|||1|||5|||5|||9
,|||1|||5|||7|||9
,|||2|||5|||9|||9
,|||3|||5|||11|||9
,|||4|||5|||13|||9
;|||19|||5|||23|||9
<|||1|||5|||25|||9
]|||2|||5|||42|||9
+|||4|||5|||43|||9
-|||1|||6|||8|||9
1|||7|||6|||9|||9
;|||22|||6|||10|||9
>=|||1|||6|||12|||9
]|||3|||6|||27|||9
+|||5|||6|||28|||9
;|||26|||7|||11|||9
<|||2|||7|||13|||9
+=|||4|||7|||22|||9
]|||4|||7|||26|||9
;|||30|||8|||17|||9
<|||3|||8|||19|||9
+|||6|||8|||33|||9
=|||16|||8|||39|||9
+|||7|||8|||41|||9
=|||17|||8|||45|||9
=|||18|||8|||49|||9
;|||37|||9|||11|||9
>|||1|||9|||13|||9
/=|||1|||9|||17|||9
;|||41|||10|||11|||9
>|||2|||10|||13|||9
/=|||2|||10|||17|||9
=|||23|||10|||21|||9
*|||1|||10|||23|||9
+|||8|||10|||25|||9
%|||1|||10|||27|||9
]|||5|||11|||6|||9
;|||45|||11|||14|||9
<|||4|||11|||16|||9
if|||1|||11|||24|||9
]|||6|||11|||29|||9
>|||3|||11|||30|||9
=|||26|||11|||34|||9
]|||7|||11|||38|||9
]|||8|||12|||6|||9
;|||49|||12|||14|||9
<|||5|||12|||16|||9
if|||2|||12|||24|||9
]|||9|||12|||29|||9
<|||6|||12|||30|||9
=|||29|||12|||34|||9
]|||10|||12|||38|||9
;|||53|||13|||13|||9
!=|||1|||13|||15|||9
=|||32|||13|||19|||9
,|||10|||13|||21|||9
=|||33|||13|||23|||9
%|||2|||13|||25|||9
,|||11|||13|||27|||9
=|||34|||13|||29|||9
;|||57|||14|||15|||9
<=|||6|||14|||17|||9
/|||1|||14|||19|||9
if|||3|||14|||25|||9
%|||3|||14|||28|||9
==|||1|||14|||30|||9
=|||38|||14|||34|||9
;|||60|||15|||8|||9
<|||7|||15|||10|||9
/|||2|||15|||14|||9
=|||40|||15|||22|||9
]|||11|||15|||26|||9
]|||12|||15|||31|||9
=|||41|||15|||32|||9
-|||2|||15|||38|||9
-|||3|||15|||40|||9
1|||12|||15|||41|||9
]|||13|||15|||42|||9
-|||4|||15|||49|||9
-|||5|||15|||51|||9
1|||13|||15|||52|||9
]|||14|||15|||53|||9
=|||42|||15|||54|||9
;|||67|||16|||18|||9
<|||8|||16|||20|||9
if|||4|||16|||30|||9
indexOf|||1|||16|||36|||9
!=|||2|||16|||45|||9
-|||6|||16|||46|||9
1|||14|||16|||47|||9
;|||71|||17|||15|||9
>|||4|||17|||17|||9
/=|||3|||17|||21|||9
=|||49|||17|||25|||9
*|||2|||17|||27|||9
+|||9|||17|||29|||9
%|||4|||17|||31|||9
;|||75|||18|||19|||9
<|||9|||18|||21|||9
*=|||2|||18|||28|||9
;|||79|||19|||13|||9
<|||10|||19|||15|||9
+|||10|||19|||40|||9
;|||82|||20|||6|||9
<|||11|||20|||8|||9
-|||7|||20|||12|||9
1|||16|||20|||13|||9
;|||84|||20|||24|||9
<|||12|||20|||26|||9
-|||8|||20|||30|||9
-|||9|||20|||32|||9
1|||17|||20|||33|||9
if|||5|||20|||38|||9
]|||15|||20|||43|||9
>|||5|||20|||44|||9
+|||11|||20|||48|||9
1|||18|||20|||49|||9
]|||16|||20|||50|||9
=|||58|||20|||55|||9
]|||17|||20|||59|||9
]|||18|||20|||64|||9
=|||59|||20|||65|||9
+|||12|||20|||69|||9
1|||19|||20|||70|||9
]|||19|||20|||71|||9
+|||13|||20|||76|||9
1|||20|||20|||77|||9
]|||20|||20|||78|||9
=|||60|||20|||79|||9
;|||89|||21|||6|||9
<|||13|||21|||8|||9
-|||10|||21|||12|||9
1|||21|||21|||13|||9
+|||14|||21|||30|||9
1|||22|||21|||31|||9
;|||92|||21|||32|||9
<|||14|||21|||34|||9
if|||6|||21|||42|||9
]|||21|||21|||47|||9
<|||15|||21|||48|||9
]|||22|||21|||52|||9
=|||64|||21|||55|||9
=|||65|||21|||60|||9
]|||23|||21|||64|||9
]|||24|||21|||69|||9
=|||66|||21|||70|||9
]|||25|||21|||74|||9
]|||26|||21|||79|||9
=|||67|||21|||80|||9
;|||98|||22|||6|||9
<|||16|||22|||8|||9
]|||27|||22|||23|||9
-|||11|||22|||28|||9
1|||24|||22|||29|||9
while|||1|||22|||31|||9
>=|||2|||22|||34|||9
&&|||1|||22|||36|||9
]|||28|||22|||40|||9
>|||6|||22|||41|||9
+|||15|||22|||47|||9
1|||25|||22|||48|||9
]|||29|||22|||49|||9
=|||71|||22|||50|||9
]|||30|||22|||55|||9
+|||16|||22|||60|||9
1|||26|||22|||61|||9
]|||31|||22|||62|||9
=|||72|||22|||63|||9
;|||103|||23|||6|||9
<|||17|||23|||8|||9
;|||106|||23|||26|||9
<=|||7|||23|||28|||9
+|||17|||23|||42|||9
=|||76|||23|||48|||9
*|||3|||23|||50|||9
-|||12|||23|||53|||9
/|||3|||23|||56|||9
+|||18|||23|||59|||9
1|||28|||23|||60|||9
;|||112|||24|||23|||9
<|||18|||24|||25|||9
*=|||3|||24|||33|||9
-|||13|||24|||36|||9
*=|||4|||24|||41|||9
+|||19|||24|||44|||9
1|||31|||24|||45|||9
/|||4|||24|||56|||9
;|||118|||25|||11|||9
>|||7|||25|||13|||9
/=|||4|||25|||17|||9
+=|||5|||25|||21|||9
%|||5|||25|||23|||9
;|||123|||26|||20|||9
<|||19|||26|||22|||9
if|||7|||26|||32|||9
==|||2|||26|||40|||9
'|||1|||26|||41|||9
;|||127|||27|||13|||9
<|||20|||27|||15|||9
-|||14|||27|||41|||9
;|||130|||28|||6|||9
<=|||8|||28|||8|||9
;|||133|||28|||26|||9
<=|||9|||28|||28|||9
/|||5|||28|||30|||9
if|||8|||28|||36|||9
%|||6|||28|||39|||9
==|||3|||28|||41|||9
=|||92|||28|||45|||9
if|||9|||28|||48|||9
==|||4|||28|||51|||9
1|||34|||28|||52|||9
+|||20|||28|||61|||9
>|||8|||29|||13|||9
?|||1|||29|||16|||9
:|||1|||29|||18|||9
;|||138|||29|||23|||9
%|||7|||29|||25|||9
!=|||3|||29|||27|||9
|||||1|||29|||29|||9
%|||8|||29|||31|||9
!=|||4|||29|||33|||9
while|||2|||30|||5|||9
<=|||10|||30|||8|||9
+|||21|||30|||19|||9
while|||3|||31|||9|||9
<=|||11|||31|||12|||9
+=|||6|||31|||17|||9
while|||4|||32|||5|||9
<=|||12|||32|||8|||9
+|||22|||32|||19|||9
while|||5|||33|||5|||9
<=|||13|||33|||8|||9
+|||23|||33|||19|||9
while|||6|||34|||9|||9
<=|||14|||34|||12|||9
*=|||5|||34|||17|||9
]|||32|||35|||2|||9
{|||16|||35|||5|||9
,|||27|||35|||7|||9
,|||28|||35|||9|||9
,|||29|||35|||11|||9
,|||30|||35|||13|||9
while|||7|||35|||22|||9
<|||21|||35|||25|||9
]|||33|||35|||40|||9
+|||24|||35|||41|||9
-|||15|||36|||6|||9
1|||41|||36|||7|||9
while|||8|||36|||9|||9
>=|||3|||36|||12|||9
]|||34|||36|||25|||9
+|||25|||36|||26|||9
while|||9|||37|||9|||9
<|||22|||37|||12|||9
+=|||9|||37|||19|||9
]|||35|||37|||23|||9
while|||10|||38|||15|||9
<|||23|||38|||18|||9
+|||26|||38|||29|||9
=|||111|||38|||35|||9
+|||27|||38|||37|||9
=|||112|||38|||41|||9
=|||113|||38|||45|||9
while|||11|||39|||9|||9
>|||9|||39|||12|||9
/=|||5|||39|||20|||9
while|||12|||40|||9|||9
>|||10|||40|||12|||9
=|||118|||40|||17|||9
*|||4|||40|||19|||9
+|||28|||40|||21|||9
%|||9|||40|||23|||9
/=|||6|||40|||27|||9
]|||36|||41|||6|||9
while|||13|||41|||12|||9
<|||24|||41|||15|||9
if|||10|||41|||21|||9
]|||37|||41|||26|||9
>|||11|||41|||27|||9
=|||121|||41|||31|||9
]|||38|||41|||35|||9
]|||39|||42|||6|||9
while|||14|||42|||12|||9
<|||25|||42|||15|||9
if|||11|||42|||21|||9
]|||40|||42|||26|||9
<|||26|||42|||27|||9
=|||124|||42|||31|||9
]|||41|||42|||35|||9
while|||15|||43|||11|||9
!=|||5|||43|||14|||9
=|||127|||43|||19|||9
=|||128|||43|||23|||9
%|||10|||43|||25|||9
=|||129|||43|||29|||9
while|||16|||44|||13|||9
<=|||15|||44|||16|||9
/|||6|||44|||18|||9
if|||12|||44|||22|||9
%|||11|||44|||25|||9
==|||5|||44|||27|||9
=|||133|||44|||31|||9
while|||17|||45|||7|||9
<|||27|||45|||10|||9
/|||7|||45|||14|||9
=|||135|||45|||19|||9
]|||42|||45|||23|||9
]|||43|||45|||28|||9
=|||136|||45|||29|||9
-|||16|||45|||35|||9
-|||17|||45|||37|||9
1|||46|||45|||38|||9
]|||44|||45|||39|||9
-|||18|||45|||46|||9
-|||19|||45|||48|||9
1|||47|||45|||49|||9
]|||45|||45|||50|||9
=|||137|||45|||51|||9
while|||18|||46|||16|||9
<|||28|||46|||19|||9
if|||13|||46|||27|||9
indexOf|||2|||46|||33|||9
!=|||6|||46|||42|||9
-|||20|||46|||43|||9
1|||48|||46|||44|||9
while|||19|||47|||13|||9
>|||12|||47|||16|||9
=|||144|||47|||21|||9
*|||5|||47|||23|||9
+|||29|||47|||25|||9
%|||12|||47|||27|||9
/=|||7|||47|||31|||9
while|||20|||48|||17|||9
<|||29|||48|||20|||9
*=|||6|||48|||25|||9
while|||21|||49|||12|||9
<|||30|||49|||15|||9
+|||30|||49|||38|||9
while|||22|||50|||5|||9
<|||31|||50|||8|||9
-|||21|||50|||12|||9
1|||50|||50|||13|||9
while|||23|||50|||21|||9
<|||32|||50|||24|||9
-|||22|||50|||28|||9
-|||23|||50|||30|||9
1|||51|||50|||31|||9
if|||14|||50|||34|||9
]|||46|||50|||39|||9
>|||13|||50|||40|||9
+|||31|||50|||44|||9
1|||52|||50|||45|||9
]|||47|||50|||46|||9
=|||153|||50|||51|||9
]|||48|||50|||55|||9
]|||49|||50|||60|||9
=|||154|||50|||61|||9
+|||32|||50|||65|||9
1|||53|||50|||66|||9
]|||50|||50|||67|||9
+|||33|||50|||72|||9
1|||54|||50|||73|||9
]|||51|||50|||74|||9
=|||155|||50|||75|||9
while|||24|||51|||5|||9
<|||33|||51|||8|||9
-|||24|||51|||12|||9
1|||55|||51|||13|||9
+|||34|||51|||24|||9
1|||56|||51|||25|||9
while|||25|||51|||27|||9
<|||34|||51|||30|||9
if|||15|||51|||36|||9
]|||52|||51|||41|||9
<|||35|||51|||42|||9
]|||53|||51|||46|||9
=|||159|||51|||49|||9
=|||160|||51|||58|||9
]|||54|||51|||62|||9
]|||55|||51|||67|||9
=|||161|||51|||68|||9
]|||56|||51|||72|||9
]|||57|||51|||77|||9
=|||162|||51|||78|||9
while|||26|||52|||5|||9
<|||36|||52|||8|||9
=|||164|||52|||16|||9
]|||58|||52|||20|||9
-|||25|||52|||25|||9
1|||58|||52|||26|||9
while|||27|||52|||28|||9
>=|||4|||52|||31|||9
&&|||2|||52|||33|||9
]|||59|||52|||37|||9
>|||14|||52|||38|||9
+|||35|||52|||45|||9
1|||59|||52|||46|||9
]|||60|||52|||47|||9
=|||166|||52|||48|||9
]|||61|||52|||52|||9
+|||36|||52|||61|||9
1|||60|||52|||62|||9
]|||62|||52|||63|||9
=|||167|||52|||64|||9
while|||28|||53|||5|||9
<|||37|||53|||8|||9
while|||29|||53|||21|||9
<=|||16|||53|||24|||9
+|||37|||53|||35|||9
=|||171|||53|||41|||9
*|||6|||53|||43|||9
-|||26|||53|||46|||9
/|||8|||53|||49|||9
+|||38|||53|||52|||9
1|||62|||53|||53|||9
while|||30|||54|||21|||9
<|||38|||54|||24|||9
*=|||7|||54|||29|||9
-|||27|||54|||32|||9
*=|||8|||54|||37|||9
+|||39|||54|||40|||9
1|||65|||54|||41|||9
/|||9|||54|||55|||9
while|||31|||55|||9|||9
>|||15|||55|||12|||9
+=|||10|||55|||17|||9
%|||13|||55|||19|||9
/=|||8|||55|||23|||9
while|||32|||56|||18|||9
<|||39|||56|||21|||9
if|||16|||56|||29|||9
==|||6|||56|||37|||9
'|||3|||56|||38|||9
while|||33|||57|||12|||9
<|||40|||57|||15|||9
-|||28|||57|||39|||9
while|||34|||58|||5|||9
<=|||17|||58|||8|||9
while|||35|||58|||21|||9
<=|||18|||58|||24|||9
/|||10|||58|||26|||9
if|||17|||58|||30|||9
%|||14|||58|||33|||9
==|||7|||58|||35|||9
0|||73|||58|||36|||9
=|||187|||58|||39|||9
if|||18|||58|||46|||9
==|||8|||58|||49|||9
1|||68|||58|||50|||9
+|||40|||58|||59|||9
>|||16|||59|||13|||9
?|||2|||59|||16|||9
:|||2|||59|||18|||9
while|||36|||59|||21|||9
%|||15|||59|||24|||9
!=|||7|||59|||26|||9
|||||2|||59|||28|||9
%|||16|||59|||30|||9
!=|||8|||59|||32|||9
