void|||1|||0|||6|||0
float|||1|||0|||15|||0
int|||1|||0|||22|||0
void|||2|||1|||6|||0
float|||2|||1|||15|||0
int|||2|||1|||22|||0
void|||3|||2|||6|||0
float|||3|||2|||15|||0
int|||3|||2|||34|||0
void|||4|||3|||6|||0
float|||4|||3|||15|||0
void|||5|||4|||6|||0
int|||4|||4|||15|||0
int|||5|||4|||20|||0
float|||5|||4|||30|||0
void|||6|||5|||6|||0
float|||6|||5|||15|||0
float|||7|||5|||20|||0
int|||6|||5|||42|||0
void|||7|||6|||6|||0
int|||7|||6|||15|||0
int|||8|||6|||21|||0
int|||9|||6|||37|||0
void|||8|||7|||6|||0
int|||10|||7|||15|||0
int|||11|||7|||21|||0
int|||12|||7|||32|||0
void|||9|||8|||6|||0
float|||8|||8|||15|||0
int|||13|||8|||39|||0
void|||10|||9|||6|||0
float|||9|||9|||15|||0
int|||14|||9|||34|||0
void|||11|||10|||6|||0
float|||10|||10|||15|||0
int|||15|||10|||27|||0
void|||12|||11|||6|||0
float|||11|||11|||15|||0
int|||16|||11|||27|||0
void|||13|||12|||6|||0
int|||17|||12|||15|||0
int|||18|||12|||22|||0
void|||14|||13|||6|||0
int|||19|||13|||15|||0
int|||20|||13|||22|||0
void|||15|||14|||6|||0
float|||12|||14|||15|||0
int|||21|||14|||39|||0
void|||16|||15|||6|||0
float|||13|||15|||15|||0
int|||22|||15|||34|||0
void|||17|||16|||6|||0
float|||14|||16|||15|||0
float|||15|||16|||20|||0
void|||18|||17|||6|||0
float|||16|||17|||15|||0
float|||17|||17|||20|||0
void|||19|||18|||6|||0
int|||23|||18|||15|||0
void|||20|||19|||6|||0
int|||24|||19|||15|||0
void|||21|||20|||6|||0
float|||18|||20|||15|||0
int|||25|||20|||39|||0
void|||22|||21|||6|||0
float|||19|||21|||15|||0
int|||26|||21|||39|||0
void|||23|||22|||6|||0
float|||20|||22|||15|||0
int|||27|||22|||27|||0
void|||24|||23|||6|||0
float|||21|||23|||15|||0
int|||28|||23|||27|||0
;|||1|||0|||19|||1
;|||2|||0|||26|||1
;|||3|||0|||30|||1
;|||4|||0|||43|||1
;|||5|||1|||19|||1
;|||6|||1|||26|||1
;|||7|||1|||30|||1
;|||8|||1|||43|||1
;|||9|||2|||19|||1
;|||10|||2|||38|||1
;|||11|||2|||41|||1
;|||12|||3|||19|||1
;|||13|||3|||35|||1
;|||14|||3|||38|||1
;|||15|||4|||19|||1
;|||16|||4|||24|||1
;|||17|||4|||43|||1
;|||18|||5|||19|||1
;|||19|||5|||24|||1
;|||20|||5|||46|||1
;|||21|||6|||25|||1
;|||22|||6|||40|||1
;|||23|||6|||52|||1
;|||24|||7|||25|||1
;|||25|||7|||35|||1
;|||26|||7|||47|||1
;|||27|||8|||17|||1
;|||28|||8|||23|||1
;|||29|||8|||27|||1
;|||30|||8|||43|||1
;|||31|||9|||19|||1
;|||32|||9|||38|||1
;|||33|||9|||41|||1
;|||34|||10|||19|||1
;|||35|||10|||31|||1
;|||36|||11|||19|||1
;|||37|||11|||31|||1
;|||38|||12|||19|||1
;|||39|||12|||26|||1
;|||40|||12|||30|||1
;|||41|||12|||43|||1
;|||42|||13|||19|||1
;|||43|||13|||26|||1
;|||44|||13|||30|||1
;|||45|||13|||43|||1
;|||46|||14|||17|||1
;|||47|||14|||23|||1
;|||48|||14|||27|||1
;|||49|||14|||43|||1
;|||50|||15|||19|||1
;|||51|||15|||38|||1
;|||52|||15|||41|||1
;|||53|||16|||19|||1
;|||54|||16|||24|||1
;|||55|||16|||44|||1
;|||56|||17|||19|||1
;|||57|||17|||24|||1
;|||58|||17|||46|||1
;|||59|||18|||31|||1
;|||60|||18|||43|||1
;|||61|||18|||55|||1
;|||62|||19|||31|||1
;|||63|||19|||38|||1
;|||64|||19|||50|||1
;|||65|||20|||17|||1
;|||66|||20|||23|||1
;|||67|||20|||27|||1
;|||68|||20|||43|||1
;|||69|||21|||17|||1
;|||70|||21|||23|||1
;|||71|||21|||27|||1
;|||72|||21|||43|||1
;|||73|||22|||19|||1
;|||74|||22|||31|||1
;|||75|||23|||19|||1
;|||76|||23|||31|||1
(|||1|||0|||8|||2
[|||1|||0|||10|||2
(|||2|||0|||21|||2
(|||3|||0|||40|||2
(|||4|||1|||8|||2
[|||2|||1|||10|||2
(|||5|||1|||21|||2
(|||6|||1|||40|||2
(|||7|||2|||8|||2
[|||3|||2|||10|||2
(|||8|||2|||21|||2
(|||9|||2|||32|||2
(|||10|||2|||33|||2
(|||11|||3|||8|||2
[|||4|||3|||10|||2
(|||12|||3|||21|||2
(|||13|||3|||32|||2
(|||14|||4|||8|||2
[|||5|||4|||10|||2
(|||15|||4|||26|||2
(|||16|||4|||29|||2
(|||17|||4|||40|||2
(|||18|||5|||8|||2
[|||6|||5|||10|||2
(|||19|||5|||26|||2
(|||20|||5|||28|||2
(|||21|||5|||40|||2
(|||22|||5|||41|||2
(|||23|||6|||8|||2
[|||7|||6|||10|||2
[|||8|||6|||16|||2
[|||9|||6|||22|||2
[|||10|||6|||27|||2
[|||11|||6|||32|||2
(|||24|||6|||36|||2
(|||25|||6|||46|||2
[|||12|||6|||48|||2
(|||26|||7|||8|||2
[|||13|||7|||10|||2
[|||14|||7|||16|||2
[|||15|||7|||22|||2
[|||16|||7|||27|||2
(|||27|||7|||31|||2
(|||28|||7|||41|||2
[|||17|||7|||43|||2
(|||29|||8|||8|||2
[|||18|||8|||10|||2
(|||30|||8|||19|||2
(|||31|||8|||37|||2
(|||32|||8|||38|||2
(|||33|||9|||8|||2
[|||19|||9|||10|||2
(|||34|||9|||21|||2
(|||35|||9|||32|||2
(|||36|||9|||33|||2
(|||37|||10|||8|||2
[|||20|||10|||10|||2
(|||38|||10|||25|||2
(|||39|||10|||26|||2
(|||40|||11|||8|||2
[|||21|||11|||10|||2
(|||41|||11|||25|||2
(|||42|||11|||26|||2
(|||43|||12|||8|||2
[|||22|||12|||10|||2
(|||44|||12|||21|||2
(|||45|||12|||40|||2
(|||46|||13|||8|||2
[|||23|||13|||10|||2
(|||47|||13|||21|||2
(|||48|||13|||40|||2
(|||49|||14|||8|||2
[|||24|||14|||10|||2
(|||50|||14|||19|||2
(|||51|||14|||37|||2
(|||52|||14|||38|||2
(|||53|||15|||8|||2
[|||25|||15|||10|||2
(|||54|||15|||21|||2
(|||55|||15|||32|||2
(|||56|||15|||33|||2
(|||57|||16|||8|||2
[|||26|||16|||10|||2
(|||58|||16|||26|||2
(|||59|||16|||37|||2
(|||60|||17|||8|||2
[|||27|||17|||10|||2
(|||61|||17|||26|||2
(|||62|||17|||39|||2
(|||63|||18|||8|||2
[|||28|||18|||10|||2
[|||29|||18|||16|||2
[|||30|||18|||33|||2
[|||31|||18|||38|||2
(|||64|||18|||49|||2
[|||32|||18|||51|||2
(|||65|||19|||8|||2
[|||33|||19|||10|||2
[|||34|||19|||16|||2
[|||35|||19|||33|||2
(|||66|||19|||44|||2
[|||36|||19|||46|||2
(|||67|||20|||8|||2
[|||37|||20|||10|||2
(|||68|||20|||19|||2
(|||69|||20|||37|||2
(|||70|||20|||38|||2
(|||71|||21|||8|||2
[|||38|||21|||10|||2
(|||72|||21|||19|||2
(|||73|||21|||37|||2
(|||74|||21|||38|||2
(|||75|||22|||8|||2
[|||39|||22|||10|||2
(|||76|||22|||25|||2
(|||77|||22|||26|||2
(|||78|||23|||8|||2
[|||40|||23|||10|||2
(|||79|||23|||25|||2
(|||80|||23|||26|||2
}|||1|||0|||44|||3
}|||2|||0|||45|||3
}|||3|||0|||46|||3
}|||4|||1|||44|||3
}|||5|||1|||45|||3
}|||6|||1|||46|||3
}|||7|||2|||42|||3
}|||8|||2|||43|||3
}|||9|||2|||44|||3
}|||10|||3|||39|||3
}|||11|||3|||40|||3
}|||12|||3|||41|||3
}|||13|||4|||44|||3
}|||14|||4|||45|||3
}|||15|||4|||46|||3
}|||16|||5|||47|||3
}|||17|||5|||48|||3
}|||18|||5|||49|||3
}|||19|||6|||53|||3
}|||20|||6|||54|||3
}|||21|||7|||48|||3
}|||22|||7|||49|||3
}|||23|||8|||44|||3
}|||24|||8|||45|||3
}|||25|||8|||46|||3
}|||26|||9|||42|||3
}|||27|||9|||43|||3
}|||28|||9|||44|||3
}|||29|||10|||32|||3
}|||30|||10|||33|||3
}|||31|||11|||32|||3
}|||32|||11|||33|||3
}|||33|||12|||44|||3
}|||34|||12|||45|||3
}|||35|||12|||46|||3
}|||36|||13|||44|||3
}|||37|||13|||45|||3
}|||38|||13|||46|||3
}|||39|||14|||44|||3
}|||40|||14|||45|||3
}|||41|||14|||46|||3
}|||42|||15|||42|||3
}|||43|||15|||43|||3
}|||44|||15|||44|||3
}|||45|||16|||45|||3
}|||46|||16|||46|||3
}|||47|||16|||47|||3
}|||48|||17|||47|||3
}|||49|||17|||48|||3
}|||50|||17|||49|||3
}|||51|||18|||30|||3
}|||52|||18|||56|||3
}|||53|||18|||57|||3
}|||54|||19|||30|||3
}|||55|||19|||51|||3
}|||56|||19|||52|||3
}|||57|||20|||44|||3
}|||58|||20|||45|||3
}|||59|||20|||46|||3
}|||60|||21|||44|||3
}|||61|||21|||45|||3
}|||62|||21|||46|||3
}|||63|||22|||32|||3
}|||64|||22|||33|||3
}|||65|||23|||32|||3
{|||1|||0|||3|||4
{|||2|||0|||14|||4
{|||3|||0|||34|||4
{|||4|||1|||3|||4
{|||5|||1|||14|||4
{|||6|||1|||34|||4
{|||7|||2|||3|||4
{|||8|||2|||14|||4
{|||9|||2|||26|||4
{|||10|||3|||3|||4
{|||11|||3|||14|||4
{|||12|||3|||26|||4
{|||13|||4|||3|||4
{|||14|||4|||14|||4
{|||15|||4|||34|||4
{|||16|||5|||3|||4
{|||17|||5|||14|||4
{|||18|||5|||34|||4
{|||19|||6|||3|||4
{|||20|||6|||14|||4
{|||21|||7|||3|||4
{|||22|||7|||14|||4
{|||23|||8|||3|||4
{|||24|||8|||14|||4
{|||25|||8|||31|||4
{|||26|||9|||3|||4
{|||27|||9|||14|||4
{|||28|||9|||26|||4
{|||29|||10|||3|||4
{|||30|||10|||14|||4
{|||31|||11|||3|||4
{|||32|||11|||14|||4
{|||33|||12|||3|||4
{|||34|||12|||14|||4
{|||35|||12|||34|||4
{|||36|||13|||3|||4
{|||37|||13|||14|||4
{|||38|||13|||34|||4
{|||39|||14|||3|||4
{|||40|||14|||14|||4
{|||41|||14|||31|||4
{|||42|||15|||3|||4
{|||43|||15|||14|||4
{|||44|||15|||26|||4
{|||45|||16|||3|||4
{|||46|||16|||14|||4
{|||47|||16|||31|||4
{|||48|||17|||3|||4
{|||49|||17|||14|||4
{|||50|||17|||33|||4
{|||51|||18|||3|||4
{|||52|||18|||14|||4
{|||53|||18|||20|||4
{|||54|||19|||3|||4
{|||55|||19|||14|||4
{|||56|||19|||20|||4
{|||57|||20|||3|||4
{|||58|||20|||14|||4
{|||59|||20|||31|||4
{|||60|||21|||3|||4
{|||61|||21|||14|||4
{|||62|||21|||31|||4
{|||63|||22|||3|||4
{|||64|||22|||14|||4
{|||65|||23|||3|||4
{|||66|||23|||14|||4
AlgorithmicBase|||1|||0|||2|||5
main|||1|||0|||7|||5
programArgs|||1|||0|||12|||5
totalElements|||1|||0|||16|||5
=|||1|||0|||17|||5
10|||1|||0|||18|||5
for|||1|||0|||20|||5
counter|||1|||0|||23|||5
=|||2|||0|||24|||5
0|||1|||0|||25|||5
counter|||2|||0|||27|||5
<|||1|||0|||28|||5
totalElements|||2|||0|||29|||5
counter|||3|||0|||31|||5
++|||1|||0|||32|||5
out|||1|||0|||37|||5
println|||1|||0|||39|||5
counter|||4|||0|||41|||5
RepeatMechanism|||1|||1|||2|||5
main|||2|||1|||7|||5
args|||1|||1|||12|||5
itemsToRepeat|||1|||1|||16|||5
=|||3|||1|||17|||5
10|||2|||1|||18|||5
for|||2|||1|||20|||5
index|||1|||1|||23|||5
=|||4|||1|||24|||5
0|||2|||1|||25|||5
index|||2|||1|||27|||5
<|||2|||1|||28|||5
itemsToRepeat|||2|||1|||29|||5
index|||3|||1|||31|||5
++|||2|||1|||32|||5
out|||2|||1|||37|||5
println|||2|||1|||39|||5
index|||4|||1|||41|||5
NumberRange|||1|||2|||2|||5
main|||3|||2|||7|||5
args|||2|||2|||12|||5
iVal|||1|||2|||16|||5
=|||5|||2|||17|||5
0|||3|||2|||18|||5
while|||1|||2|||20|||5
iVal|||2|||2|||22|||5
<|||3|||2|||23|||5
10|||3|||2|||24|||5
out|||3|||2|||29|||5
println|||3|||2|||31|||5
iVal|||3|||2|||36|||5
iVal|||4|||2|||39|||5
++|||3|||2|||40|||5
LoopProcess|||1|||3|||2|||5
main|||4|||3|||7|||5
args|||3|||3|||12|||5
iterator|||1|||3|||16|||5
=|||6|||3|||17|||5
0|||4|||3|||18|||5
while|||2|||3|||20|||5
iterator|||2|||3|||22|||5
<|||4|||3|||23|||5
10|||4|||3|||24|||5
out|||4|||3|||29|||5
println|||4|||3|||31|||5
iterator|||3|||3|||33|||5
iterator|||4|||3|||36|||5
++|||4|||3|||37|||5
DecisionGate|||1|||4|||2|||5
main|||5|||4|||7|||5
args|||4|||4|||12|||5
currentIdx|||1|||4|||16|||5
=|||7|||4|||17|||5
5|||1|||4|||18|||5
maxValue|||1|||4|||21|||5
=|||8|||4|||22|||5
10|||5|||4|||23|||5
if|||1|||4|||25|||5
currentIdx|||2|||4|||27|||5
<|||5|||4|||28|||5
maxValue|||2|||4|||32|||5
out|||5|||4|||37|||5
println|||5|||4|||39|||5
currentIdx|||3|||4|||41|||5
ConditionFail|||1|||5|||2|||5
main|||6|||5|||7|||5
args|||5|||5|||12|||5
checkIdx|||1|||5|||16|||5
=|||9|||5|||17|||5
5|||2|||5|||18|||5
upperLim|||1|||5|||21|||5
=|||10|||5|||22|||5
10|||6|||5|||23|||5
if|||2|||5|||25|||5
!|||1|||5|||27|||5
checkIdx|||2|||5|||29|||5
>=|||1|||5|||30|||5
upperLim|||2|||5|||31|||5
out|||6|||5|||37|||5
println|||6|||5|||39|||5
checkIdx|||3|||5|||44|||5
ArrayModify|||1|||6|||2|||5
main|||7|||6|||7|||5
args|||6|||6|||12|||5
dataPoints|||1|||6|||18|||5
=|||11|||6|||19|||5
new|||1|||6|||20|||5
5|||3|||6|||23|||5
dataPoints|||2|||6|||26|||5
0|||5|||6|||28|||5
=|||12|||6|||30|||5
dataPoints|||3|||6|||31|||5
0|||6|||6|||33|||5
+|||1|||6|||35|||5
100.0f|||1|||6|||39|||5
out|||7|||6|||43|||5
println|||7|||6|||45|||5
dataPoints|||4|||6|||47|||5
0|||7|||6|||49|||5
DataStore|||1|||7|||2|||5
main|||8|||7|||7|||5
args|||7|||7|||12|||5
container|||1|||7|||18|||5
=|||13|||7|||19|||5
new|||2|||7|||20|||5
5|||4|||7|||23|||5
container|||2|||7|||26|||5
0|||8|||7|||28|||5
+=|||1|||7|||30|||5
100.0f|||2|||7|||34|||5
out|||8|||7|||38|||5
println|||8|||7|||40|||5
container|||3|||7|||42|||5
0|||9|||7|||44|||5
IterateAction|||1|||8|||2|||5
main|||9|||8|||7|||5
args|||8|||8|||12|||5
kVal|||1|||8|||16|||5
for|||3|||8|||18|||5
kVal|||2|||8|||20|||5
=|||14|||8|||21|||5
0|||10|||8|||22|||5
kVal|||3|||8|||24|||5
<|||6|||8|||25|||5
5|||5|||8|||26|||5
kVal|||4|||8|||28|||5
++|||5|||8|||29|||5
out|||9|||8|||34|||5
println|||9|||8|||36|||5
kVal|||5|||8|||41|||5
LimitAchieved|||1|||9|||2|||5
main|||10|||9|||7|||5
args|||9|||9|||12|||5
limiter|||1|||9|||16|||5
=|||15|||9|||17|||5
0|||11|||9|||18|||5
while|||3|||9|||20|||5
limiter|||2|||9|||22|||5
<=|||1|||9|||23|||5
5|||6|||9|||24|||5
out|||10|||9|||29|||5
println|||10|||9|||31|||5
limiter|||3|||9|||36|||5
limiter|||4|||9|||39|||5
++|||6|||9|||40|||5
StartState|||1|||10|||2|||5
main|||11|||10|||7|||5
args|||10|||10|||12|||5
initialValue|||1|||10|||16|||5
=|||16|||10|||17|||5
0|||12|||10|||18|||5
out|||11|||10|||22|||5
println|||11|||10|||24|||5
initialValue|||2|||10|||29|||5
InitializeVal|||1|||11|||2|||5
main|||12|||11|||7|||5
args|||11|||11|||12|||5
identifier|||1|||11|||16|||5
=|||17|||11|||17|||5
1|||1|||11|||18|||5
out|||12|||11|||22|||5
println|||12|||11|||24|||5
identifier|||2|||11|||29|||5
SpanRun|||1|||12|||2|||5
main|||13|||12|||7|||5
args|||12|||12|||12|||5
limit|||1|||12|||16|||5
=|||18|||12|||17|||5
10|||7|||12|||18|||5
for|||4|||12|||20|||5
counterInner|||1|||12|||23|||5
=|||19|||12|||24|||5
0|||13|||12|||25|||5
counterInner|||2|||12|||27|||5
<|||7|||12|||28|||5
limit|||2|||12|||29|||5
counterInner|||3|||12|||31|||5
++|||7|||12|||32|||5
out|||13|||12|||37|||5
println|||13|||12|||39|||5
counterInner|||4|||12|||41|||5
BoundCheck|||1|||13|||2|||5
main|||14|||13|||7|||5
args|||13|||13|||12|||5
topRange|||1|||13|||16|||5
=|||20|||13|||17|||5
10|||8|||13|||18|||5
for|||5|||13|||20|||5
walker|||1|||13|||23|||5
=|||21|||13|||24|||5
0|||14|||13|||25|||5
walker|||2|||13|||27|||5
<|||8|||13|||28|||5
topRange|||2|||13|||29|||5
walker|||3|||13|||31|||5
++|||8|||13|||32|||5
out|||14|||13|||37|||5
println|||14|||13|||39|||5
walker|||4|||13|||41|||5
QuickCycle|||1|||14|||2|||5
main|||15|||14|||7|||5
args|||14|||14|||12|||5
loopCount|||1|||14|||16|||5
for|||6|||14|||18|||5
loopCount|||2|||14|||20|||5
=|||22|||14|||21|||5
0|||15|||14|||22|||5
loopCount|||3|||14|||24|||5
<|||9|||14|||25|||5
5|||7|||14|||26|||5
loopCount|||4|||14|||28|||5
++|||9|||14|||29|||5
out|||15|||14|||34|||5
println|||15|||14|||36|||5
loopCount|||5|||14|||41|||5
BriefRepeat|||1|||15|||2|||5
main|||16|||15|||7|||5
args|||15|||15|||12|||5
cycleVal|||1|||15|||16|||5
=|||23|||15|||17|||5
0|||16|||15|||18|||5
while|||4|||15|||20|||5
cycleVal|||2|||15|||22|||5
<|||10|||15|||23|||5
5|||8|||15|||24|||5
out|||16|||15|||29|||5
println|||16|||15|||31|||5
cycleVal|||3|||15|||36|||5
cycleVal|||4|||15|||39|||5
++|||10|||15|||40|||5
SizeCheck|||1|||16|||2|||5
main|||17|||16|||7|||5
args|||16|||16|||12|||5
lengthVal|||1|||16|||16|||5
=|||24|||16|||17|||5
7|||1|||16|||18|||5
widthVal|||1|||16|||21|||5
=|||25|||16|||22|||5
10|||9|||16|||23|||5
if|||3|||16|||25|||5
lengthVal|||2|||16|||27|||5
>|||1|||16|||28|||5
widthVal|||2|||16|||29|||5
out|||17|||16|||34|||5
println|||17|||16|||36|||5
"|||1|||16|||38|||5
x|||1|||16|||39|||5
is|||1|||16|||40|||5
greater|||1|||16|||41|||5
"|||2|||16|||42|||5
NotSmaller|||1|||17|||2|||5
main|||18|||17|||7|||5
args|||17|||17|||12|||5
leftSide|||1|||17|||16|||5
=|||26|||17|||17|||5
7|||2|||17|||18|||5
rightSide|||1|||17|||21|||5
=|||27|||17|||22|||5
10|||10|||17|||23|||5
if|||4|||17|||25|||5
leftSide|||2|||17|||27|||5
<=|||2|||17|||28|||5
rightSide|||2|||17|||29|||5
==|||1|||17|||30|||5
false|||1|||17|||31|||5
out|||18|||17|||36|||5
println|||18|||17|||38|||5
"|||3|||17|||40|||5
x|||2|||17|||41|||5
greater|||2|||17|||43|||5
"|||4|||17|||44|||5
ScaleValue|||1|||18|||2|||5
main|||19|||18|||7|||5
args|||18|||18|||12|||5
valueSet|||1|||18|||18|||5
=|||28|||18|||19|||5
1|||2|||18|||21|||5
2|||1|||18|||23|||5
3|||1|||18|||25|||5
4|||1|||18|||27|||5
5|||9|||18|||29|||5
valueSet|||2|||18|||32|||5
2|||2|||18|||34|||5
=|||29|||18|||36|||5
valueSet|||3|||18|||37|||5
2|||3|||18|||39|||5
*|||1|||18|||41|||5
2|||4|||18|||42|||5
out|||19|||18|||46|||5
println|||19|||18|||48|||5
valueSet|||4|||18|||50|||5
2|||5|||18|||52|||5
ItemScale|||1|||19|||2|||5
main|||20|||19|||7|||5
args|||19|||19|||12|||5
numberList|||1|||19|||18|||5
=|||30|||19|||19|||5
1|||3|||19|||21|||5
2|||6|||19|||23|||5
3|||2|||19|||25|||5
4|||2|||19|||27|||5
5|||10|||19|||29|||5
numberList|||2|||19|||32|||5
2|||7|||19|||34|||5
*=|||1|||19|||36|||5
2|||8|||19|||37|||5
out|||20|||19|||41|||5
println|||20|||19|||43|||5
numberList|||3|||19|||45|||5
2|||9|||19|||47|||5
IncrStep|||1|||20|||2|||5
main|||21|||20|||7|||5
args|||20|||20|||12|||5
indexLoop|||1|||20|||16|||5
for|||7|||20|||18|||5
indexLoop|||2|||20|||20|||5
=|||31|||20|||21|||5
1|||4|||20|||22|||5
indexLoop|||3|||20|||24|||5
<|||11|||20|||25|||5
4|||3|||20|||26|||5
indexLoop|||4|||20|||28|||5
++|||11|||20|||29|||5
out|||21|||20|||34|||5
println|||21|||20|||36|||5
indexLoop|||5|||20|||41|||5
StepAdvance|||1|||21|||2|||5
main|||22|||21|||7|||5
args|||21|||21|||12|||5
countIndex|||1|||21|||16|||5
for|||8|||21|||18|||5
countIndex|||2|||21|||20|||5
=|||32|||21|||21|||5
1|||5|||21|||22|||5
countIndex|||3|||21|||24|||5
<=|||3|||21|||25|||5
4|||4|||21|||26|||5
countIndex|||4|||21|||28|||5
++|||12|||21|||29|||5
out|||22|||21|||34|||5
println|||22|||21|||36|||5
countIndex|||5|||21|||41|||5
OriginZero|||1|||22|||2|||5
main|||23|||22|||7|||5
args|||22|||22|||12|||5
zero|||1|||22|||16|||5
=|||33|||22|||17|||5
0|||17|||22|||18|||5
out|||23|||22|||22|||5
println|||23|||22|||24|||5
zero|||2|||22|||29|||5
FirstPos|||1|||23|||2|||5
main|||24|||23|||7|||5
args|||23|||23|||12|||5
startVal|||1|||23|||16|||5
=|||34|||23|||17|||5
1|||6|||23|||18|||5
out|||24|||23|||22|||5
println|||24|||23|||24|||5
startVal|||2|||23|||29|||5
protected|||1|||0|||0|||6
private|||1|||0|||4|||6
static|||1|||0|||5|||6
public|||1|||1|||0|||6
public|||2|||1|||4|||6
static|||2|||1|||5|||6
private|||2|||2|||0|||6
private|||3|||2|||4|||6
static|||3|||2|||5|||6
protected|||2|||3|||0|||6
protected|||3|||3|||4|||6
static|||4|||3|||5|||6
public|||3|||4|||0|||6
public|||4|||4|||4|||6
static|||5|||4|||5|||6
private|||4|||5|||0|||6
private|||5|||5|||4|||6
static|||6|||5|||5|||6
protected|||4|||6|||0|||6
protected|||5|||6|||4|||6
static|||7|||6|||5|||6
public|||5|||7|||0|||6
public|||6|||7|||4|||6
static|||8|||7|||5|||6
private|||6|||8|||0|||6
private|||7|||8|||4|||6
static|||9|||8|||5|||6
protected|||6|||9|||0|||6
protected|||7|||9|||4|||6
static|||10|||9|||5|||6
public|||7|||10|||0|||6
public|||8|||10|||4|||6
static|||11|||10|||5|||6
private|||8|||11|||0|||6
private|||9|||11|||4|||6
static|||12|||11|||5|||6
protected|||8|||12|||0|||6
protected|||9|||12|||4|||6
static|||13|||12|||5|||6
public|||9|||13|||0|||6
public|||10|||13|||4|||6
static|||14|||13|||5|||6
private|||10|||14|||0|||6
private|||11|||14|||4|||6
static|||15|||14|||5|||6
protected|||10|||15|||0|||6
protected|||11|||15|||4|||6
static|||16|||15|||5|||6
public|||11|||16|||0|||6
public|||12|||16|||4|||6
static|||17|||16|||5|||6
private|||12|||17|||0|||6
private|||13|||17|||4|||6
static|||18|||17|||5|||6
protected|||12|||18|||0|||6
protected|||13|||18|||4|||6
static|||19|||18|||5|||6
public|||13|||19|||0|||6
public|||14|||19|||4|||6
static|||20|||19|||5|||6
private|||14|||20|||0|||6
private|||15|||20|||4|||6
static|||21|||20|||5|||6
protected|||14|||21|||0|||6
protected|||15|||21|||4|||6
static|||22|||21|||5|||6
public|||15|||22|||0|||6
public|||16|||22|||4|||6
static|||23|||22|||5|||6
private|||16|||23|||0|||6
private|||17|||23|||4|||6
static|||24|||23|||5|||6
String|||1|||0|||9|||7
System|||1|||0|||35|||7
.|||1|||0|||36|||7
.|||2|||0|||38|||7
String|||2|||1|||9|||7
System|||2|||1|||35|||7
.|||3|||1|||36|||7
.|||4|||1|||38|||7
String|||3|||2|||9|||7
System|||3|||2|||27|||7
.|||5|||2|||28|||7
.|||6|||2|||30|||7
String|||4|||3|||9|||7
System|||4|||3|||27|||7
.|||7|||3|||28|||7
.|||8|||3|||30|||7
String|||5|||4|||9|||7
System|||5|||4|||35|||7
.|||9|||4|||36|||7
.|||10|||4|||38|||7
String|||6|||5|||9|||7
System|||6|||5|||35|||7
.|||11|||5|||36|||7
.|||12|||5|||38|||7
String|||7|||6|||9|||7
System|||7|||6|||41|||7
.|||13|||6|||42|||7
.|||14|||6|||44|||7
String|||8|||7|||9|||7
System|||8|||7|||36|||7
.|||15|||7|||37|||7
.|||16|||7|||39|||7
String|||9|||8|||9|||7
System|||9|||8|||32|||7
.|||17|||8|||33|||7
.|||18|||8|||35|||7
String|||10|||9|||9|||7
System|||10|||9|||27|||7
.|||19|||9|||28|||7
.|||20|||9|||30|||7
String|||11|||10|||9|||7
System|||11|||10|||20|||7
.|||21|||10|||21|||7
.|||22|||10|||23|||7
String|||12|||11|||9|||7
System|||12|||11|||20|||7
.|||23|||11|||21|||7
.|||24|||11|||23|||7
String|||13|||12|||9|||7
System|||13|||12|||35|||7
.|||25|||12|||36|||7
.|||26|||12|||38|||7
String|||14|||13|||9|||7
System|||14|||13|||35|||7
.|||27|||13|||36|||7
.|||28|||13|||38|||7
String|||15|||14|||9|||7
System|||15|||14|||32|||7
.|||29|||14|||33|||7
.|||30|||14|||35|||7
String|||16|||15|||9|||7
System|||16|||15|||27|||7
.|||31|||15|||28|||7
.|||32|||15|||30|||7
String|||17|||16|||9|||7
System|||17|||16|||32|||7
.|||33|||16|||33|||7
.|||34|||16|||35|||7
String|||18|||17|||9|||7
System|||18|||17|||34|||7
.|||35|||17|||35|||7
.|||36|||17|||37|||7
String|||19|||18|||9|||7
System|||19|||18|||44|||7
.|||37|||18|||45|||7
.|||38|||18|||47|||7
String|||20|||19|||9|||7
System|||20|||19|||39|||7
.|||39|||19|||40|||7
.|||40|||19|||42|||7
String|||21|||20|||9|||7
System|||21|||20|||32|||7
.|||41|||20|||33|||7
.|||42|||20|||35|||7
String|||22|||21|||9|||7
System|||22|||21|||32|||7
.|||43|||21|||33|||7
.|||44|||21|||35|||7
String|||23|||22|||9|||7
System|||23|||22|||20|||7
.|||45|||22|||21|||7
.|||46|||22|||23|||7
String|||24|||23|||9|||7
System|||24|||23|||20|||7
.|||47|||23|||21|||7
.|||48|||23|||23|||7
]|||1|||0|||11|||8
]|||2|||1|||11|||8
]|||3|||2|||11|||8
]|||4|||3|||11|||8
]|||5|||4|||11|||8
]|||6|||5|||11|||8
]|||7|||6|||11|||8
]|||8|||6|||17|||8
]|||9|||6|||24|||8
]|||10|||6|||29|||8
]|||11|||6|||34|||8
]|||12|||6|||50|||8
]|||13|||7|||11|||8
]|||14|||7|||17|||8
]|||15|||7|||24|||8
]|||16|||7|||29|||8
]|||17|||7|||45|||8
]|||18|||8|||11|||8
]|||19|||9|||11|||8
]|||20|||10|||11|||8
]|||21|||11|||11|||8
]|||22|||12|||11|||8
]|||23|||13|||11|||8
]|||24|||14|||11|||8
]|||25|||15|||11|||8
]|||26|||16|||11|||8
]|||27|||17|||11|||8
]|||28|||18|||11|||8
]|||29|||18|||17|||8
]|||30|||18|||35|||8
]|||31|||18|||40|||8
]|||32|||18|||53|||8
]|||33|||19|||11|||8
]|||34|||19|||17|||8
]|||35|||19|||35|||8
]|||36|||19|||48|||8
]|||37|||20|||11|||8
]|||38|||21|||11|||8
]|||39|||22|||11|||8
]|||40|||23|||11|||8
class|||1|||0|||1|||9
)|||1|||0|||13|||9
)|||2|||0|||33|||9
)|||3|||0|||42|||9
class|||2|||1|||1|||9
)|||4|||1|||13|||9
)|||5|||1|||33|||9
)|||6|||1|||42|||9
class|||3|||2|||1|||9
)|||7|||2|||13|||9
)|||8|||2|||25|||9
)|||9|||2|||35|||9
)|||10|||2|||37|||9
class|||4|||3|||1|||9
)|||11|||3|||13|||9
)|||12|||3|||25|||9
)|||13|||3|||34|||9
class|||5|||4|||1|||9
)|||14|||4|||13|||9
)|||15|||4|||31|||9
)|||16|||4|||33|||9
)|||17|||4|||42|||9
class|||6|||5|||1|||9
)|||18|||5|||13|||9
)|||19|||5|||32|||9
)|||20|||5|||33|||9
)|||21|||5|||43|||9
)|||22|||5|||45|||9
class|||7|||6|||1|||9
)|||23|||6|||13|||9
)|||24|||6|||38|||9
)|||25|||6|||51|||9
class|||8|||7|||1|||9
)|||26|||7|||13|||9
)|||27|||7|||33|||9
)|||28|||7|||46|||9
class|||9|||8|||1|||9
)|||29|||8|||13|||9
)|||30|||8|||30|||9
)|||31|||8|||40|||9
)|||32|||8|||42|||9
class|||10|||9|||1|||9
)|||33|||9|||13|||9
)|||34|||9|||25|||9
)|||35|||9|||35|||9
)|||36|||9|||37|||9
class|||11|||10|||1|||9
)|||37|||10|||13|||9
)|||38|||10|||28|||9
)|||39|||10|||30|||9
class|||12|||11|||1|||9
)|||40|||11|||13|||9
)|||41|||11|||28|||9
)|||42|||11|||30|||9
class|||13|||12|||1|||9
)|||43|||12|||13|||9
)|||44|||12|||33|||9
)|||45|||12|||42|||9
class|||14|||13|||1|||9
)|||46|||13|||13|||9
)|||47|||13|||33|||9
)|||48|||13|||42|||9
class|||15|||14|||1|||9
)|||49|||14|||13|||9
)|||50|||14|||30|||9
)|||51|||14|||40|||9
)|||52|||14|||42|||9
class|||16|||15|||1|||9
)|||53|||15|||13|||9
)|||54|||15|||25|||9
)|||55|||15|||35|||9
)|||56|||15|||37|||9
class|||17|||16|||1|||9
)|||57|||16|||13|||9
)|||58|||16|||30|||9
)|||59|||16|||43|||9
class|||18|||17|||1|||9
)|||60|||17|||13|||9
)|||61|||17|||32|||9
is|||2|||17|||42|||9
)|||62|||17|||45|||9
class|||19|||18|||1|||9
)|||63|||18|||13|||9
,|||1|||18|||22|||9
,|||2|||18|||24|||9
,|||3|||18|||26|||9
,|||4|||18|||28|||9
)|||64|||18|||54|||9
class|||20|||19|||1|||9
)|||65|||19|||13|||9
,|||5|||19|||22|||9
,|||6|||19|||24|||9
,|||7|||19|||26|||9
,|||8|||19|||28|||9
)|||66|||19|||49|||9
class|||21|||20|||1|||9
)|||67|||20|||13|||9
)|||68|||20|||30|||9
)|||69|||20|||40|||9
)|||70|||20|||42|||9
class|||22|||21|||1|||9
)|||71|||21|||13|||9
)|||72|||21|||30|||9
)|||73|||21|||40|||9
)|||74|||21|||42|||9
class|||23|||22|||1|||9
)|||75|||22|||13|||9
)|||76|||22|||28|||9
)|||77|||22|||30|||9
class|||24|||23|||1|||9
)|||78|||23|||13|||9
)|||79|||23|||28|||9
)|||80|||23|||30|||9
