1|||1|||0|||5|||0
5|||1|||0|||9|||0
0|||1|||1|||3|||0
1|||2|||1|||10|||0
5|||2|||1|||14|||0
2|||1|||2|||5|||0
10|||1|||2|||9|||0
2|||2|||2|||13|||0
1|||3|||3|||5|||0
10|||2|||3|||9|||0
2|||3|||3|||13|||0
1|||4|||4|||3|||0
1|||5|||4|||10|||0
5|||3|||4|||14|||0
1|||6|||5|||6|||0
2|||4|||5|||8|||0
3|||1|||5|||10|||0
4|||1|||5|||12|||0
5|||4|||5|||14|||0
0|||2|||5|||22|||0
1|||7|||6|||9|||0
0|||3|||6|||13|||0
0|||4|||7|||3|||0
0|||5|||7|||10|||0
0|||6|||8|||3|||0
1|||8|||8|||7|||0
0|||7|||8|||16|||0
5|||5|||8|||20|||0
0|||8|||9|||7|||0
0|||9|||9|||14|||0
10|||3|||9|||18|||0
0|||10|||10|||3|||0
0|||11|||10|||14|||0
10|||4|||10|||18|||0
10|||5|||10|||24|||0
10|||6|||10|||28|||0
0|||12|||11|||5|||0
1|||9|||11|||13|||0
0|||13|||12|||5|||0
1|||10|||12|||13|||0
24|||1|||13|||3|||0
36|||1|||13|||7|||0
0|||14|||13|||16|||0
17|||1|||14|||3|||0
1|||11|||14|||7|||0
2|||5|||14|||14|||0
2|||6|||14|||20|||0
0|||15|||14|||31|||0
0|||16|||14|||35|||0
0|||17|||15|||5|||0
2|||7|||15|||15|||0
1|||12|||15|||41|||0
1|||13|||15|||52|||0
0|||18|||16|||10|||0
0|||19|||16|||17|||0
1|||14|||16|||47|||0
121|||1|||17|||3|||0
0|||20|||17|||7|||0
0|||21|||17|||18|||0
10|||7|||17|||22|||0
10|||8|||17|||28|||0
10|||9|||17|||32|||0
2|||8|||18|||3|||0
3|||2|||18|||7|||0
1|||15|||18|||11|||0
0|||22|||18|||18|||0
0|||23|||19|||12|||0
0|||24|||20|||5|||0
1|||16|||20|||13|||0
0|||25|||20|||23|||0
1|||17|||20|||33|||0
1|||18|||20|||49|||0
1|||19|||20|||70|||0
1|||20|||20|||77|||0
0|||26|||21|||5|||0
1|||21|||21|||13|||0
1|||22|||21|||31|||0
1|||23|||22|||5|||0
1|||24|||22|||29|||0
0|||27|||22|||35|||0
1|||25|||22|||48|||0
1|||26|||22|||61|||0
0|||28|||23|||5|||0
5|||6|||23|||9|||0
1|||27|||23|||18|||0
0|||29|||23|||25|||0
1|||28|||23|||60|||0
5|||7|||24|||3|||0
2|||9|||24|||7|||0
1|||29|||24|||11|||0
1|||30|||24|||15|||0
0|||30|||24|||22|||0
1|||31|||24|||45|||0
0|||31|||25|||7|||0
0|||32|||25|||14|||0
10|||10|||25|||18|||0
10|||11|||25|||24|||0
1|||32|||26|||12|||0
0|||33|||26|||19|||0
0|||34|||27|||12|||0
2|||10|||28|||5|||0
50|||1|||28|||9|||0
1|||33|||28|||18|||0
2|||11|||28|||25|||0
2|||12|||28|||31|||0
0|||35|||28|||42|||0
0|||36|||28|||46|||0
1|||34|||28|||52|||0
12|||1|||29|||3|||0
18|||1|||29|||7|||0
0|||37|||29|||28|||0
0|||38|||29|||34|||0
1|||35|||30|||3|||0
5|||8|||30|||9|||0
0|||39|||31|||3|||0
1|||36|||31|||7|||0
5|||9|||31|||13|||0
2|||13|||32|||3|||0
10|||12|||32|||9|||0
2|||14|||32|||26|||0
1|||37|||33|||3|||0
10|||13|||33|||9|||0
2|||15|||33|||26|||0
1|||38|||34|||3|||0
1|||39|||34|||7|||0
5|||10|||34|||13|||0
1|||40|||35|||6|||0
2|||16|||35|||8|||0
3|||3|||35|||10|||0
4|||2|||35|||12|||0
5|||11|||35|||14|||0
0|||40|||35|||20|||0
1|||41|||36|||7|||0
0|||41|||36|||13|||0
0|||42|||37|||3|||0
0|||43|||37|||7|||0
0|||44|||38|||3|||0
1|||42|||38|||7|||0
0|||45|||38|||13|||0
5|||12|||38|||19|||0
0|||46|||39|||7|||0
0|||47|||39|||13|||0
10|||14|||39|||21|||0
0|||48|||40|||3|||0
0|||49|||40|||13|||0
10|||15|||40|||20|||0
10|||16|||40|||24|||0
10|||17|||40|||28|||0
0|||50|||41|||5|||0
1|||43|||41|||10|||0
0|||51|||42|||5|||0
1|||44|||42|||10|||0
24|||2|||43|||3|||0
36|||2|||43|||7|||0
0|||52|||43|||15|||0
17|||2|||44|||3|||0
1|||45|||44|||7|||0
2|||17|||44|||11|||0
2|||18|||44|||19|||0
0|||53|||44|||28|||0
0|||54|||44|||32|||0
0|||55|||45|||3|||0
2|||19|||45|||15|||0
1|||46|||45|||38|||0
1|||47|||45|||49|||0
0|||56|||46|||10|||0
0|||57|||46|||14|||0
1|||48|||46|||44|||0
121|||2|||47|||3|||0
0|||58|||47|||7|||0
0|||59|||47|||17|||0
10|||18|||47|||24|||0
10|||19|||47|||28|||0
10|||20|||47|||32|||0
2|||20|||48|||3|||0
3|||4|||48|||7|||0
1|||49|||48|||11|||0
0|||60|||48|||15|||0
0|||61|||49|||10|||0
0|||62|||50|||3|||0
1|||50|||50|||13|||0
0|||63|||50|||19|||0
1|||51|||50|||31|||0
1|||52|||50|||45|||0
1|||53|||50|||66|||0
1|||54|||50|||73|||0
0|||64|||51|||3|||0
1|||55|||51|||13|||0
1|||56|||51|||25|||0
1|||57|||52|||3|||0
1|||58|||52|||26|||0
0|||65|||52|||32|||0
1|||59|||52|||46|||0
1|||60|||52|||62|||0
0|||66|||53|||3|||0
5|||13|||53|||9|||0
1|||61|||53|||15|||0
0|||67|||53|||19|||0
1|||62|||53|||53|||0
5|||14|||54|||3|||0
2|||21|||54|||7|||0
1|||63|||54|||11|||0
1|||64|||54|||15|||0
0|||68|||54|||19|||0
1|||65|||54|||41|||0
0|||69|||55|||7|||0
0|||70|||55|||13|||0
10|||21|||55|||20|||0
10|||22|||55|||24|||0
1|||66|||56|||12|||0
0|||71|||56|||16|||0
0|||72|||57|||10|||0
2|||22|||58|||3|||0
50|||2|||58|||9|||0
1|||67|||58|||15|||0
2|||23|||58|||19|||0
2|||24|||58|||27|||0
0|||73|||58|||36|||0
0|||74|||58|||40|||0
1|||68|||58|||50|||0
12|||2|||59|||3|||0
18|||2|||59|||7|||0
0|||75|||59|||27|||0
0|||76|||59|||33|||0
System|||1|||0|||14|||1
out|||1|||0|||16|||1
print|||1|||0|||18|||1
sum|||1|||1|||1|||1
sum|||2|||1|||19|||1
System|||2|||2|||15|||1
out|||2|||2|||17|||1
print|||2|||2|||19|||1
System|||3|||3|||15|||1
out|||3|||3|||17|||1
print|||3|||3|||19|||1
fact|||1|||4|||1|||1
fact|||2|||4|||19|||1
System|||4|||5|||33|||1
out|||4|||5|||35|||1
print|||4|||5|||37|||1
System|||5|||6|||18|||1
out|||5|||6|||20|||1
print|||5|||6|||22|||1
sum|||3|||7|||1|||1
sum|||4|||7|||21|||1
a|||1|||8|||1|||1
b|||1|||8|||5|||1
c|||1|||8|||9|||1
System|||6|||8|||26|||1
out|||6|||8|||28|||1
print|||6|||8|||30|||1
a|||2|||8|||32|||1
c|||2|||8|||38|||1
a|||3|||8|||40|||1
b|||2|||8|||42|||1
a|||4|||8|||44|||1
b|||3|||8|||46|||1
b|||4|||8|||48|||1
c|||3|||8|||50|||1
num|||1|||9|||1|||1
12345|||1|||9|||3|||1
count|||1|||9|||5|||1
num|||2|||9|||12|||1
num|||3|||9|||16|||1
count|||2|||9|||20|||1
rev|||1|||10|||1|||1
num|||4|||10|||5|||1
num|||5|||10|||12|||1
num|||6|||10|||16|||1
rev|||2|||10|||20|||1
rev|||3|||10|||22|||1
num|||7|||10|||26|||1
max|||1|||11|||1|||1
max|||2|||11|||31|||1
max|||3|||11|||33|||1
min|||1|||12|||1|||1
min|||2|||12|||31|||1
min|||3|||12|||33|||1
a|||5|||13|||1|||1
b|||5|||13|||5|||1
t|||1|||13|||12|||1
b|||6|||13|||14|||1
t|||2|||13|||18|||1
b|||7|||13|||20|||1
b|||8|||13|||22|||1
a|||6|||13|||24|||1
b|||9|||13|||26|||1
a|||7|||13|||28|||1
t|||3|||13|||30|||1
n|||1|||14|||1|||1
flag|||1|||14|||5|||1
n|||2|||14|||18|||1
n|||3|||14|||27|||1
flag|||2|||14|||33|||1
temp|||1|||15|||7|||1
temp|||2|||15|||21|||1
temp|||3|||15|||55|||1
str|||1|||16|||1|||1
hello|||1|||16|||4|||1
vc|||1|||16|||8|||1
str|||2|||16|||21|||1
aeiou|||1|||16|||33|||1
str|||3|||16|||38|||1
vc|||2|||16|||49|||1
num|||8|||17|||1|||1
rev|||4|||17|||5|||1
temp|||4|||17|||9|||1
num|||9|||17|||11|||1
temp|||5|||17|||16|||1
temp|||6|||17|||20|||1
rev|||5|||17|||24|||1
rev|||6|||17|||26|||1
temp|||7|||17|||30|||1
x|||1|||18|||1|||1
y|||1|||18|||5|||1
res|||1|||18|||9|||1
y|||2|||18|||22|||1
res|||2|||18|||27|||1
x|||2|||18|||29|||1
s|||1|||19|||1|||1
abc|||1|||19|||4|||1
s|||2|||19|||16|||1
System|||7|||19|||25|||1
out|||7|||19|||27|||1
print|||7|||19|||29|||1
s|||3|||19|||34|||1
t|||4|||20|||54|||1
t|||5|||20|||80|||1
min|||4|||21|||20|||1
min|||5|||21|||51|||1
min|||6|||21|||54|||1
t|||6|||21|||59|||1
min|||7|||21|||73|||1
min|||8|||21|||78|||1
t|||7|||21|||81|||1
key|||1|||22|||18|||1
key|||2|||22|||42|||1
key|||3|||22|||64|||1
c|||4|||23|||16|||1
System|||8|||23|||35|||1
out|||8|||23|||37|||1
print|||8|||23|||39|||1
c|||5|||23|||41|||1
c|||6|||23|||47|||1
c|||7|||23|||49|||1
System|||9|||23|||64|||1
out|||9|||23|||66|||1
println|||1|||23|||68|||1
n|||4|||24|||1|||1
r|||1|||24|||5|||1
num|||10|||24|||9|||1
den|||1|||24|||13|||1
r|||2|||24|||26|||1
num|||11|||24|||32|||1
n|||5|||24|||35|||1
den|||2|||24|||40|||1
System|||10|||24|||49|||1
out|||10|||24|||51|||1
print|||9|||24|||53|||1
num|||12|||24|||55|||1
den|||3|||24|||57|||1
num|||13|||25|||1|||1
123|||1|||25|||3|||1
sum|||5|||25|||5|||1
num|||14|||25|||12|||1
num|||15|||25|||16|||1
sum|||6|||25|||20|||1
num|||16|||25|||22|||1
str|||4|||26|||1|||1
Hello|||1|||26|||4|||1
world|||1|||26|||5|||1
Java|||1|||26|||6|||1
wc|||1|||26|||10|||1
str|||5|||26|||23|||1
str|||6|||26|||34|||1
wc|||2|||26|||44|||1
str|||7|||27|||1|||1
hello|||2|||27|||4|||1
str|||8|||27|||16|||1
System|||11|||27|||25|||1
out|||11|||27|||27|||1
print|||10|||27|||29|||1
char|||1|||27|||32|||1
str|||9|||27|||35|||1
f|||1|||28|||16|||1
f|||2|||28|||44|||1
f|||3|||28|||50|||1
System|||12|||28|||54|||1
out|||12|||28|||56|||1
print|||11|||28|||58|||1
a|||8|||29|||1|||1
b|||10|||29|||5|||1
lcm|||1|||29|||9|||1
a|||9|||29|||12|||1
b|||11|||29|||14|||1
a|||10|||29|||17|||1
b|||12|||29|||19|||1
lcm|||2|||29|||24|||1
a|||11|||29|||26|||1
lcm|||3|||29|||30|||1
b|||13|||29|||32|||1
lcm|||4|||29|||36|||1
System|||13|||29|||40|||1
out|||13|||29|||42|||1
print|||12|||29|||44|||1
lcm|||5|||29|||46|||1
System|||14|||30|||12|||1
out|||14|||30|||14|||1
print|||13|||30|||16|||1
sum|||7|||31|||1|||1
sum|||8|||31|||16|||1
System|||15|||32|||12|||1
out|||15|||32|||14|||1
print|||14|||32|||16|||1
System|||16|||33|||12|||1
out|||16|||33|||14|||1
print|||15|||33|||16|||1
fact|||3|||34|||1|||1
fact|||4|||34|||16|||1
System|||17|||35|||31|||1
out|||17|||35|||33|||1
print|||16|||35|||35|||1
System|||18|||36|||16|||1
out|||18|||36|||18|||1
print|||17|||36|||20|||1
sum|||9|||37|||1|||1
sum|||10|||37|||18|||1
a|||12|||38|||1|||1
b|||14|||38|||5|||1
c|||8|||38|||9|||1
System|||19|||38|||22|||1
out|||19|||38|||24|||1
print|||18|||38|||26|||1
a|||13|||38|||28|||1
c|||9|||38|||34|||1
a|||14|||38|||36|||1
b|||15|||38|||38|||1
a|||15|||38|||40|||1
b|||16|||38|||42|||1
b|||17|||38|||44|||1
c|||10|||38|||46|||1
num|||17|||39|||1|||1
12345|||2|||39|||3|||1
count|||3|||39|||5|||1
num|||18|||39|||11|||1
count|||4|||39|||16|||1
num|||19|||39|||19|||1
rev|||7|||40|||1|||1
num|||20|||40|||5|||1
num|||21|||40|||11|||1
rev|||8|||40|||16|||1
rev|||9|||40|||18|||1
num|||22|||40|||22|||1
num|||23|||40|||26|||1
max|||4|||41|||1|||1
max|||5|||41|||28|||1
max|||6|||41|||30|||1
min|||9|||42|||1|||1
min|||10|||42|||28|||1
min|||11|||42|||30|||1
a|||16|||43|||1|||1
b|||18|||43|||5|||1
t|||8|||43|||9|||1
b|||19|||43|||13|||1
t|||9|||43|||18|||1
b|||20|||43|||20|||1
b|||21|||43|||22|||1
a|||17|||43|||24|||1
b|||22|||43|||26|||1
a|||18|||43|||28|||1
t|||10|||43|||30|||1
n|||6|||44|||1|||1
flag|||3|||44|||5|||1
n|||7|||44|||17|||1
n|||8|||44|||24|||1
flag|||4|||44|||30|||1
temp|||8|||45|||5|||1
temp|||9|||45|||18|||1
temp|||10|||45|||52|||1
str|||10|||46|||1|||1
hello|||3|||46|||4|||1
vc|||3|||46|||8|||1
str|||11|||46|||20|||1
aeiou|||2|||46|||30|||1
str|||12|||46|||35|||1
vc|||4|||46|||46|||1
num|||24|||47|||1|||1
rev|||10|||47|||5|||1
temp|||11|||47|||9|||1
num|||25|||47|||11|||1
temp|||12|||47|||15|||1
rev|||11|||47|||20|||1
rev|||12|||47|||22|||1
temp|||13|||47|||26|||1
temp|||14|||47|||30|||1
x|||3|||48|||1|||1
y|||3|||48|||5|||1
res|||3|||48|||9|||1
y|||4|||48|||21|||1
res|||4|||48|||24|||1
x|||4|||48|||26|||1
s|||4|||49|||1|||1
abc|||2|||49|||4|||1
s|||5|||49|||16|||1
System|||20|||49|||23|||1
out|||20|||49|||25|||1
print|||19|||49|||27|||1
s|||6|||49|||32|||1
t|||11|||50|||50|||1
t|||12|||50|||76|||1
min|||12|||51|||17|||1
min|||13|||51|||45|||1
min|||14|||51|||48|||1
t|||13|||51|||57|||1
min|||15|||51|||71|||1
min|||16|||51|||76|||1
t|||14|||51|||79|||1
key|||4|||52|||15|||1
key|||5|||52|||39|||1
key|||6|||52|||65|||1
c|||11|||53|||13|||1
System|||21|||53|||28|||1
out|||21|||53|||30|||1
print|||20|||53|||32|||1
c|||12|||53|||34|||1
c|||13|||53|||40|||1
c|||14|||53|||42|||1
System|||22|||53|||60|||1
out|||22|||53|||62|||1
println|||2|||53|||64|||1
n|||9|||54|||1|||1
r|||3|||54|||5|||1
num|||26|||54|||9|||1
den|||4|||54|||13|||1
r|||4|||54|||25|||1
num|||27|||54|||28|||1
n|||10|||54|||31|||1
den|||5|||54|||36|||1
System|||23|||54|||48|||1
out|||23|||54|||50|||1
print|||21|||54|||52|||1
num|||28|||54|||54|||1
den|||6|||54|||56|||1
num|||29|||55|||1|||1
123|||2|||55|||3|||1
sum|||11|||55|||5|||1
num|||30|||55|||11|||1
sum|||12|||55|||16|||1
num|||31|||55|||18|||1
num|||32|||55|||22|||1
str|||13|||56|||1|||1
Hello|||2|||56|||4|||1
world|||2|||56|||5|||1
Java|||2|||56|||6|||1
wc|||3|||56|||10|||1
str|||14|||56|||22|||1
str|||15|||56|||31|||1
wc|||4|||56|||41|||1
str|||16|||57|||1|||1
hello|||4|||57|||4|||1
str|||17|||57|||16|||1
System|||24|||57|||23|||1
out|||24|||57|||25|||1
print|||22|||57|||27|||1
char|||2|||57|||30|||1
str|||18|||57|||33|||1
f|||4|||58|||13|||1
f|||5|||58|||38|||1
f|||6|||58|||48|||1
System|||25|||58|||52|||1
out|||25|||58|||54|||1
print|||23|||58|||56|||1
a|||19|||59|||1|||1
b|||23|||59|||5|||1
lcm|||6|||59|||9|||1
a|||20|||59|||12|||1
b|||24|||59|||14|||1
a|||21|||59|||17|||1
b|||25|||59|||19|||1
lcm|||7|||59|||23|||1
a|||22|||59|||25|||1
lcm|||8|||59|||29|||1
b|||26|||59|||31|||1
lcm|||9|||59|||35|||1
System|||26|||59|||38|||1
out|||26|||59|||40|||1
print|||24|||59|||42|||1
lcm|||10|||59|||44|||1
for|||1|||0|||0|||2
(|||1|||0|||1|||2
<=|||1|||0|||8|||2
++|||1|||0|||12|||2
for|||2|||1|||5|||2
(|||3|||1|||6|||2
<=|||2|||1|||13|||2
++|||2|||1|||17|||2
+=|||1|||1|||20|||2
for|||3|||2|||0|||2
(|||4|||2|||1|||2
<=|||3|||2|||8|||2
+=|||2|||2|||12|||2
for|||4|||3|||0|||2
(|||6|||3|||1|||2
<=|||4|||3|||8|||2
+=|||3|||3|||12|||2
for|||5|||4|||5|||2
(|||8|||4|||6|||2
<=|||5|||4|||13|||2
++|||3|||4|||17|||2
for|||6|||5|||17|||2
(|||9|||5|||18|||2
<|||1|||5|||25|||2
++|||4|||5|||31|||2
for|||7|||6|||0|||2
(|||11|||6|||1|||2
>=|||1|||6|||12|||2
--|||1|||6|||16|||2
for|||8|||7|||5|||2
(|||13|||7|||6|||2
<|||2|||7|||13|||2
++|||5|||7|||19|||2
+=|||4|||7|||22|||2
for|||9|||8|||11|||2
(|||14|||8|||12|||2
<|||3|||8|||19|||2
++|||6|||8|||23|||2
for|||10|||9|||9|||2
(|||16|||9|||10|||2
>|||1|||9|||13|||2
++|||7|||9|||21|||2
for|||11|||10|||9|||2
(|||17|||10|||10|||2
>|||2|||10|||13|||2
for|||12|||11|||8|||2
(|||18|||11|||9|||2
<|||4|||11|||16|||2
++|||8|||11|||22|||2
(|||19|||11|||25|||2
>|||3|||11|||30|||2
for|||13|||12|||8|||2
(|||20|||12|||9|||2
<|||5|||12|||16|||2
++|||9|||12|||22|||2
(|||21|||12|||25|||2
<|||6|||12|||30|||2
for|||14|||13|||9|||2
(|||22|||13|||10|||2
!=|||1|||13|||15|||2
%|||2|||13|||25|||2
for|||15|||14|||9|||2
(|||23|||14|||10|||2
<=|||6|||14|||17|||2
++|||10|||14|||23|||2
(|||24|||14|||26|||2
%|||3|||14|||28|||2
for|||16|||15|||0|||2
(|||25|||15|||1|||2
<|||7|||15|||10|||2
++|||11|||15|||18|||2
for|||17|||16|||12|||2
(|||26|||16|||13|||2
<|||8|||16|||20|||2
++|||12|||16|||28|||2
++|||13|||16|||50|||2
for|||18|||17|||13|||2
(|||31|||17|||14|||2
>|||4|||17|||17|||2
for|||19|||18|||13|||2
(|||32|||18|||14|||2
<|||9|||18|||21|||2
++|||14|||18|||25|||2
for|||20|||19|||7|||2
(|||33|||19|||8|||2
<|||10|||19|||15|||2
++|||15|||19|||23|||2
for|||21|||20|||0|||2
(|||38|||20|||1|||2
<|||11|||20|||8|||2
++|||16|||20|||16|||2
for|||22|||20|||18|||2
(|||39|||20|||19|||2
<|||12|||20|||26|||2
++|||17|||20|||36|||2
(|||40|||20|||39|||2
for|||23|||21|||0|||2
(|||41|||21|||1|||2
<|||13|||21|||8|||2
++|||18|||21|||16|||2
for|||24|||21|||24|||2
(|||42|||21|||25|||2
<|||14|||21|||34|||2
++|||19|||21|||40|||2
(|||43|||21|||43|||2
<|||15|||21|||48|||2
for|||25|||22|||0|||2
(|||44|||22|||1|||2
<|||16|||22|||8|||2
++|||20|||22|||14|||2
while|||1|||22|||31|||2
(|||45|||22|||32|||2
>=|||2|||22|||34|||2
>|||6|||22|||41|||2
--|||2|||22|||54|||2
for|||26|||23|||0|||2
(|||46|||23|||1|||2
<|||17|||23|||8|||2
++|||21|||23|||12|||2
for|||27|||23|||20|||2
(|||47|||23|||21|||2
<=|||7|||23|||28|||2
++|||22|||23|||32|||2
for|||28|||24|||17|||2
(|||52|||24|||18|||2
<|||18|||24|||25|||2
++|||23|||24|||29|||2
for|||29|||25|||9|||2
(|||56|||25|||10|||2
>|||7|||25|||13|||2
+=|||5|||25|||21|||2
%|||5|||25|||23|||2
for|||30|||26|||14|||2
(|||57|||26|||15|||2
<|||19|||26|||22|||2
++|||24|||26|||30|||2
(|||59|||26|||33|||2
++|||25|||26|||45|||2
for|||31|||27|||7|||2
(|||61|||27|||8|||2
<|||20|||27|||15|||2
++|||26|||27|||23|||2
for|||32|||28|||0|||2
(|||67|||28|||1|||2
<=|||8|||28|||8|||2
++|||27|||28|||12|||2
for|||33|||28|||20|||2
(|||68|||28|||21|||2
<=|||9|||28|||28|||2
++|||28|||28|||34|||2
(|||69|||28|||37|||2
%|||6|||28|||39|||2
(|||70|||28|||49|||2
>|||8|||29|||13|||2
for|||34|||29|||21|||2
(|||73|||29|||22|||2
%|||7|||29|||25|||2
%|||8|||29|||31|||2
++|||29|||29|||37|||2
while|||2|||30|||5|||2
(|||75|||30|||6|||2
<=|||10|||30|||8|||2
++|||30|||30|||25|||2
while|||3|||31|||9|||2
(|||77|||31|||10|||2
<=|||11|||31|||12|||2
+=|||6|||31|||17|||2
++|||31|||31|||21|||2
while|||4|||32|||5|||2
(|||78|||32|||6|||2
<=|||12|||32|||8|||2
+=|||7|||32|||25|||2
while|||5|||33|||5|||2
(|||80|||33|||6|||2
<=|||13|||33|||8|||2
+=|||8|||33|||25|||2
while|||6|||34|||9|||2
(|||82|||34|||10|||2
<=|||14|||34|||12|||2
++|||32|||34|||21|||2
while|||7|||35|||22|||2
(|||83|||35|||23|||2
<|||21|||35|||25|||2
++|||33|||35|||47|||2
while|||8|||36|||9|||2
(|||85|||36|||10|||2
>=|||3|||36|||12|||2
--|||3|||36|||32|||2
while|||9|||37|||9|||2
(|||87|||37|||10|||2
<|||22|||37|||12|||2
+=|||9|||37|||19|||2
++|||34|||37|||26|||2
while|||10|||38|||15|||2
(|||88|||38|||16|||2
<|||23|||38|||18|||2
++|||35|||38|||49|||2
while|||11|||39|||9|||2
(|||90|||39|||10|||2
>|||9|||39|||12|||2
++|||36|||39|||17|||2
while|||12|||40|||9|||2
(|||91|||40|||10|||2
>|||10|||40|||12|||2
%|||9|||40|||23|||2
while|||13|||41|||12|||2
(|||92|||41|||13|||2
<|||24|||41|||15|||2
(|||93|||41|||22|||2
>|||11|||41|||27|||2
++|||37|||41|||38|||2
while|||14|||42|||12|||2
(|||94|||42|||13|||2
<|||25|||42|||15|||2
(|||95|||42|||22|||2
<|||26|||42|||27|||2
++|||38|||42|||38|||2
while|||15|||43|||11|||2
(|||96|||43|||12|||2
!=|||5|||43|||14|||2
%|||10|||43|||25|||2
while|||16|||44|||13|||2
(|||97|||44|||14|||2
<=|||15|||44|||16|||2
(|||98|||44|||23|||2
%|||11|||44|||25|||2
++|||39|||44|||35|||2
while|||17|||45|||7|||2
(|||99|||45|||8|||2
<|||27|||45|||10|||2
++|||40|||45|||55|||2
while|||18|||46|||16|||2
(|||100|||46|||17|||2
<|||28|||46|||19|||2
++|||41|||46|||47|||2
++|||42|||46|||50|||2
while|||19|||47|||13|||2
(|||105|||47|||14|||2
>|||12|||47|||16|||2
%|||12|||47|||27|||2
while|||20|||48|||17|||2
(|||106|||48|||18|||2
<|||29|||48|||20|||2
++|||43|||48|||29|||2
while|||21|||49|||12|||2
(|||107|||49|||13|||2
<|||30|||49|||15|||2
++|||44|||49|||44|||2
while|||22|||50|||5|||2
(|||112|||50|||6|||2
<|||31|||50|||8|||2
while|||23|||50|||21|||2
(|||113|||50|||22|||2
<|||32|||50|||24|||2
(|||114|||50|||35|||2
++|||45|||50|||80|||2
++|||46|||50|||84|||2
while|||24|||51|||5|||2
(|||115|||51|||6|||2
<|||33|||51|||8|||2
while|||25|||51|||27|||2
(|||116|||51|||28|||2
<|||34|||51|||30|||2
(|||117|||51|||37|||2
<|||35|||51|||42|||2
++|||47|||51|||53|||2
++|||48|||51|||82|||2
while|||26|||52|||5|||2
(|||118|||52|||6|||2
<|||36|||52|||8|||2
while|||27|||52|||28|||2
(|||119|||52|||29|||2
>=|||4|||52|||31|||2
>|||14|||52|||38|||2
--|||4|||52|||55|||2
++|||49|||52|||68|||2
while|||28|||53|||5|||2
(|||120|||53|||6|||2
<|||37|||53|||8|||2
while|||29|||53|||21|||2
(|||121|||53|||22|||2
<=|||16|||53|||24|||2
++|||50|||53|||57|||2
++|||51|||53|||69|||2
while|||30|||54|||21|||2
(|||126|||54|||22|||2
<|||38|||54|||24|||2
++|||52|||54|||45|||2
while|||31|||55|||9|||2
(|||130|||55|||10|||2
>|||15|||55|||12|||2
+=|||10|||55|||17|||2
%|||13|||55|||19|||2
while|||32|||56|||18|||2
(|||131|||56|||19|||2
<|||39|||56|||21|||2
(|||133|||56|||30|||2
++|||53|||56|||42|||2
++|||54|||56|||45|||2
while|||33|||57|||12|||2
(|||135|||57|||13|||2
<|||40|||57|||15|||2
++|||55|||57|||45|||2
while|||34|||58|||5|||2
(|||141|||58|||6|||2
<=|||17|||58|||8|||2
while|||35|||58|||21|||2
(|||142|||58|||22|||2
<=|||18|||58|||24|||2
(|||143|||58|||31|||2
%|||14|||58|||33|||2
++|||56|||58|||43|||2
(|||144|||58|||47|||2
++|||57|||58|||65|||2
>|||16|||59|||13|||2
while|||36|||59|||21|||2
(|||147|||59|||22|||2
%|||15|||59|||24|||2
%|||16|||59|||30|||2
++|||58|||59|||36|||2
int|||1|||0|||2|||3
int|||2|||1|||0|||3
int|||3|||1|||7|||3
int|||4|||2|||2|||3
int|||5|||3|||2|||3
int|||6|||4|||0|||3
int|||7|||4|||7|||3
int|||8|||5|||0|||3
int|||9|||5|||19|||3
int|||10|||6|||2|||3
int|||11|||7|||0|||3
int|||12|||7|||7|||3
int|||13|||8|||0|||3
int|||14|||8|||13|||3
int|||15|||9|||0|||3
int|||16|||10|||0|||3
int|||17|||11|||0|||3
int|||18|||11|||10|||3
int|||19|||12|||0|||3
int|||20|||12|||10|||3
int|||21|||13|||0|||3
int|||22|||13|||11|||3
int|||23|||14|||0|||3
int|||24|||14|||11|||3
int|||25|||15|||2|||3
String|||1|||16|||0|||3
int|||26|||16|||7|||3
int|||27|||16|||14|||3
int|||28|||17|||0|||3
int|||29|||18|||0|||3
int|||30|||18|||15|||3
String|||2|||19|||0|||3
int|||31|||19|||9|||3
int|||32|||19|||32|||3
int|||33|||20|||2|||3
int|||34|||20|||20|||3
int|||35|||20|||53|||3
int|||36|||21|||2|||3
int|||37|||21|||19|||3
int|||38|||21|||26|||3
int|||39|||21|||58|||3
int|||40|||22|||2|||3
int|||41|||22|||17|||3
int|||42|||23|||2|||3
int|||43|||23|||15|||3
int|||44|||23|||22|||3
int|||45|||24|||0|||3
int|||46|||24|||19|||3
int|||47|||25|||0|||3
String|||3|||26|||0|||3
int|||48|||26|||9|||3
int|||49|||26|||16|||3
String|||4|||27|||0|||3
int|||50|||27|||9|||3
int|||51|||28|||2|||3
int|||52|||28|||15|||3
int|||53|||28|||22|||3
int|||54|||29|||0|||3
int|||55|||30|||0|||3
int|||56|||31|||0|||3
int|||57|||32|||0|||3
int|||58|||33|||0|||3
int|||59|||34|||0|||3
int|||60|||35|||0|||3
int|||61|||35|||17|||3
int|||62|||36|||0|||3
int|||63|||37|||0|||3
int|||64|||38|||0|||3
int|||65|||39|||0|||3
int|||66|||40|||0|||3
int|||67|||41|||0|||3
int|||68|||42|||0|||3
int|||69|||43|||0|||3
int|||70|||44|||0|||3
int|||71|||45|||0|||3
String|||5|||46|||0|||3
int|||72|||46|||7|||3
int|||73|||47|||0|||3
int|||74|||48|||0|||3
String|||6|||49|||0|||3
int|||75|||49|||7|||3
int|||76|||49|||30|||3
int|||77|||50|||0|||3
int|||78|||50|||16|||3
int|||79|||50|||49|||3
int|||80|||51|||0|||3
int|||81|||51|||16|||3
int|||82|||51|||56|||3
int|||83|||52|||0|||3
int|||84|||52|||14|||3
int|||85|||53|||0|||3
int|||86|||53|||12|||3
int|||87|||54|||0|||3
int|||88|||55|||0|||3
String|||7|||56|||0|||3
int|||89|||56|||9|||3
String|||8|||57|||0|||3
int|||90|||57|||7|||3
int|||91|||58|||0|||3
int|||92|||58|||12|||3
int|||93|||59|||0|||3
j|||1|||20|||21|||4
j|||2|||20|||25|||4
j|||3|||20|||35|||4
j|||4|||20|||42|||4
j|||5|||20|||47|||4
j|||6|||20|||58|||4
j|||7|||20|||63|||4
j|||8|||20|||68|||4
j|||9|||20|||75|||4
j|||10|||21|||27|||4
j|||11|||21|||33|||4
j|||12|||21|||39|||4
j|||13|||21|||46|||4
j|||14|||21|||56|||4
j|||15|||22|||25|||4
j|||16|||22|||33|||4
j|||17|||22|||39|||4
j|||18|||22|||46|||4
j|||19|||22|||53|||4
j|||20|||22|||59|||4
j|||21|||23|||23|||4
j|||22|||23|||27|||4
j|||23|||23|||31|||4
j|||24|||23|||54|||4
j|||25|||23|||58|||4
j|||26|||28|||23|||4
j|||27|||28|||27|||4
j|||28|||28|||33|||4
j|||29|||28|||40|||4
j|||30|||50|||17|||4
j|||31|||50|||23|||4
j|||32|||50|||38|||4
j|||33|||50|||43|||4
j|||34|||50|||54|||4
j|||35|||50|||59|||4
j|||36|||50|||64|||4
j|||37|||50|||71|||4
j|||38|||50|||79|||4
j|||39|||51|||21|||4
j|||40|||51|||29|||4
j|||41|||51|||40|||4
j|||42|||51|||50|||4
j|||43|||51|||52|||4
j|||44|||52|||22|||4
j|||45|||52|||30|||4
j|||46|||52|||36|||4
j|||47|||52|||44|||4
j|||48|||52|||51|||4
j|||49|||52|||54|||4
j|||50|||52|||60|||4
j|||51|||53|||17|||4
j|||52|||53|||23|||4
j|||53|||53|||47|||4
j|||54|||53|||51|||4
j|||55|||53|||56|||4
j|||56|||58|||17|||4
j|||57|||58|||23|||4
j|||58|||58|||34|||4
j|||59|||58|||42|||4
arr|||1|||5|||3|||5
arr|||2|||5|||26|||5
arr|||3|||5|||39|||5
arr|||4|||6|||5|||5
arr|||5|||6|||24|||5
arr|||6|||7|||14|||5
arr|||7|||7|||23|||5
arr|||8|||11|||3|||5
arr|||9|||11|||17|||5
arr|||10|||11|||26|||5
arr|||11|||11|||35|||5
arr|||12|||12|||3|||5
arr|||13|||12|||17|||5
arr|||14|||12|||26|||5
arr|||15|||12|||35|||5
arr|||16|||15|||11|||5
arr|||17|||15|||23|||5
arr|||18|||15|||28|||5
arr|||19|||15|||33|||5
arr|||20|||15|||35|||5
arr|||21|||15|||44|||5
arr|||22|||15|||46|||5
arr|||23|||20|||9|||5
arr|||24|||20|||27|||5
arr|||25|||20|||40|||5
arr|||26|||20|||45|||5
arr|||27|||20|||56|||5
arr|||28|||20|||61|||5
arr|||29|||20|||66|||5
arr|||30|||20|||73|||5
arr|||31|||21|||9|||5
arr|||32|||21|||35|||5
arr|||33|||21|||44|||5
arr|||34|||21|||49|||5
arr|||35|||21|||61|||5
arr|||36|||21|||66|||5
arr|||37|||21|||71|||5
arr|||38|||21|||76|||5
arr|||39|||22|||9|||5
arr|||40|||22|||20|||5
arr|||41|||22|||37|||5
arr|||42|||22|||44|||5
arr|||43|||22|||51|||5
arr|||44|||22|||57|||5
arr|||45|||35|||3|||5
arr|||46|||35|||26|||5
arr|||47|||35|||37|||5
arr|||48|||36|||3|||5
arr|||49|||36|||22|||5
arr|||50|||37|||13|||5
arr|||51|||37|||20|||5
arr|||52|||41|||3|||5
arr|||53|||41|||16|||5
arr|||54|||41|||23|||5
arr|||55|||41|||32|||5
arr|||56|||42|||3|||5
arr|||57|||42|||16|||5
arr|||58|||42|||23|||5
arr|||59|||42|||32|||5
arr|||60|||45|||11|||5
arr|||61|||45|||20|||5
arr|||62|||45|||25|||5
arr|||63|||45|||30|||5
arr|||64|||45|||32|||5
arr|||65|||45|||41|||5
arr|||66|||45|||43|||5
arr|||67|||50|||9|||5
arr|||68|||50|||25|||5
arr|||69|||50|||36|||5
arr|||70|||50|||41|||5
arr|||71|||50|||52|||5
arr|||72|||50|||57|||5
arr|||73|||50|||62|||5
arr|||74|||50|||69|||5
arr|||75|||51|||9|||5
arr|||76|||51|||31|||5
arr|||77|||51|||38|||5
arr|||78|||51|||43|||5
arr|||79|||51|||59|||5
arr|||80|||51|||64|||5
arr|||81|||51|||69|||5
arr|||82|||51|||74|||5
arr|||83|||52|||9|||5
arr|||84|||52|||17|||5
arr|||85|||52|||34|||5
arr|||86|||52|||42|||5
arr|||87|||52|||49|||5
arr|||88|||52|||58|||5
;|||1|||0|||6|||6
;|||2|||0|||10|||6
;|||3|||0|||25|||6
;|||4|||1|||4|||6
;|||5|||1|||11|||6
;|||6|||1|||15|||6
;|||7|||1|||22|||6
;|||8|||2|||6|||6
;|||9|||2|||10|||6
;|||10|||2|||26|||6
;|||11|||3|||6|||6
;|||12|||3|||10|||6
;|||13|||3|||26|||6
;|||14|||4|||4|||6
;|||15|||4|||11|||6
;|||16|||4|||15|||6
;|||17|||4|||22|||6
;|||18|||5|||16|||6
;|||19|||5|||23|||6
;|||20|||5|||29|||6
;|||21|||5|||47|||6
;|||22|||6|||10|||6
;|||23|||6|||14|||6
;|||24|||6|||32|||6
;|||25|||7|||4|||6
;|||26|||7|||11|||6
;|||27|||7|||17|||6
;|||28|||7|||27|||6
,|||5|||8|||4|||6
,|||6|||8|||8|||6
;|||29|||8|||10|||6
;|||30|||8|||17|||6
;|||31|||8|||21|||6
;|||32|||8|||37|||6
;|||33|||8|||43|||6
;|||34|||8|||47|||6
;|||35|||8|||51|||6
,|||7|||9|||4|||6
;|||36|||9|||8|||6
;|||37|||9|||11|||6
;|||38|||9|||15|||6
;|||39|||9|||22|||6
,|||8|||10|||4|||6
;|||40|||10|||8|||6
;|||41|||10|||11|||6
;|||42|||10|||15|||6
;|||43|||10|||29|||6
;|||44|||11|||7|||6
;|||45|||11|||14|||6
;|||46|||11|||20|||6
;|||47|||11|||39|||6
;|||48|||12|||7|||6
;|||49|||12|||14|||6
;|||50|||12|||20|||6
;|||51|||12|||39|||6
,|||9|||13|||4|||6
;|||52|||13|||8|||6
;|||53|||13|||13|||6
;|||54|||13|||17|||6
,|||10|||13|||21|||6
,|||11|||13|||27|||6
;|||55|||13|||32|||6
,|||12|||14|||4|||6
;|||56|||14|||8|||6
;|||57|||14|||15|||6
;|||58|||14|||21|||6
;|||59|||14|||36|||6
,|||13|||15|||6|||6
;|||60|||15|||8|||6
;|||61|||15|||16|||6
;|||62|||15|||27|||6
;|||63|||15|||43|||6
;|||64|||15|||56|||6
;|||65|||16|||6|||6
;|||66|||16|||11|||6
;|||67|||16|||18|||6
;|||68|||16|||26|||6
;|||69|||16|||51|||6
,|||14|||17|||4|||6
,|||15|||17|||8|||6
;|||70|||17|||12|||6
;|||71|||17|||15|||6
;|||72|||17|||19|||6
;|||73|||17|||33|||6
,|||16|||18|||4|||6
,|||17|||18|||8|||6
;|||74|||18|||12|||6
;|||75|||18|||19|||6
;|||76|||18|||23|||6
;|||77|||18|||30|||6
;|||78|||19|||6|||6
;|||79|||19|||13|||6
;|||80|||19|||21|||6
;|||81|||19|||44|||6
;|||82|||20|||6|||6
;|||83|||20|||14|||6
;|||84|||20|||24|||6
;|||85|||20|||34|||6
;|||86|||20|||60|||6
;|||87|||20|||72|||6
;|||88|||20|||81|||6
;|||89|||21|||6|||6
;|||90|||21|||14|||6
;|||91|||21|||23|||6
;|||92|||21|||32|||6
;|||93|||21|||38|||6
;|||94|||21|||57|||6
;|||95|||21|||65|||6
;|||96|||21|||75|||6
;|||97|||21|||82|||6
;|||98|||22|||6|||6
;|||99|||22|||12|||6
,|||18|||22|||24|||6
;|||100|||22|||30|||6
;|||101|||22|||56|||6
;|||102|||22|||65|||6
;|||103|||23|||6|||6
;|||104|||23|||10|||6
;|||105|||23|||19|||6
;|||106|||23|||26|||6
;|||107|||23|||30|||6
;|||108|||23|||46|||6
;|||109|||23|||62|||6
;|||110|||23|||71|||6
,|||19|||24|||4|||6
,|||20|||24|||8|||6
,|||21|||24|||12|||6
;|||111|||24|||16|||6
;|||112|||24|||23|||6
;|||113|||24|||27|||6
;|||114|||24|||39|||6
;|||115|||24|||47|||6
;|||116|||24|||59|||6
,|||22|||25|||4|||6
;|||117|||25|||8|||6
;|||118|||25|||11|||6
;|||119|||25|||15|||6
;|||120|||25|||25|||6
;|||121|||26|||8|||6
;|||122|||26|||13|||6
;|||123|||26|||20|||6
;|||124|||26|||28|||6
;|||125|||26|||46|||6
;|||126|||27|||6|||6
;|||127|||27|||13|||6
;|||128|||27|||21|||6
;|||129|||27|||45|||6
;|||130|||28|||6|||6
;|||131|||28|||10|||6
;|||132|||28|||19|||6
;|||133|||28|||26|||6
;|||134|||28|||32|||6
;|||135|||28|||47|||6
;|||136|||28|||65|||6
,|||23|||29|||4|||6
,|||24|||29|||8|||6
;|||137|||29|||20|||6
;|||138|||29|||23|||6
;|||139|||29|||35|||6
;|||140|||29|||39|||6
;|||141|||29|||48|||6
;|||142|||30|||4|||6
;|||143|||30|||23|||6
;|||144|||30|||26|||6
,|||25|||31|||4|||6
;|||145|||31|||8|||6
;|||146|||31|||19|||6
;|||147|||31|||22|||6
;|||148|||32|||4|||6
;|||149|||32|||23|||6
;|||150|||32|||27|||6
;|||151|||33|||4|||6
;|||152|||33|||23|||6
;|||153|||33|||27|||6
,|||26|||34|||4|||6
;|||154|||34|||8|||6
;|||155|||34|||19|||6
;|||156|||34|||22|||6
;|||157|||35|||16|||6
;|||158|||35|||21|||6
;|||159|||35|||45|||6
;|||160|||35|||48|||6
;|||161|||36|||8|||6
;|||162|||36|||30|||6
;|||163|||36|||33|||6
,|||31|||37|||4|||6
;|||164|||37|||8|||6
;|||165|||37|||24|||6
;|||166|||37|||27|||6
,|||32|||38|||4|||6
,|||33|||38|||8|||6
,|||34|||38|||10|||6
;|||167|||38|||14|||6
;|||168|||38|||33|||6
;|||169|||38|||39|||6
;|||170|||38|||43|||6
;|||171|||38|||47|||6
;|||172|||38|||50|||6
,|||35|||39|||4|||6
;|||173|||39|||8|||6
;|||174|||39|||18|||6
;|||175|||39|||22|||6
,|||36|||40|||4|||6
;|||176|||40|||8|||6
;|||177|||40|||25|||6
;|||178|||40|||29|||6
,|||37|||41|||7|||6
;|||179|||41|||11|||6
;|||180|||41|||36|||6
;|||181|||41|||39|||6
,|||38|||42|||7|||6
;|||182|||42|||11|||6
;|||183|||42|||36|||6
;|||184|||42|||39|||6
,|||39|||43|||4|||6
;|||185|||43|||10|||6
;|||186|||43|||21|||6
;|||187|||43|||27|||6
;|||188|||43|||31|||6
,|||41|||44|||4|||6
,|||42|||44|||8|||6
;|||189|||44|||12|||6
;|||190|||44|||33|||6
;|||191|||44|||36|||6
,|||43|||45|||4|||6
;|||192|||45|||6|||6
;|||193|||45|||24|||6
;|||194|||45|||40|||6
;|||195|||45|||53|||6
;|||196|||45|||56|||6
;|||197|||46|||6|||6
,|||44|||46|||11|||6
;|||198|||46|||15|||6
;|||199|||46|||48|||6
;|||200|||46|||51|||6
,|||45|||47|||4|||6
,|||46|||47|||8|||6
;|||201|||47|||12|||6
;|||202|||47|||29|||6
;|||203|||47|||33|||6
,|||47|||48|||4|||6
,|||48|||48|||8|||6
,|||49|||48|||12|||6
;|||204|||48|||16|||6
;|||205|||48|||27|||6
;|||206|||48|||30|||6
;|||207|||49|||6|||6
;|||208|||49|||11|||6
;|||209|||49|||42|||6
;|||210|||49|||45|||6
;|||211|||50|||4|||6
;|||212|||50|||20|||6
;|||213|||50|||56|||6
;|||214|||50|||68|||6
;|||215|||50|||77|||6
;|||216|||50|||81|||6
;|||217|||50|||85|||6
;|||218|||51|||4|||6
,|||50|||51|||20|||6
;|||219|||51|||26|||6
;|||220|||51|||51|||6
;|||221|||51|||54|||6
;|||222|||51|||63|||6
;|||223|||51|||73|||6
;|||224|||51|||80|||6
;|||225|||51|||83|||6
;|||226|||52|||4|||6
,|||51|||52|||21|||6
;|||227|||52|||27|||6
;|||228|||52|||53|||6
;|||229|||52|||56|||6
;|||230|||52|||66|||6
;|||231|||52|||69|||6
;|||232|||53|||4|||6
,|||52|||53|||16|||6
;|||233|||53|||20|||6
;|||234|||53|||39|||6
;|||235|||53|||55|||6
;|||236|||53|||58|||6
;|||237|||53|||67|||6
;|||238|||53|||70|||6
,|||53|||54|||4|||6
,|||54|||54|||8|||6
,|||55|||54|||12|||6
,|||56|||54|||16|||6
;|||239|||54|||20|||6
;|||240|||54|||35|||6
;|||241|||54|||43|||6
;|||242|||54|||46|||6
;|||243|||54|||58|||6
,|||57|||55|||4|||6
;|||244|||55|||8|||6
;|||245|||55|||21|||6
;|||246|||55|||25|||6
;|||247|||56|||8|||6
,|||58|||56|||13|||6
;|||248|||56|||17|||6
;|||249|||56|||43|||6
;|||250|||56|||46|||6
;|||251|||57|||6|||6
;|||252|||57|||11|||6
;|||253|||57|||43|||6
;|||254|||57|||46|||6
;|||255|||58|||4|||6
,|||59|||58|||16|||6
;|||256|||58|||20|||6
;|||257|||58|||41|||6
;|||258|||58|||44|||6
;|||259|||58|||63|||6
;|||260|||58|||66|||6
,|||60|||59|||4|||6
,|||61|||59|||8|||6
;|||261|||59|||20|||6
;|||262|||59|||37|||6
i|||1|||0|||3|||7
i|||2|||0|||7|||7
i|||3|||0|||11|||7
i|||4|||0|||20|||7
i|||5|||1|||8|||7
i|||6|||1|||12|||7
i|||7|||1|||16|||7
i|||8|||1|||21|||7
i|||9|||2|||3|||7
i|||10|||2|||7|||7
i|||11|||2|||11|||7
i|||12|||2|||21|||7
i|||13|||3|||3|||7
i|||14|||3|||7|||7
i|||15|||3|||11|||7
i|||16|||3|||21|||7
i|||17|||4|||8|||7
i|||18|||4|||12|||7
i|||19|||4|||16|||7
i|||20|||4|||21|||7
i|||21|||5|||20|||7
i|||22|||5|||24|||7
i|||23|||5|||30|||7
i|||24|||5|||41|||7
i|||25|||6|||3|||7
i|||26|||6|||11|||7
i|||27|||6|||15|||7
i|||28|||6|||26|||7
i|||29|||7|||8|||7
i|||30|||7|||12|||7
i|||31|||7|||18|||7
i|||32|||7|||25|||7
i|||33|||8|||14|||7
i|||34|||8|||18|||7
i|||35|||8|||22|||7
i|||36|||11|||11|||7
i|||37|||11|||15|||7
i|||38|||11|||21|||7
i|||39|||11|||28|||7
i|||40|||11|||37|||7
i|||41|||12|||11|||7
i|||42|||12|||15|||7
i|||43|||12|||21|||7
i|||44|||12|||28|||7
i|||45|||12|||37|||7
i|||46|||14|||12|||7
i|||47|||14|||16|||7
i|||48|||14|||22|||7
i|||49|||14|||29|||7
i|||50|||15|||3|||7
i|||51|||15|||9|||7
i|||52|||15|||17|||7
i|||53|||15|||25|||7
i|||54|||15|||30|||7
i|||55|||15|||39|||7
i|||56|||15|||50|||7
i|||57|||16|||15|||7
i|||58|||16|||19|||7
i|||59|||16|||27|||7
i|||60|||16|||42|||7
i|||61|||18|||16|||7
i|||62|||18|||20|||7
i|||63|||18|||24|||7
i|||64|||19|||10|||7
i|||65|||19|||14|||7
i|||66|||19|||22|||7
i|||67|||19|||38|||7
i|||68|||20|||3|||7
i|||69|||20|||7|||7
i|||70|||20|||15|||7
i|||71|||20|||31|||7
i|||72|||21|||3|||7
i|||73|||21|||7|||7
i|||74|||21|||15|||7
i|||75|||21|||22|||7
i|||76|||21|||29|||7
i|||77|||21|||63|||7
i|||78|||21|||68|||7
i|||79|||22|||3|||7
i|||80|||22|||7|||7
i|||81|||22|||13|||7
i|||82|||22|||22|||7
i|||83|||22|||27|||7
i|||84|||23|||3|||7
i|||85|||23|||7|||7
i|||86|||23|||11|||7
i|||87|||23|||29|||7
i|||88|||23|||52|||7
i|||89|||24|||20|||7
i|||90|||24|||24|||7
i|||91|||24|||28|||7
i|||92|||24|||37|||7
i|||93|||24|||43|||7
i|||94|||26|||17|||7
i|||95|||26|||21|||7
i|||96|||26|||29|||7
i|||97|||26|||38|||7
i|||98|||27|||10|||7
i|||99|||27|||14|||7
i|||100|||27|||22|||7
i|||101|||27|||39|||7
i|||102|||28|||3|||7
i|||103|||28|||7|||7
i|||104|||28|||11|||7
i|||105|||28|||29|||7
i|||106|||28|||38|||7
i|||107|||28|||60|||7
i|||108|||30|||1|||7
i|||109|||30|||7|||7
i|||110|||30|||18|||7
i|||111|||30|||24|||7
i|||112|||31|||5|||7
i|||113|||31|||11|||7
i|||114|||31|||18|||7
i|||115|||31|||20|||7
i|||116|||32|||1|||7
i|||117|||32|||7|||7
i|||118|||32|||18|||7
i|||119|||32|||24|||7
i|||120|||33|||1|||7
i|||121|||33|||7|||7
i|||122|||33|||18|||7
i|||123|||33|||24|||7
i|||124|||34|||5|||7
i|||125|||34|||11|||7
i|||126|||34|||18|||7
i|||127|||34|||20|||7
i|||128|||35|||18|||7
i|||129|||35|||24|||7
i|||130|||35|||39|||7
i|||131|||35|||46|||7
i|||132|||36|||1|||7
i|||133|||36|||11|||7
i|||134|||36|||24|||7
i|||135|||36|||31|||7
i|||136|||37|||5|||7
i|||137|||37|||11|||7
i|||138|||37|||22|||7
i|||139|||37|||25|||7
i|||140|||38|||11|||7
i|||141|||38|||17|||7
i|||142|||38|||48|||7
i|||143|||41|||8|||7
i|||144|||41|||14|||7
i|||145|||41|||25|||7
i|||146|||41|||34|||7
i|||147|||41|||37|||7
i|||148|||42|||8|||7
i|||149|||42|||14|||7
i|||150|||42|||25|||7
i|||151|||42|||34|||7
i|||152|||42|||37|||7
i|||153|||44|||9|||7
i|||154|||44|||15|||7
i|||155|||44|||26|||7
i|||156|||44|||34|||7
i|||157|||45|||1|||7
i|||158|||45|||9|||7
i|||159|||45|||22|||7
i|||160|||45|||27|||7
i|||161|||45|||36|||7
i|||162|||45|||47|||7
i|||163|||45|||54|||7
i|||164|||46|||12|||7
i|||165|||46|||18|||7
i|||166|||46|||39|||7
i|||167|||46|||49|||7
i|||168|||48|||13|||7
i|||169|||48|||19|||7
i|||170|||48|||28|||7
i|||171|||49|||8|||7
i|||172|||49|||14|||7
i|||173|||49|||36|||7
i|||174|||49|||43|||7
i|||175|||50|||1|||7
i|||176|||50|||7|||7
i|||177|||50|||29|||7
i|||178|||50|||83|||7
i|||179|||51|||1|||7
i|||180|||51|||7|||7
i|||181|||51|||19|||7
i|||182|||51|||23|||7
i|||183|||51|||61|||7
i|||184|||51|||66|||7
i|||185|||51|||81|||7
i|||186|||52|||1|||7
i|||187|||52|||7|||7
i|||188|||52|||19|||7
i|||189|||52|||24|||7
i|||190|||52|||67|||7
i|||191|||53|||1|||7
i|||192|||53|||7|||7
i|||193|||53|||25|||7
i|||194|||53|||45|||7
i|||195|||53|||68|||7
i|||196|||54|||17|||7
i|||197|||54|||23|||7
i|||198|||54|||33|||7
i|||199|||54|||39|||7
i|||200|||54|||44|||7
i|||201|||56|||14|||7
i|||202|||56|||20|||7
i|||203|||56|||35|||7
i|||204|||56|||44|||7
i|||205|||57|||8|||7
i|||206|||57|||14|||7
i|||207|||57|||37|||7
i|||208|||57|||44|||7
i|||209|||58|||1|||7
i|||210|||58|||7|||7
i|||211|||58|||25|||7
i|||212|||58|||32|||7
i|||213|||58|||58|||7
i|||214|||58|||64|||7
)|||1|||0|||13|||8
.|||1|||0|||15|||8
.|||2|||0|||17|||8
(|||2|||0|||19|||8
+|||1|||0|||21|||8
"|||1|||0|||22|||8
"|||2|||0|||23|||8
)|||2|||0|||24|||8
)|||3|||1|||18|||8
)|||4|||2|||14|||8
.|||3|||2|||16|||8
.|||4|||2|||18|||8
(|||5|||2|||20|||8
+|||2|||2|||22|||8
"|||3|||2|||23|||8
"|||4|||2|||24|||8
)|||5|||2|||25|||8
)|||6|||3|||14|||8
.|||5|||3|||16|||8
.|||6|||3|||18|||8
(|||7|||3|||20|||8
+|||3|||3|||22|||8
"|||5|||3|||23|||8
"|||6|||3|||24|||8
)|||7|||3|||25|||8
)|||8|||4|||18|||8
[|||1|||5|||1|||8
]|||1|||5|||2|||8
{|||1|||5|||5|||8
,|||1|||5|||7|||8
,|||2|||5|||9|||8
,|||3|||5|||11|||8
,|||4|||5|||13|||8
}|||1|||5|||15|||8
.|||7|||5|||27|||8
length|||1|||5|||28|||8
)|||9|||5|||32|||8
.|||8|||5|||34|||8
.|||9|||5|||36|||8
(|||10|||5|||38|||8
[|||2|||5|||40|||8
]|||2|||5|||42|||8
+|||4|||5|||43|||8
"|||7|||5|||44|||8
"|||8|||5|||45|||8
)|||10|||5|||46|||8
.|||10|||6|||6|||8
length|||2|||6|||7|||8
-|||1|||6|||8|||8
)|||11|||6|||17|||8
.|||11|||6|||19|||8
.|||12|||6|||21|||8
(|||12|||6|||23|||8
[|||3|||6|||25|||8
]|||3|||6|||27|||8
+|||5|||6|||28|||8
"|||9|||6|||29|||8
"|||10|||6|||30|||8
)|||12|||6|||31|||8
.|||13|||7|||15|||8
length|||3|||7|||16|||8
)|||13|||7|||20|||8
[|||4|||7|||24|||8
]|||4|||7|||26|||8
)|||14|||8|||24|||8
{|||2|||8|||25|||8
.|||14|||8|||27|||8
.|||15|||8|||29|||8
(|||15|||8|||31|||8
+|||6|||8|||33|||8
"|||11|||8|||34|||8
"|||12|||8|||35|||8
)|||15|||8|||36|||8
+|||7|||8|||41|||8
}|||2|||8|||52|||8
)|||16|||9|||19|||8
1234|||1|||10|||7|||8
)|||17|||10|||19|||8
*|||1|||10|||23|||8
+|||8|||10|||25|||8
%|||1|||10|||27|||8
[|||5|||11|||4|||8
]|||5|||11|||6|||8
.|||16|||11|||18|||8
length|||4|||11|||19|||8
)|||18|||11|||23|||8
if|||1|||11|||24|||8
[|||6|||11|||27|||8
]|||6|||11|||29|||8
)|||19|||11|||32|||8
[|||7|||11|||36|||8
]|||7|||11|||38|||8
[|||8|||12|||4|||8
]|||8|||12|||6|||8
.|||17|||12|||18|||8
length|||5|||12|||19|||8
)|||20|||12|||23|||8
if|||2|||12|||24|||8
[|||9|||12|||27|||8
]|||9|||12|||29|||8
)|||21|||12|||32|||8
[|||10|||12|||36|||8
]|||10|||12|||38|||8
)|||22|||13|||31|||8
/|||1|||14|||19|||8
)|||23|||14|||24|||8
if|||3|||14|||25|||8
==|||1|||14|||30|||8
)|||24|||14|||32|||8
.|||18|||15|||12|||8
length|||6|||15|||13|||8
/|||2|||15|||14|||8
)|||25|||15|||19|||8
{|||3|||15|||20|||8
[|||11|||15|||24|||8
]|||11|||15|||26|||8
[|||12|||15|||29|||8
]|||12|||15|||31|||8
[|||13|||15|||34|||8
.|||19|||15|||36|||8
length|||7|||15|||37|||8
-|||2|||15|||38|||8
-|||3|||15|||40|||8
]|||13|||15|||42|||8
[|||14|||15|||45|||8
.|||20|||15|||47|||8
length|||8|||15|||48|||8
-|||4|||15|||49|||8
-|||5|||15|||51|||8
]|||14|||15|||53|||8
}|||3|||15|||57|||8
"|||13|||16|||3|||8
"|||14|||16|||5|||8
.|||21|||16|||22|||8
length|||9|||16|||23|||8
(|||27|||16|||24|||8
)|||26|||16|||25|||8
)|||27|||16|||29|||8
if|||4|||16|||30|||8
(|||28|||16|||31|||8
"|||15|||16|||32|||8
"|||16|||16|||34|||8
.|||22|||16|||35|||8
indexOf|||1|||16|||36|||8
(|||29|||16|||37|||8
.|||23|||16|||39|||8
charAt|||1|||16|||40|||8
(|||30|||16|||41|||8
)|||28|||16|||43|||8
)|||29|||16|||44|||8
!=|||2|||16|||45|||8
-|||6|||16|||46|||8
)|||30|||16|||48|||8
)|||31|||17|||23|||8
*|||2|||17|||27|||8
+|||9|||17|||29|||8
%|||4|||17|||31|||8
)|||32|||18|||26|||8
"|||17|||19|||3|||8
"|||18|||19|||5|||8
.|||24|||19|||17|||8
length|||10|||19|||18|||8
(|||34|||19|||19|||8
)|||33|||19|||20|||8
)|||34|||19|||24|||8
.|||25|||19|||26|||8
.|||26|||19|||28|||8
(|||35|||19|||30|||8
(|||36|||19|||31|||8
)|||35|||19|||33|||8
.|||27|||19|||35|||8
charAt|||2|||19|||36|||8
(|||37|||19|||37|||8
)|||36|||19|||39|||8
+|||10|||19|||40|||8
"|||19|||19|||41|||8
"|||20|||19|||42|||8
)|||37|||19|||43|||8
.|||28|||20|||10|||8
length|||11|||20|||11|||8
-|||7|||20|||12|||8
)|||38|||20|||17|||8
.|||29|||20|||28|||8
length|||12|||20|||29|||8
-|||8|||20|||30|||8
-|||9|||20|||32|||8
)|||39|||20|||37|||8
if|||5|||20|||38|||8
[|||15|||20|||41|||8
]|||15|||20|||43|||8
>|||5|||20|||44|||8
[|||16|||20|||46|||8
+|||11|||20|||48|||8
]|||16|||20|||50|||8
)|||40|||20|||51|||8
{|||4|||20|||52|||8
[|||17|||20|||57|||8
]|||17|||20|||59|||8
[|||18|||20|||62|||8
]|||18|||20|||64|||8
[|||19|||20|||67|||8
+|||12|||20|||69|||8
]|||19|||20|||71|||8
[|||20|||20|||74|||8
+|||13|||20|||76|||8
]|||20|||20|||78|||8
}|||4|||20|||82|||8
.|||30|||21|||10|||8
length|||13|||21|||11|||8
-|||10|||21|||12|||8
)|||41|||21|||17|||8
{|||5|||21|||18|||8
+|||14|||21|||30|||8
.|||31|||21|||36|||8
length|||14|||21|||37|||8
)|||42|||21|||41|||8
if|||6|||21|||42|||8
[|||21|||21|||45|||8
]|||21|||21|||47|||8
[|||22|||21|||50|||8
]|||22|||21|||52|||8
)|||43|||21|||53|||8
[|||23|||21|||62|||8
]|||23|||21|||64|||8
[|||24|||21|||67|||8
]|||24|||21|||69|||8
[|||25|||21|||72|||8
]|||25|||21|||74|||8
[|||26|||21|||77|||8
]|||26|||21|||79|||8
}|||5|||21|||83|||8
.|||32|||22|||10|||8
length|||15|||22|||11|||8
)|||44|||22|||15|||8
{|||6|||22|||16|||8
[|||27|||22|||21|||8
]|||27|||22|||23|||8
-|||11|||22|||28|||8
&&|||1|||22|||36|||8
[|||28|||22|||38|||8
]|||28|||22|||40|||8
)|||45|||22|||43|||8
[|||29|||22|||45|||8
+|||15|||22|||47|||8
]|||29|||22|||49|||8
[|||30|||22|||52|||8
]|||30|||22|||55|||8
[|||31|||22|||58|||8
+|||16|||22|||60|||8
]|||31|||22|||62|||8
}|||6|||22|||66|||8
)|||46|||23|||13|||8
{|||7|||23|||14|||8
)|||47|||23|||33|||8
{|||8|||23|||34|||8
.|||33|||23|||36|||8
.|||34|||23|||38|||8
(|||48|||23|||40|||8
+|||17|||23|||42|||8
"|||21|||23|||43|||8
"|||22|||23|||44|||8
)|||48|||23|||45|||8
*|||3|||23|||50|||8
(|||49|||23|||51|||8
-|||12|||23|||53|||8
)|||49|||23|||55|||8
/|||3|||23|||56|||8
(|||50|||23|||57|||8
+|||18|||23|||59|||8
)|||50|||23|||61|||8
}|||7|||23|||63|||8
.|||35|||23|||65|||8
.|||36|||23|||67|||8
(|||51|||23|||69|||8
)|||51|||23|||70|||8
}|||8|||23|||72|||8
)|||52|||24|||30|||8
{|||9|||24|||31|||8
(|||53|||24|||34|||8
-|||13|||24|||36|||8
)|||53|||24|||38|||8
(|||54|||24|||42|||8
+|||19|||24|||44|||8
)|||54|||24|||46|||8
}|||9|||24|||48|||8
.|||37|||24|||50|||8
.|||38|||24|||52|||8
(|||55|||24|||54|||8
/|||4|||24|||56|||8
)|||55|||24|||58|||8
)|||56|||25|||19|||8
"|||23|||26|||3|||8
"|||24|||26|||7|||8
.|||39|||26|||24|||8
length|||16|||26|||25|||8
(|||58|||26|||26|||8
)|||57|||26|||27|||8
)|||58|||26|||31|||8
if|||7|||26|||32|||8
.|||40|||26|||35|||8
charAt|||3|||26|||36|||8
(|||60|||26|||37|||8
)|||59|||26|||39|||8
==|||2|||26|||40|||8
'|||1|||26|||41|||8
'|||2|||26|||42|||8
)|||60|||26|||43|||8
"|||25|||27|||3|||8
"|||26|||27|||5|||8
.|||41|||27|||17|||8
length|||17|||27|||18|||8
(|||62|||27|||19|||8
)|||61|||27|||20|||8
)|||62|||27|||24|||8
.|||42|||27|||26|||8
.|||43|||27|||28|||8
(|||63|||27|||30|||8
(|||64|||27|||31|||8
)|||63|||27|||33|||8
(|||65|||27|||34|||8
.|||44|||27|||36|||8
charAt|||4|||27|||37|||8
(|||66|||27|||38|||8
)|||64|||27|||40|||8
-|||14|||27|||41|||8
32|||1|||27|||42|||8
)|||65|||27|||43|||8
)|||66|||27|||44|||8
)|||67|||28|||13|||8
{|||10|||28|||14|||8
/|||5|||28|||30|||8
)|||68|||28|||35|||8
if|||8|||28|||36|||8
==|||3|||28|||41|||8
)|||69|||28|||43|||8
if|||9|||28|||48|||8
==|||4|||28|||51|||8
)|||70|||28|||53|||8
.|||45|||28|||55|||8
.|||46|||28|||57|||8
(|||71|||28|||59|||8
+|||20|||28|||61|||8
"|||27|||28|||62|||8
"|||28|||28|||63|||8
)|||71|||28|||64|||8
}|||10|||28|||66|||8
(|||72|||29|||11|||8
)|||72|||29|||15|||8
?|||1|||29|||16|||8
:|||1|||29|||18|||8
!=|||3|||29|||27|||8
|||||1|||29|||29|||8
!=|||4|||29|||33|||8
)|||73|||29|||38|||8
.|||47|||29|||41|||8
.|||48|||29|||43|||8
(|||74|||29|||45|||8
)|||74|||29|||47|||8
)|||75|||30|||10|||8
{|||11|||30|||11|||8
.|||49|||30|||13|||8
.|||50|||30|||15|||8
(|||76|||30|||17|||8
+|||21|||30|||19|||8
"|||29|||30|||20|||8
"|||30|||30|||21|||8
)|||76|||30|||22|||8
}|||11|||30|||27|||8
)|||77|||31|||14|||8
{|||12|||31|||15|||8
}|||12|||31|||23|||8
)|||78|||32|||10|||8
{|||13|||32|||11|||8
.|||51|||32|||13|||8
.|||52|||32|||15|||8
(|||79|||32|||17|||8
+|||22|||32|||19|||8
"|||31|||32|||20|||8
"|||32|||32|||21|||8
)|||79|||32|||22|||8
}|||13|||32|||28|||8
)|||80|||33|||10|||8
{|||14|||33|||11|||8
.|||53|||33|||13|||8
.|||54|||33|||15|||8
(|||81|||33|||17|||8
+|||23|||33|||19|||8
"|||33|||33|||20|||8
"|||34|||33|||21|||8
)|||81|||33|||22|||8
}|||14|||33|||28|||8
)|||82|||34|||14|||8
{|||15|||34|||15|||8
}|||15|||34|||23|||8
[|||32|||35|||1|||8
]|||32|||35|||2|||8
{|||16|||35|||5|||8
,|||27|||35|||7|||8
,|||28|||35|||9|||8
,|||29|||35|||11|||8
,|||30|||35|||13|||8
}|||16|||35|||15|||8
.|||55|||35|||27|||8
length|||18|||35|||28|||8
)|||83|||35|||29|||8
{|||17|||35|||30|||8
.|||56|||35|||32|||8
.|||57|||35|||34|||8
(|||84|||35|||36|||8
[|||33|||35|||38|||8
]|||33|||35|||40|||8
+|||24|||35|||41|||8
"|||35|||35|||42|||8
"|||36|||35|||43|||8
)|||84|||35|||44|||8
}|||17|||35|||49|||8
.|||58|||36|||4|||8
length|||19|||36|||5|||8
-|||15|||36|||6|||8
)|||85|||36|||14|||8
{|||18|||36|||15|||8
.|||59|||36|||17|||8
.|||60|||36|||19|||8
(|||86|||36|||21|||8
[|||34|||36|||23|||8
]|||34|||36|||25|||8
+|||25|||36|||26|||8
"|||37|||36|||27|||8
"|||38|||36|||28|||8
)|||86|||36|||29|||8
}|||18|||36|||34|||8
.|||61|||37|||14|||8
length|||20|||37|||15|||8
)|||87|||37|||16|||8
{|||19|||37|||17|||8
[|||35|||37|||21|||8
]|||35|||37|||23|||8
}|||19|||37|||28|||8
)|||88|||38|||20|||8
{|||20|||38|||21|||8
.|||62|||38|||23|||8
.|||63|||38|||25|||8
(|||89|||38|||27|||8
+|||26|||38|||29|||8
"|||39|||38|||30|||8
"|||40|||38|||31|||8
)|||89|||38|||32|||8
+|||27|||38|||37|||8
}|||20|||38|||51|||8
)|||90|||39|||14|||8
{|||21|||39|||15|||8
}|||21|||39|||23|||8
1234|||2|||40|||7|||8
)|||91|||40|||14|||8
{|||22|||40|||15|||8
*|||4|||40|||19|||8
+|||28|||40|||21|||8
}|||22|||40|||30|||8
[|||36|||41|||4|||8
]|||36|||41|||6|||8
.|||64|||41|||17|||8
length|||21|||41|||18|||8
)|||92|||41|||19|||8
{|||23|||41|||20|||8
if|||10|||41|||21|||8
[|||37|||41|||24|||8
]|||37|||41|||26|||8
)|||93|||41|||29|||8
[|||38|||41|||33|||8
]|||38|||41|||35|||8
}|||23|||41|||40|||8
[|||39|||42|||4|||8
]|||39|||42|||6|||8
.|||65|||42|||17|||8
length|||22|||42|||18|||8
)|||94|||42|||19|||8
{|||24|||42|||20|||8
if|||11|||42|||21|||8
[|||40|||42|||24|||8
]|||40|||42|||26|||8
)|||95|||42|||29|||8
[|||41|||42|||33|||8
]|||41|||42|||35|||8
}|||24|||42|||40|||8
,|||40|||43|||8|||8
)|||96|||43|||16|||8
{|||25|||43|||17|||8
}|||25|||43|||32|||8
/|||6|||44|||18|||8
)|||97|||44|||20|||8
{|||26|||44|||21|||8
if|||12|||44|||22|||8
==|||5|||44|||27|||8
)|||98|||44|||29|||8
}|||26|||44|||37|||8
.|||66|||45|||12|||8
length|||23|||45|||13|||8
/|||7|||45|||14|||8
)|||99|||45|||16|||8
{|||27|||45|||17|||8
[|||42|||45|||21|||8
]|||42|||45|||23|||8
[|||43|||45|||26|||8
]|||43|||45|||28|||8
[|||44|||45|||31|||8
.|||67|||45|||33|||8
length|||24|||45|||34|||8
-|||16|||45|||35|||8
-|||17|||45|||37|||8
]|||44|||45|||39|||8
[|||45|||45|||42|||8
.|||68|||45|||44|||8
length|||25|||45|||45|||8
-|||18|||45|||46|||8
-|||19|||45|||48|||8
]|||45|||45|||50|||8
}|||27|||45|||57|||8
"|||41|||46|||3|||8
"|||42|||46|||5|||8
.|||69|||46|||21|||8
length|||26|||46|||22|||8
(|||101|||46|||23|||8
)|||100|||46|||24|||8
)|||101|||46|||25|||8
{|||28|||46|||26|||8
if|||13|||46|||27|||8
(|||102|||46|||28|||8
"|||43|||46|||29|||8
"|||44|||46|||31|||8
.|||70|||46|||32|||8
indexOf|||2|||46|||33|||8
(|||103|||46|||34|||8
.|||71|||46|||36|||8
charAt|||5|||46|||37|||8
(|||104|||46|||38|||8
)|||102|||46|||40|||8
)|||103|||46|||41|||8
!=|||6|||46|||42|||8
-|||20|||46|||43|||8
)|||104|||46|||45|||8
}|||28|||46|||52|||8
)|||105|||47|||18|||8
{|||29|||47|||19|||8
*|||5|||47|||23|||8
+|||29|||47|||25|||8
}|||29|||47|||34|||8
)|||106|||48|||22|||8
{|||30|||48|||23|||8
}|||30|||48|||31|||8
"|||45|||49|||3|||8
"|||46|||49|||5|||8
.|||72|||49|||17|||8
length|||27|||49|||18|||8
(|||108|||49|||19|||8
)|||107|||49|||20|||8
)|||108|||49|||21|||8
{|||31|||49|||22|||8
.|||73|||49|||24|||8
.|||74|||49|||26|||8
(|||109|||49|||28|||8
(|||110|||49|||29|||8
)|||109|||49|||31|||8
.|||75|||49|||33|||8
charAt|||6|||49|||34|||8
(|||111|||49|||35|||8
)|||110|||49|||37|||8
+|||30|||49|||38|||8
"|||47|||49|||39|||8
"|||48|||49|||40|||8
)|||111|||49|||41|||8
}|||31|||49|||46|||8
.|||76|||50|||10|||8
length|||28|||50|||11|||8
-|||21|||50|||12|||8
)|||112|||50|||14|||8
{|||32|||50|||15|||8
.|||77|||50|||26|||8
length|||29|||50|||27|||8
-|||22|||50|||28|||8
-|||23|||50|||30|||8
)|||113|||50|||32|||8
{|||33|||50|||33|||8
if|||14|||50|||34|||8
[|||46|||50|||37|||8
]|||46|||50|||39|||8
>|||13|||50|||40|||8
[|||47|||50|||42|||8
+|||31|||50|||44|||8
]|||47|||50|||46|||8
)|||114|||50|||47|||8
{|||34|||50|||48|||8
[|||48|||50|||53|||8
]|||48|||50|||55|||8
[|||49|||50|||58|||8
]|||49|||50|||60|||8
[|||50|||50|||63|||8
+|||32|||50|||65|||8
]|||50|||50|||67|||8
[|||51|||50|||70|||8
+|||33|||50|||72|||8
]|||51|||50|||74|||8
}|||32|||50|||78|||8
}|||33|||50|||82|||8
}|||34|||50|||86|||8
.|||78|||51|||10|||8
length|||30|||51|||11|||8
-|||24|||51|||12|||8
)|||115|||51|||14|||8
{|||35|||51|||15|||8
+|||34|||51|||24|||8
.|||79|||51|||32|||8
length|||31|||51|||33|||8
)|||116|||51|||34|||8
{|||36|||51|||35|||8
if|||15|||51|||36|||8
[|||52|||51|||39|||8
]|||52|||51|||41|||8
[|||53|||51|||44|||8
]|||53|||51|||46|||8
)|||117|||51|||47|||8
}|||35|||51|||55|||8
[|||54|||51|||60|||8
]|||54|||51|||62|||8
[|||55|||51|||65|||8
]|||55|||51|||67|||8
[|||56|||51|||70|||8
]|||56|||51|||72|||8
[|||57|||51|||75|||8
]|||57|||51|||77|||8
}|||36|||51|||84|||8
.|||80|||52|||10|||8
length|||32|||52|||11|||8
)|||118|||52|||12|||8
{|||37|||52|||13|||8
[|||58|||52|||18|||8
]|||58|||52|||20|||8
-|||25|||52|||25|||8
&&|||2|||52|||33|||8
[|||59|||52|||35|||8
]|||59|||52|||37|||8
)|||119|||52|||40|||8
{|||38|||52|||41|||8
[|||60|||52|||43|||8
+|||35|||52|||45|||8
]|||60|||52|||47|||8
[|||61|||52|||50|||8
]|||61|||52|||52|||8
}|||37|||52|||57|||8
[|||62|||52|||59|||8
+|||36|||52|||61|||8
]|||62|||52|||63|||8
}|||38|||52|||70|||8
)|||120|||53|||10|||8
{|||39|||53|||11|||8
)|||121|||53|||26|||8
{|||40|||53|||27|||8
.|||81|||53|||29|||8
.|||82|||53|||31|||8
(|||122|||53|||33|||8
+|||37|||53|||35|||8
"|||49|||53|||36|||8
"|||50|||53|||37|||8
)|||122|||53|||38|||8
*|||6|||53|||43|||8
(|||123|||53|||44|||8
-|||26|||53|||46|||8
)|||123|||53|||48|||8
/|||8|||53|||49|||8
(|||124|||53|||50|||8
+|||38|||53|||52|||8
)|||124|||53|||54|||8
}|||39|||53|||59|||8
.|||83|||53|||61|||8
.|||84|||53|||63|||8
(|||125|||53|||65|||8
)|||125|||53|||66|||8
}|||40|||53|||71|||8
)|||126|||54|||26|||8
{|||41|||54|||27|||8
(|||127|||54|||30|||8
-|||27|||54|||32|||8
)|||127|||54|||34|||8
(|||128|||54|||38|||8
+|||39|||54|||40|||8
)|||128|||54|||42|||8
}|||41|||54|||47|||8
.|||85|||54|||49|||8
.|||86|||54|||51|||8
(|||129|||54|||53|||8
/|||9|||54|||55|||8
)|||129|||54|||57|||8
)|||130|||55|||14|||8
{|||42|||55|||15|||8
}|||42|||55|||26|||8
"|||51|||56|||3|||8
"|||52|||56|||7|||8
.|||87|||56|||23|||8
length|||33|||56|||24|||8
(|||132|||56|||25|||8
)|||131|||56|||26|||8
)|||132|||56|||27|||8
{|||43|||56|||28|||8
if|||16|||56|||29|||8
.|||88|||56|||32|||8
charAt|||7|||56|||33|||8
(|||134|||56|||34|||8
)|||133|||56|||36|||8
==|||6|||56|||37|||8
'|||3|||56|||38|||8
'|||4|||56|||39|||8
)|||134|||56|||40|||8
}|||43|||56|||47|||8
"|||53|||57|||3|||8
"|||54|||57|||5|||8
.|||89|||57|||17|||8
length|||34|||57|||18|||8
(|||136|||57|||19|||8
)|||135|||57|||20|||8
)|||136|||57|||21|||8
{|||44|||57|||22|||8
.|||90|||57|||24|||8
.|||91|||57|||26|||8
(|||137|||57|||28|||8
(|||138|||57|||29|||8
)|||137|||57|||31|||8
(|||139|||57|||32|||8
.|||92|||57|||34|||8
charAt|||8|||57|||35|||8
(|||140|||57|||36|||8
)|||138|||57|||38|||8
-|||28|||57|||39|||8
32|||2|||57|||40|||8
)|||139|||57|||41|||8
)|||140|||57|||42|||8
}|||44|||57|||47|||8
)|||141|||58|||10|||8
{|||45|||58|||11|||8
/|||10|||58|||26|||8
)|||142|||58|||28|||8
{|||46|||58|||29|||8
if|||17|||58|||30|||8
==|||7|||58|||35|||8
)|||143|||58|||37|||8
}|||45|||58|||45|||8
if|||18|||58|||46|||8
==|||8|||58|||49|||8
)|||144|||58|||51|||8
.|||93|||58|||53|||8
.|||94|||58|||55|||8
(|||145|||58|||57|||8
+|||40|||58|||59|||8
"|||55|||58|||60|||8
"|||56|||58|||61|||8
)|||145|||58|||62|||8
}|||46|||58|||67|||8
(|||146|||59|||11|||8
)|||146|||59|||15|||8
?|||2|||59|||16|||8
:|||2|||59|||18|||8
!=|||7|||59|||26|||8
|||||2|||59|||28|||8
!=|||8|||59|||32|||8
)|||147|||59|||34|||8
.|||95|||59|||39|||8
.|||96|||59|||41|||8
(|||148|||59|||43|||8
)|||148|||59|||45|||8
=|||1|||0|||4|||9
=|||2|||1|||2|||9
=|||3|||1|||9|||9
=|||4|||2|||4|||9
=|||5|||3|||4|||9
=|||6|||4|||2|||9
=|||7|||4|||9|||9
*=|||1|||4|||20|||9
=|||8|||5|||4|||9
=|||9|||5|||21|||9
=|||10|||6|||4|||9
=|||11|||7|||2|||9
=|||12|||7|||9|||9
=|||13|||8|||2|||9
=|||14|||8|||6|||9
=|||15|||8|||15|||9
=|||16|||8|||39|||9
=|||17|||8|||45|||9
=|||18|||8|||49|||9
=|||19|||9|||2|||9
=|||20|||9|||6|||9
/=|||1|||9|||17|||9
=|||21|||10|||2|||9
=|||22|||10|||6|||9
/=|||2|||10|||17|||9
=|||23|||10|||21|||9
=|||24|||11|||2|||9
=|||25|||11|||12|||9
=|||26|||11|||34|||9
=|||27|||12|||2|||9
=|||28|||12|||12|||9
=|||29|||12|||34|||9
=|||30|||13|||2|||9
=|||31|||13|||6|||9
=|||32|||13|||19|||9
=|||33|||13|||23|||9
=|||34|||13|||29|||9
=|||35|||14|||2|||9
=|||36|||14|||6|||9
=|||37|||14|||13|||9
=|||38|||14|||34|||9
=|||39|||15|||4|||9
=|||40|||15|||22|||9
=|||41|||15|||32|||9
=|||42|||15|||54|||9
=|||43|||16|||2|||9
=|||44|||16|||9|||9
=|||45|||16|||16|||9
=|||46|||17|||2|||9
=|||47|||17|||6|||9
=|||48|||17|||10|||9
/=|||3|||17|||21|||9
=|||49|||17|||25|||9
=|||50|||18|||2|||9
=|||51|||18|||6|||9
=|||52|||18|||10|||9
=|||53|||18|||17|||9
*=|||2|||18|||28|||9
=|||54|||19|||2|||9
=|||55|||19|||11|||9
=|||56|||20|||4|||9
=|||57|||20|||22|||9
=|||58|||20|||55|||9
=|||59|||20|||65|||9
=|||60|||20|||79|||9
=|||61|||21|||4|||9
=|||62|||21|||21|||9
=|||63|||21|||28|||9
=|||64|||21|||55|||9
=|||65|||21|||60|||9
=|||66|||21|||70|||9
=|||67|||21|||80|||9
=|||68|||22|||4|||9
=|||69|||22|||19|||9
=|||70|||22|||26|||9
=|||71|||22|||50|||9
=|||72|||22|||63|||9
=|||73|||23|||4|||9
=|||74|||23|||17|||9
=|||75|||23|||24|||9
=|||76|||23|||48|||9
=|||77|||24|||2|||9
=|||78|||24|||6|||9
=|||79|||24|||10|||9
=|||80|||24|||14|||9
=|||81|||24|||21|||9
*=|||3|||24|||33|||9
*=|||4|||24|||41|||9
=|||82|||25|||2|||9
=|||83|||25|||6|||9
/=|||4|||25|||17|||9
=|||84|||26|||2|||9
=|||85|||26|||11|||9
=|||86|||26|||18|||9
=|||87|||27|||2|||9
=|||88|||27|||11|||9
=|||89|||28|||4|||9
=|||90|||28|||17|||9
=|||91|||28|||24|||9
=|||92|||28|||45|||9
=|||93|||29|||2|||9
=|||94|||29|||6|||9
=|||95|||29|||10|||9
=|||96|||30|||2|||9
=|||97|||31|||2|||9
=|||98|||31|||6|||9
=|||99|||32|||2|||9
=|||100|||33|||2|||9
=|||101|||34|||2|||9
=|||102|||34|||6|||9
*=|||5|||34|||17|||9
=|||103|||35|||4|||9
=|||104|||35|||19|||9
=|||105|||36|||2|||9
=|||106|||37|||2|||9
=|||107|||37|||6|||9
=|||108|||38|||2|||9
=|||109|||38|||6|||9
=|||110|||38|||12|||9
=|||111|||38|||35|||9
=|||112|||38|||41|||9
=|||113|||38|||45|||9
=|||114|||39|||2|||9
=|||115|||39|||6|||9
/=|||5|||39|||20|||9
=|||116|||40|||2|||9
=|||117|||40|||6|||9
=|||118|||40|||17|||9
/=|||6|||40|||27|||9
=|||119|||41|||2|||9
=|||120|||41|||9|||9
=|||121|||41|||31|||9
=|||122|||42|||2|||9
=|||123|||42|||9|||9
=|||124|||42|||31|||9
=|||125|||43|||2|||9
=|||126|||43|||6|||9
=|||127|||43|||19|||9
=|||128|||43|||23|||9
=|||129|||43|||29|||9
=|||130|||44|||2|||9
=|||131|||44|||6|||9
=|||132|||44|||10|||9
=|||133|||44|||31|||9
=|||134|||45|||2|||9
=|||135|||45|||19|||9
=|||136|||45|||29|||9
=|||137|||45|||51|||9
=|||138|||46|||2|||9
=|||139|||46|||9|||9
=|||140|||46|||13|||9
=|||141|||47|||2|||9
=|||142|||47|||6|||9
=|||143|||47|||10|||9
=|||144|||47|||21|||9
/=|||7|||47|||31|||9
=|||145|||48|||2|||9
=|||146|||48|||6|||9
=|||147|||48|||10|||9
=|||148|||48|||14|||9
*=|||6|||48|||25|||9
=|||149|||49|||2|||9
=|||150|||49|||9|||9
=|||151|||50|||2|||9
=|||152|||50|||18|||9
=|||153|||50|||51|||9
=|||154|||50|||61|||9
=|||155|||50|||75|||9
=|||156|||51|||2|||9
=|||157|||51|||18|||9
=|||158|||51|||22|||9
=|||159|||51|||49|||9
=|||160|||51|||58|||9
=|||161|||51|||68|||9
=|||162|||51|||78|||9
=|||163|||52|||2|||9
=|||164|||52|||16|||9
=|||165|||52|||23|||9
=|||166|||52|||48|||9
=|||167|||52|||64|||9
=|||168|||53|||2|||9
=|||169|||53|||14|||9
=|||170|||53|||18|||9
=|||171|||53|||41|||9
=|||172|||54|||2|||9
=|||173|||54|||6|||9
=|||174|||54|||10|||9
=|||175|||54|||14|||9
=|||176|||54|||18|||9
*=|||7|||54|||29|||9
*=|||8|||54|||37|||9
=|||177|||55|||2|||9
=|||178|||55|||6|||9
/=|||8|||55|||23|||9
=|||179|||56|||2|||9
=|||180|||56|||11|||9
=|||181|||56|||15|||9
=|||182|||57|||2|||9
=|||183|||57|||9|||9
=|||184|||58|||2|||9
=|||185|||58|||14|||9
=|||186|||58|||18|||9
=|||187|||58|||39|||9
=|||188|||59|||2|||9
=|||189|||59|||6|||9
=|||190|||59|||10|||9
