protected|||1|||0|||0|||1
class|||1|||0|||1|||1
private|||1|||0|||4|||1
static|||1|||0|||5|||1
public|||1|||1|||0|||1
class|||2|||1|||1|||1
public|||2|||1|||4|||1
static|||2|||1|||5|||1
private|||2|||2|||0|||1
class|||3|||2|||1|||1
private|||3|||2|||4|||1
static|||3|||2|||5|||1
protected|||2|||3|||0|||1
class|||4|||3|||1|||1
protected|||3|||3|||4|||1
static|||4|||3|||5|||1
public|||3|||4|||0|||1
class|||5|||4|||1|||1
public|||4|||4|||4|||1
static|||5|||4|||5|||1
private|||4|||5|||0|||1
class|||6|||5|||1|||1
private|||5|||5|||4|||1
static|||6|||5|||5|||1
protected|||4|||6|||0|||1
class|||7|||6|||1|||1
protected|||5|||6|||4|||1
static|||7|||6|||5|||1
public|||5|||7|||0|||1
class|||8|||7|||1|||1
public|||6|||7|||4|||1
static|||8|||7|||5|||1
private|||6|||8|||0|||1
class|||9|||8|||1|||1
private|||7|||8|||4|||1
static|||9|||8|||5|||1
protected|||6|||9|||0|||1
class|||10|||9|||1|||1
protected|||7|||9|||4|||1
static|||10|||9|||5|||1
public|||7|||10|||0|||1
class|||11|||10|||1|||1
public|||8|||10|||4|||1
static|||11|||10|||5|||1
private|||8|||11|||0|||1
class|||12|||11|||1|||1
private|||9|||11|||4|||1
static|||12|||11|||5|||1
protected|||8|||12|||0|||1
class|||13|||12|||1|||1
protected|||9|||12|||4|||1
static|||13|||12|||5|||1
public|||9|||13|||0|||1
class|||14|||13|||1|||1
public|||10|||13|||4|||1
static|||14|||13|||5|||1
private|||10|||14|||0|||1
class|||15|||14|||1|||1
private|||11|||14|||4|||1
static|||15|||14|||5|||1
protected|||10|||15|||0|||1
class|||16|||15|||1|||1
protected|||11|||15|||4|||1
static|||16|||15|||5|||1
public|||11|||16|||0|||1
class|||17|||16|||1|||1
public|||12|||16|||4|||1
static|||17|||16|||5|||1
private|||12|||17|||0|||1
class|||18|||17|||1|||1
private|||13|||17|||4|||1
static|||18|||17|||5|||1
protected|||12|||18|||0|||1
class|||19|||18|||1|||1
protected|||13|||18|||4|||1
static|||19|||18|||5|||1
public|||13|||19|||0|||1
class|||20|||19|||1|||1
public|||14|||19|||4|||1
static|||20|||19|||5|||1
private|||14|||20|||0|||1
class|||21|||20|||1|||1
private|||15|||20|||4|||1
static|||21|||20|||5|||1
protected|||14|||21|||0|||1
class|||22|||21|||1|||1
protected|||15|||21|||4|||1
static|||22|||21|||5|||1
public|||15|||22|||0|||1
class|||23|||22|||1|||1
public|||16|||22|||4|||1
static|||23|||22|||5|||1
private|||16|||23|||0|||1
class|||24|||23|||1|||1
private|||17|||23|||4|||1
static|||24|||23|||5|||1
AlgorithmicBase|||1|||0|||2|||4
totalElements|||1|||0|||16|||4
=|||1|||0|||17|||4
10|||1|||0|||18|||4
for|||1|||0|||20|||4
counter|||1|||0|||23|||4
=|||2|||0|||24|||4
0|||1|||0|||25|||4
counter|||2|||0|||27|||4
<|||1|||0|||28|||4
totalElements|||2|||0|||29|||4
counter|||3|||0|||31|||4
++|||1|||0|||32|||4
.|||1|||0|||36|||4
out|||1|||0|||37|||4
.|||2|||0|||38|||4
counter|||4|||0|||41|||4
RepeatMechanism|||1|||1|||2|||4
itemsToRepeat|||1|||1|||16|||4
=|||3|||1|||17|||4
10|||2|||1|||18|||4
for|||2|||1|||20|||4
index|||1|||1|||23|||4
=|||4|||1|||24|||4
0|||2|||1|||25|||4
index|||2|||1|||27|||4
<|||2|||1|||28|||4
itemsToRepeat|||2|||1|||29|||4
index|||3|||1|||31|||4
++|||2|||1|||32|||4
.|||3|||1|||36|||4
out|||2|||1|||37|||4
.|||4|||1|||38|||4
index|||4|||1|||41|||4
NumberRange|||1|||2|||2|||4
iVal|||1|||2|||16|||4
=|||5|||2|||17|||4
0|||3|||2|||18|||4
while|||1|||2|||20|||4
iVal|||2|||2|||22|||4
<|||3|||2|||23|||4
10|||3|||2|||24|||4
.|||5|||2|||28|||4
out|||3|||2|||29|||4
.|||6|||2|||30|||4
iVal|||3|||2|||36|||4
iVal|||4|||2|||39|||4
++|||3|||2|||40|||4
LoopProcess|||1|||3|||2|||4
iterator|||1|||3|||16|||4
=|||6|||3|||17|||4
0|||4|||3|||18|||4
while|||2|||3|||20|||4
iterator|||2|||3|||22|||4
<|||4|||3|||23|||4
10|||4|||3|||24|||4
.|||7|||3|||28|||4
out|||4|||3|||29|||4
.|||8|||3|||30|||4
iterator|||3|||3|||33|||4
iterator|||4|||3|||36|||4
++|||4|||3|||37|||4
DecisionGate|||1|||4|||2|||4
currentIdx|||1|||4|||16|||4
=|||7|||4|||17|||4
5|||1|||4|||18|||4
maxValue|||1|||4|||21|||4
=|||8|||4|||22|||4
10|||5|||4|||23|||4
if|||1|||4|||25|||4
currentIdx|||2|||4|||27|||4
<|||5|||4|||28|||4
maxValue|||2|||4|||32|||4
.|||9|||4|||36|||4
out|||5|||4|||37|||4
.|||10|||4|||38|||4
currentIdx|||3|||4|||41|||4
ConditionFail|||1|||5|||2|||4
checkIdx|||1|||5|||16|||4
=|||9|||5|||17|||4
5|||2|||5|||18|||4
upperLim|||1|||5|||21|||4
=|||10|||5|||22|||4
10|||6|||5|||23|||4
if|||2|||5|||25|||4
!|||1|||5|||27|||4
checkIdx|||2|||5|||29|||4
>=|||1|||5|||30|||4
upperLim|||2|||5|||31|||4
.|||11|||5|||36|||4
out|||6|||5|||37|||4
.|||12|||5|||38|||4
checkIdx|||3|||5|||44|||4
ArrayModify|||1|||6|||2|||4
dataPoints|||1|||6|||18|||4
=|||11|||6|||19|||4
new|||1|||6|||20|||4
5|||3|||6|||23|||4
dataPoints|||2|||6|||26|||4
0|||5|||6|||28|||4
=|||12|||6|||30|||4
dataPoints|||3|||6|||31|||4
0|||6|||6|||33|||4
+|||1|||6|||35|||4
100.0f|||1|||6|||39|||4
.|||13|||6|||42|||4
out|||7|||6|||43|||4
.|||14|||6|||44|||4
dataPoints|||4|||6|||47|||4
0|||7|||6|||49|||4
DataStore|||1|||7|||2|||4
container|||1|||7|||18|||4
=|||13|||7|||19|||4
new|||2|||7|||20|||4
5|||4|||7|||23|||4
container|||2|||7|||26|||4
0|||8|||7|||28|||4
+=|||1|||7|||30|||4
100.0f|||2|||7|||34|||4
.|||15|||7|||37|||4
out|||8|||7|||38|||4
.|||16|||7|||39|||4
container|||3|||7|||42|||4
0|||9|||7|||44|||4
IterateAction|||1|||8|||2|||4
kVal|||1|||8|||16|||4
for|||3|||8|||18|||4
kVal|||2|||8|||20|||4
=|||14|||8|||21|||4
0|||10|||8|||22|||4
kVal|||3|||8|||24|||4
<|||6|||8|||25|||4
5|||5|||8|||26|||4
kVal|||4|||8|||28|||4
++|||5|||8|||29|||4
.|||17|||8|||33|||4
out|||9|||8|||34|||4
.|||18|||8|||35|||4
kVal|||5|||8|||41|||4
LimitAchieved|||1|||9|||2|||4
limiter|||1|||9|||16|||4
=|||15|||9|||17|||4
0|||11|||9|||18|||4
while|||3|||9|||20|||4
limiter|||2|||9|||22|||4
<=|||1|||9|||23|||4
5|||6|||9|||24|||4
.|||19|||9|||28|||4
out|||10|||9|||29|||4
.|||20|||9|||30|||4
limiter|||3|||9|||36|||4
limiter|||4|||9|||39|||4
++|||6|||9|||40|||4
StartState|||1|||10|||2|||4
initialValue|||1|||10|||16|||4
=|||16|||10|||17|||4
0|||12|||10|||18|||4
.|||21|||10|||21|||4
out|||11|||10|||22|||4
.|||22|||10|||23|||4
initialValue|||2|||10|||29|||4
InitializeVal|||1|||11|||2|||4
identifier|||1|||11|||16|||4
=|||17|||11|||17|||4
1|||1|||11|||18|||4
.|||23|||11|||21|||4
out|||12|||11|||22|||4
.|||24|||11|||23|||4
identifier|||2|||11|||29|||4
SpanRun|||1|||12|||2|||4
limit|||1|||12|||16|||4
=|||18|||12|||17|||4
10|||7|||12|||18|||4
for|||4|||12|||20|||4
counterInner|||1|||12|||23|||4
=|||19|||12|||24|||4
0|||13|||12|||25|||4
counterInner|||2|||12|||27|||4
<|||7|||12|||28|||4
limit|||2|||12|||29|||4
counterInner|||3|||12|||31|||4
++|||7|||12|||32|||4
.|||25|||12|||36|||4
out|||13|||12|||37|||4
.|||26|||12|||38|||4
counterInner|||4|||12|||41|||4
BoundCheck|||1|||13|||2|||4
topRange|||1|||13|||16|||4
=|||20|||13|||17|||4
10|||8|||13|||18|||4
for|||5|||13|||20|||4
walker|||1|||13|||23|||4
=|||21|||13|||24|||4
0|||14|||13|||25|||4
walker|||2|||13|||27|||4
<|||8|||13|||28|||4
topRange|||2|||13|||29|||4
walker|||3|||13|||31|||4
++|||8|||13|||32|||4
.|||27|||13|||36|||4
out|||14|||13|||37|||4
.|||28|||13|||38|||4
walker|||4|||13|||41|||4
QuickCycle|||1|||14|||2|||4
loopCount|||1|||14|||16|||4
for|||6|||14|||18|||4
loopCount|||2|||14|||20|||4
=|||22|||14|||21|||4
0|||15|||14|||22|||4
loopCount|||3|||14|||24|||4
<|||9|||14|||25|||4
5|||7|||14|||26|||4
loopCount|||4|||14|||28|||4
++|||9|||14|||29|||4
.|||29|||14|||33|||4
out|||15|||14|||34|||4
.|||30|||14|||35|||4
loopCount|||5|||14|||41|||4
BriefRepeat|||1|||15|||2|||4
cycleVal|||1|||15|||16|||4
=|||23|||15|||17|||4
0|||16|||15|||18|||4
while|||4|||15|||20|||4
cycleVal|||2|||15|||22|||4
<|||10|||15|||23|||4
5|||8|||15|||24|||4
.|||31|||15|||28|||4
out|||16|||15|||29|||4
.|||32|||15|||30|||4
cycleVal|||3|||15|||36|||4
cycleVal|||4|||15|||39|||4
++|||10|||15|||40|||4
SizeCheck|||1|||16|||2|||4
lengthVal|||1|||16|||16|||4
=|||24|||16|||17|||4
7|||1|||16|||18|||4
widthVal|||1|||16|||21|||4
=|||25|||16|||22|||4
10|||9|||16|||23|||4
if|||3|||16|||25|||4
lengthVal|||2|||16|||27|||4
>|||1|||16|||28|||4
widthVal|||2|||16|||29|||4
.|||33|||16|||33|||4
out|||17|||16|||34|||4
.|||34|||16|||35|||4
"|||1|||16|||38|||4
x|||1|||16|||39|||4
is|||1|||16|||40|||4
greater|||1|||16|||41|||4
"|||2|||16|||42|||4
NotSmaller|||1|||17|||2|||4
leftSide|||1|||17|||16|||4
=|||26|||17|||17|||4
7|||2|||17|||18|||4
rightSide|||1|||17|||21|||4
=|||27|||17|||22|||4
10|||10|||17|||23|||4
if|||4|||17|||25|||4
leftSide|||2|||17|||27|||4
<=|||2|||17|||28|||4
rightSide|||2|||17|||29|||4
==|||1|||17|||30|||4
false|||1|||17|||31|||4
.|||35|||17|||35|||4
out|||18|||17|||36|||4
.|||36|||17|||37|||4
"|||3|||17|||40|||4
x|||2|||17|||41|||4
is|||2|||17|||42|||4
greater|||2|||17|||43|||4
"|||4|||17|||44|||4
ScaleValue|||1|||18|||2|||4
valueSet|||1|||18|||18|||4
=|||28|||18|||19|||4
1|||2|||18|||21|||4
,|||1|||18|||22|||4
2|||1|||18|||23|||4
,|||2|||18|||24|||4
3|||1|||18|||25|||4
,|||3|||18|||26|||4
4|||1|||18|||27|||4
,|||4|||18|||28|||4
5|||9|||18|||29|||4
valueSet|||2|||18|||32|||4
2|||2|||18|||34|||4
=|||29|||18|||36|||4
valueSet|||3|||18|||37|||4
2|||3|||18|||39|||4
*|||1|||18|||41|||4
2|||4|||18|||42|||4
.|||37|||18|||45|||4
out|||19|||18|||46|||4
.|||38|||18|||47|||4
valueSet|||4|||18|||50|||4
2|||5|||18|||52|||4
ItemScale|||1|||19|||2|||4
numberList|||1|||19|||18|||4
=|||30|||19|||19|||4
1|||3|||19|||21|||4
,|||5|||19|||22|||4
2|||6|||19|||23|||4
,|||6|||19|||24|||4
3|||2|||19|||25|||4
,|||7|||19|||26|||4
4|||2|||19|||27|||4
,|||8|||19|||28|||4
5|||10|||19|||29|||4
numberList|||2|||19|||32|||4
2|||7|||19|||34|||4
*=|||1|||19|||36|||4
2|||8|||19|||37|||4
.|||39|||19|||40|||4
out|||20|||19|||41|||4
.|||40|||19|||42|||4
numberList|||3|||19|||45|||4
2|||9|||19|||47|||4
IncrStep|||1|||20|||2|||4
indexLoop|||1|||20|||16|||4
for|||7|||20|||18|||4
indexLoop|||2|||20|||20|||4
=|||31|||20|||21|||4
1|||4|||20|||22|||4
indexLoop|||3|||20|||24|||4
<|||11|||20|||25|||4
4|||3|||20|||26|||4
indexLoop|||4|||20|||28|||4
++|||11|||20|||29|||4
.|||41|||20|||33|||4
out|||21|||20|||34|||4
.|||42|||20|||35|||4
indexLoop|||5|||20|||41|||4
StepAdvance|||1|||21|||2|||4
countIndex|||1|||21|||16|||4
for|||8|||21|||18|||4
countIndex|||2|||21|||20|||4
=|||32|||21|||21|||4
1|||5|||21|||22|||4
countIndex|||3|||21|||24|||4
<=|||3|||21|||25|||4
4|||4|||21|||26|||4
countIndex|||4|||21|||28|||4
++|||12|||21|||29|||4
.|||43|||21|||33|||4
out|||22|||21|||34|||4
.|||44|||21|||35|||4
countIndex|||5|||21|||41|||4
OriginZero|||1|||22|||2|||4
zero|||1|||22|||16|||4
=|||33|||22|||17|||4
0|||17|||22|||18|||4
.|||45|||22|||21|||4
out|||23|||22|||22|||4
.|||46|||22|||23|||4
zero|||2|||22|||29|||4
FirstPos|||1|||23|||2|||4
startVal|||1|||23|||16|||4
=|||34|||23|||17|||4
1|||6|||23|||18|||4
.|||47|||23|||21|||4
out|||24|||23|||22|||4
.|||48|||23|||23|||4
startVal|||2|||23|||29|||4
{|||1|||0|||3|||9
{|||2|||0|||14|||9
{|||3|||0|||34|||9
{|||4|||1|||3|||9
{|||5|||1|||14|||9
{|||6|||1|||34|||9
{|||7|||2|||3|||9
{|||8|||2|||14|||9
{|||9|||2|||26|||9
{|||10|||3|||3|||9
{|||11|||3|||14|||9
{|||12|||3|||26|||9
{|||13|||4|||3|||9
{|||14|||4|||14|||9
{|||15|||4|||34|||9
{|||16|||5|||3|||9
{|||17|||5|||14|||9
{|||18|||5|||34|||9
{|||19|||6|||3|||9
{|||20|||6|||14|||9
{|||21|||7|||3|||9
{|||22|||7|||14|||9
{|||23|||8|||3|||9
{|||24|||8|||14|||9
{|||25|||8|||31|||9
{|||26|||9|||3|||9
{|||27|||9|||14|||9
{|||28|||9|||26|||9
{|||29|||10|||3|||9
{|||30|||10|||14|||9
{|||31|||11|||3|||9
{|||32|||11|||14|||9
{|||33|||12|||3|||9
{|||34|||12|||14|||9
{|||35|||12|||34|||9
{|||36|||13|||3|||9
{|||37|||13|||14|||9
{|||38|||13|||34|||9
{|||39|||14|||3|||9
{|||40|||14|||14|||9
{|||41|||14|||31|||9
{|||42|||15|||3|||9
{|||43|||15|||14|||9
{|||44|||15|||26|||9
{|||45|||16|||3|||9
{|||46|||16|||14|||9
{|||47|||16|||31|||9
{|||48|||17|||3|||9
{|||49|||17|||14|||9
{|||50|||17|||33|||9
{|||51|||18|||3|||9
{|||52|||18|||14|||9
{|||53|||18|||20|||9
{|||54|||19|||3|||9
{|||55|||19|||14|||9
{|||56|||19|||20|||9
{|||57|||20|||3|||9
{|||58|||20|||14|||9
{|||59|||20|||31|||9
{|||60|||21|||3|||9
{|||61|||21|||14|||9
{|||62|||21|||31|||9
{|||63|||22|||3|||9
{|||64|||22|||14|||9
{|||65|||23|||3|||9
{|||66|||23|||14|||9
void|||1|||0|||6|||0
main|||1|||0|||7|||0
void|||2|||1|||6|||0
main|||2|||1|||7|||0
void|||3|||2|||6|||0
main|||3|||2|||7|||0
void|||4|||3|||6|||0
main|||4|||3|||7|||0
void|||5|||4|||6|||0
main|||5|||4|||7|||0
void|||6|||5|||6|||0
main|||6|||5|||7|||0
void|||7|||6|||6|||0
main|||7|||6|||7|||0
void|||8|||7|||6|||0
main|||8|||7|||7|||0
void|||9|||8|||6|||0
main|||9|||8|||7|||0
void|||10|||9|||6|||0
main|||10|||9|||7|||0
void|||11|||10|||6|||0
main|||11|||10|||7|||0
void|||12|||11|||6|||0
main|||12|||11|||7|||0
void|||13|||12|||6|||0
main|||13|||12|||7|||0
void|||14|||13|||6|||0
main|||14|||13|||7|||0
void|||15|||14|||6|||0
main|||15|||14|||7|||0
void|||16|||15|||6|||0
main|||16|||15|||7|||0
void|||17|||16|||6|||0
main|||17|||16|||7|||0
void|||18|||17|||6|||0
main|||18|||17|||7|||0
void|||19|||18|||6|||0
main|||19|||18|||7|||0
void|||20|||19|||6|||0
main|||20|||19|||7|||0
void|||21|||20|||6|||0
main|||21|||20|||7|||0
void|||22|||21|||6|||0
main|||22|||21|||7|||0
void|||23|||22|||6|||0
main|||23|||22|||7|||0
void|||24|||23|||6|||0
main|||24|||23|||7|||0
(|||1|||0|||8|||2
[|||1|||0|||10|||2
(|||2|||0|||21|||2
(|||3|||0|||40|||2
(|||4|||1|||8|||2
[|||2|||1|||10|||2
(|||5|||1|||21|||2
(|||6|||1|||40|||2
(|||7|||2|||8|||2
[|||3|||2|||10|||2
(|||8|||2|||21|||2
(|||9|||2|||32|||2
(|||10|||2|||33|||2
(|||11|||3|||8|||2
[|||4|||3|||10|||2
(|||12|||3|||21|||2
(|||13|||3|||32|||2
(|||14|||4|||8|||2
[|||5|||4|||10|||2
(|||15|||4|||26|||2
(|||16|||4|||29|||2
(|||17|||4|||40|||2
(|||18|||5|||8|||2
[|||6|||5|||10|||2
(|||19|||5|||26|||2
(|||20|||5|||28|||2
(|||21|||5|||40|||2
(|||22|||5|||41|||2
(|||23|||6|||8|||2
[|||7|||6|||10|||2
[|||8|||6|||16|||2
[|||9|||6|||22|||2
[|||10|||6|||27|||2
[|||11|||6|||32|||2
(|||24|||6|||36|||2
(|||25|||6|||46|||2
[|||12|||6|||48|||2
(|||26|||7|||8|||2
[|||13|||7|||10|||2
[|||14|||7|||16|||2
[|||15|||7|||22|||2
[|||16|||7|||27|||2
(|||27|||7|||31|||2
(|||28|||7|||41|||2
[|||17|||7|||43|||2
(|||29|||8|||8|||2
[|||18|||8|||10|||2
(|||30|||8|||19|||2
(|||31|||8|||37|||2
(|||32|||8|||38|||2
(|||33|||9|||8|||2
[|||19|||9|||10|||2
(|||34|||9|||21|||2
(|||35|||9|||32|||2
(|||36|||9|||33|||2
(|||37|||10|||8|||2
[|||20|||10|||10|||2
(|||38|||10|||25|||2
(|||39|||10|||26|||2
(|||40|||11|||8|||2
[|||21|||11|||10|||2
(|||41|||11|||25|||2
(|||42|||11|||26|||2
(|||43|||12|||8|||2
[|||22|||12|||10|||2
(|||44|||12|||21|||2
(|||45|||12|||40|||2
(|||46|||13|||8|||2
[|||23|||13|||10|||2
(|||47|||13|||21|||2
(|||48|||13|||40|||2
(|||49|||14|||8|||2
[|||24|||14|||10|||2
(|||50|||14|||19|||2
(|||51|||14|||37|||2
(|||52|||14|||38|||2
(|||53|||15|||8|||2
[|||25|||15|||10|||2
(|||54|||15|||21|||2
(|||55|||15|||32|||2
(|||56|||15|||33|||2
(|||57|||16|||8|||2
[|||26|||16|||10|||2
(|||58|||16|||26|||2
(|||59|||16|||37|||2
(|||60|||17|||8|||2
[|||27|||17|||10|||2
(|||61|||17|||26|||2
(|||62|||17|||39|||2
(|||63|||18|||8|||2
[|||28|||18|||10|||2
[|||29|||18|||16|||2
[|||30|||18|||33|||2
[|||31|||18|||38|||2
(|||64|||18|||49|||2
[|||32|||18|||51|||2
(|||65|||19|||8|||2
[|||33|||19|||10|||2
[|||34|||19|||16|||2
[|||35|||19|||33|||2
(|||66|||19|||44|||2
[|||36|||19|||46|||2
(|||67|||20|||8|||2
[|||37|||20|||10|||2
(|||68|||20|||19|||2
(|||69|||20|||37|||2
(|||70|||20|||38|||2
(|||71|||21|||8|||2
[|||38|||21|||10|||2
(|||72|||21|||19|||2
(|||73|||21|||37|||2
(|||74|||21|||38|||2
(|||75|||22|||8|||2
[|||39|||22|||10|||2
(|||76|||22|||25|||2
(|||77|||22|||26|||2
(|||78|||23|||8|||2
[|||40|||23|||10|||2
(|||79|||23|||25|||2
(|||80|||23|||26|||2
String|||1|||0|||9|||5
programArgs|||1|||0|||12|||5
System|||1|||0|||35|||5
println|||1|||0|||39|||5
String|||2|||1|||9|||5
args|||1|||1|||12|||5
System|||2|||1|||35|||5
println|||2|||1|||39|||5
String|||3|||2|||9|||5
args|||2|||2|||12|||5
System|||3|||2|||27|||5
println|||3|||2|||31|||5
String|||4|||3|||9|||5
args|||3|||3|||12|||5
System|||4|||3|||27|||5
println|||4|||3|||31|||5
String|||5|||4|||9|||5
args|||4|||4|||12|||5
System|||5|||4|||35|||5
println|||5|||4|||39|||5
String|||6|||5|||9|||5
args|||5|||5|||12|||5
System|||6|||5|||35|||5
println|||6|||5|||39|||5
String|||7|||6|||9|||5
args|||6|||6|||12|||5
System|||7|||6|||41|||5
println|||7|||6|||45|||5
String|||8|||7|||9|||5
args|||7|||7|||12|||5
System|||8|||7|||36|||5
println|||8|||7|||40|||5
String|||9|||8|||9|||5
args|||8|||8|||12|||5
System|||9|||8|||32|||5
println|||9|||8|||36|||5
String|||10|||9|||9|||5
args|||9|||9|||12|||5
System|||10|||9|||27|||5
println|||10|||9|||31|||5
String|||11|||10|||9|||5
args|||10|||10|||12|||5
System|||11|||10|||20|||5
println|||11|||10|||24|||5
String|||12|||11|||9|||5
args|||11|||11|||12|||5
System|||12|||11|||20|||5
println|||12|||11|||24|||5
String|||13|||12|||9|||5
args|||12|||12|||12|||5
System|||13|||12|||35|||5
println|||13|||12|||39|||5
String|||14|||13|||9|||5
args|||13|||13|||12|||5
System|||14|||13|||35|||5
println|||14|||13|||39|||5
String|||15|||14|||9|||5
args|||14|||14|||12|||5
System|||15|||14|||32|||5
println|||15|||14|||36|||5
String|||16|||15|||9|||5
args|||15|||15|||12|||5
System|||16|||15|||27|||5
println|||16|||15|||31|||5
String|||17|||16|||9|||5
args|||16|||16|||12|||5
System|||17|||16|||32|||5
println|||17|||16|||36|||5
String|||18|||17|||9|||5
args|||17|||17|||12|||5
System|||18|||17|||34|||5
println|||18|||17|||38|||5
String|||19|||18|||9|||5
args|||18|||18|||12|||5
System|||19|||18|||44|||5
println|||19|||18|||48|||5
String|||20|||19|||9|||5
args|||19|||19|||12|||5
System|||20|||19|||39|||5
println|||20|||19|||43|||5
String|||21|||20|||9|||5
args|||20|||20|||12|||5
System|||21|||20|||32|||5
println|||21|||20|||36|||5
String|||22|||21|||9|||5
args|||21|||21|||12|||5
System|||22|||21|||32|||5
println|||22|||21|||36|||5
String|||23|||22|||9|||5
args|||22|||22|||12|||5
System|||23|||22|||20|||5
println|||23|||22|||24|||5
String|||24|||23|||9|||5
args|||23|||23|||12|||5
System|||24|||23|||20|||5
println|||24|||23|||24|||5
]|||1|||0|||11|||7
)|||1|||0|||13|||7
)|||2|||0|||33|||7
)|||3|||0|||42|||7
]|||2|||1|||11|||7
)|||4|||1|||13|||7
)|||5|||1|||33|||7
)|||6|||1|||42|||7
]|||3|||2|||11|||7
)|||7|||2|||13|||7
)|||8|||2|||25|||7
)|||9|||2|||35|||7
)|||10|||2|||37|||7
]|||4|||3|||11|||7
)|||11|||3|||13|||7
)|||12|||3|||25|||7
)|||13|||3|||34|||7
]|||5|||4|||11|||7
)|||14|||4|||13|||7
)|||15|||4|||31|||7
)|||16|||4|||33|||7
)|||17|||4|||42|||7
]|||6|||5|||11|||7
)|||18|||5|||13|||7
)|||19|||5|||32|||7
)|||20|||5|||33|||7
)|||21|||5|||43|||7
)|||22|||5|||45|||7
]|||7|||6|||11|||7
)|||23|||6|||13|||7
]|||8|||6|||17|||7
]|||9|||6|||24|||7
]|||10|||6|||29|||7
]|||11|||6|||34|||7
)|||24|||6|||38|||7
]|||12|||6|||50|||7
)|||25|||6|||51|||7
]|||13|||7|||11|||7
)|||26|||7|||13|||7
]|||14|||7|||17|||7
]|||15|||7|||24|||7
]|||16|||7|||29|||7
)|||27|||7|||33|||7
]|||17|||7|||45|||7
)|||28|||7|||46|||7
]|||18|||8|||11|||7
)|||29|||8|||13|||7
)|||30|||8|||30|||7
)|||31|||8|||40|||7
)|||32|||8|||42|||7
]|||19|||9|||11|||7
)|||33|||9|||13|||7
)|||34|||9|||25|||7
)|||35|||9|||35|||7
)|||36|||9|||37|||7
]|||20|||10|||11|||7
)|||37|||10|||13|||7
)|||38|||10|||28|||7
)|||39|||10|||30|||7
]|||21|||11|||11|||7
)|||40|||11|||13|||7
)|||41|||11|||28|||7
)|||42|||11|||30|||7
]|||22|||12|||11|||7
)|||43|||12|||13|||7
)|||44|||12|||33|||7
)|||45|||12|||42|||7
]|||23|||13|||11|||7
)|||46|||13|||13|||7
)|||47|||13|||33|||7
)|||48|||13|||42|||7
]|||24|||14|||11|||7
)|||49|||14|||13|||7
)|||50|||14|||30|||7
)|||51|||14|||40|||7
)|||52|||14|||42|||7
]|||25|||15|||11|||7
)|||53|||15|||13|||7
)|||54|||15|||25|||7
)|||55|||15|||35|||7
)|||56|||15|||37|||7
]|||26|||16|||11|||7
)|||57|||16|||13|||7
)|||58|||16|||30|||7
)|||59|||16|||43|||7
]|||27|||17|||11|||7
)|||60|||17|||13|||7
)|||61|||17|||32|||7
)|||62|||17|||45|||7
]|||28|||18|||11|||7
)|||63|||18|||13|||7
]|||29|||18|||17|||7
]|||30|||18|||35|||7
]|||31|||18|||40|||7
]|||32|||18|||53|||7
)|||64|||18|||54|||7
]|||33|||19|||11|||7
)|||65|||19|||13|||7
]|||34|||19|||17|||7
]|||35|||19|||35|||7
]|||36|||19|||48|||7
)|||66|||19|||49|||7
]|||37|||20|||11|||7
)|||67|||20|||13|||7
)|||68|||20|||30|||7
)|||69|||20|||40|||7
)|||70|||20|||42|||7
]|||38|||21|||11|||7
)|||71|||21|||13|||7
)|||72|||21|||30|||7
)|||73|||21|||40|||7
)|||74|||21|||42|||7
]|||39|||22|||11|||7
)|||75|||22|||13|||7
)|||76|||22|||28|||7
)|||77|||22|||30|||7
]|||40|||23|||11|||7
)|||78|||23|||13|||7
)|||79|||23|||28|||7
)|||80|||23|||30|||7
float|||1|||0|||15|||3
int|||1|||0|||22|||3
float|||2|||1|||15|||3
int|||2|||1|||22|||3
float|||3|||2|||15|||3
int|||3|||2|||34|||3
float|||4|||3|||15|||3
int|||4|||4|||15|||3
int|||5|||4|||20|||3
float|||5|||4|||30|||3
float|||6|||5|||15|||3
float|||7|||5|||20|||3
int|||6|||5|||42|||3
int|||7|||6|||15|||3
int|||8|||6|||21|||3
int|||9|||6|||37|||3
int|||10|||7|||15|||3
int|||11|||7|||21|||3
int|||12|||7|||32|||3
float|||8|||8|||15|||3
int|||13|||8|||39|||3
float|||9|||9|||15|||3
int|||14|||9|||34|||3
float|||10|||10|||15|||3
int|||15|||10|||27|||3
float|||11|||11|||15|||3
int|||16|||11|||27|||3
int|||17|||12|||15|||3
int|||18|||12|||22|||3
int|||19|||13|||15|||3
int|||20|||13|||22|||3
float|||12|||14|||15|||3
int|||21|||14|||39|||3
float|||13|||15|||15|||3
int|||22|||15|||34|||3
float|||14|||16|||15|||3
float|||15|||16|||20|||3
float|||16|||17|||15|||3
float|||17|||17|||20|||3
int|||23|||18|||15|||3
int|||24|||19|||15|||3
float|||18|||20|||15|||3
int|||25|||20|||39|||3
float|||19|||21|||15|||3
int|||26|||21|||39|||3
float|||20|||22|||15|||3
int|||27|||22|||27|||3
float|||21|||23|||15|||3
int|||28|||23|||27|||3
;|||1|||0|||19|||8
;|||2|||0|||26|||8
;|||3|||0|||30|||8
;|||4|||0|||43|||8
;|||5|||1|||19|||8
;|||6|||1|||26|||8
;|||7|||1|||30|||8
;|||8|||1|||43|||8
;|||9|||2|||19|||8
;|||10|||2|||38|||8
;|||11|||2|||41|||8
;|||12|||3|||19|||8
;|||13|||3|||35|||8
;|||14|||3|||38|||8
;|||15|||4|||19|||8
;|||16|||4|||24|||8
;|||17|||4|||43|||8
;|||18|||5|||19|||8
;|||19|||5|||24|||8
;|||20|||5|||46|||8
;|||21|||6|||25|||8
;|||22|||6|||40|||8
;|||23|||6|||52|||8
;|||24|||7|||25|||8
;|||25|||7|||35|||8
;|||26|||7|||47|||8
;|||27|||8|||17|||8
;|||28|||8|||23|||8
;|||29|||8|||27|||8
;|||30|||8|||43|||8
;|||31|||9|||19|||8
;|||32|||9|||38|||8
;|||33|||9|||41|||8
;|||34|||10|||19|||8
;|||35|||10|||31|||8
;|||36|||11|||19|||8
;|||37|||11|||31|||8
;|||38|||12|||19|||8
;|||39|||12|||26|||8
;|||40|||12|||30|||8
;|||41|||12|||43|||8
;|||42|||13|||19|||8
;|||43|||13|||26|||8
;|||44|||13|||30|||8
;|||45|||13|||43|||8
;|||46|||14|||17|||8
;|||47|||14|||23|||8
;|||48|||14|||27|||8
;|||49|||14|||43|||8
;|||50|||15|||19|||8
;|||51|||15|||38|||8
;|||52|||15|||41|||8
;|||53|||16|||19|||8
;|||54|||16|||24|||8
;|||55|||16|||44|||8
;|||56|||17|||19|||8
;|||57|||17|||24|||8
;|||58|||17|||46|||8
;|||59|||18|||31|||8
;|||60|||18|||43|||8
;|||61|||18|||55|||8
;|||62|||19|||31|||8
;|||63|||19|||38|||8
;|||64|||19|||50|||8
;|||65|||20|||17|||8
;|||66|||20|||23|||8
;|||67|||20|||27|||8
;|||68|||20|||43|||8
;|||69|||21|||17|||8
;|||70|||21|||23|||8
;|||71|||21|||27|||8
;|||72|||21|||43|||8
;|||73|||22|||19|||8
;|||74|||22|||31|||8
;|||75|||23|||19|||8
;|||76|||23|||31|||8
}|||1|||0|||44|||6
}|||2|||0|||45|||6
}|||3|||0|||46|||6
}|||4|||1|||44|||6
}|||5|||1|||45|||6
}|||6|||1|||46|||6
}|||7|||2|||42|||6
}|||8|||2|||43|||6
}|||9|||2|||44|||6
}|||10|||3|||39|||6
}|||11|||3|||40|||6
}|||12|||3|||41|||6
}|||13|||4|||44|||6
}|||14|||4|||45|||6
}|||15|||4|||46|||6
}|||16|||5|||47|||6
}|||17|||5|||48|||6
}|||18|||5|||49|||6
}|||19|||6|||53|||6
}|||20|||6|||54|||6
}|||21|||7|||48|||6
}|||22|||7|||49|||6
}|||23|||8|||44|||6
}|||24|||8|||45|||6
}|||25|||8|||46|||6
}|||26|||9|||42|||6
}|||27|||9|||43|||6
}|||28|||9|||44|||6
}|||29|||10|||32|||6
}|||30|||10|||33|||6
}|||31|||11|||32|||6
}|||32|||11|||33|||6
}|||33|||12|||44|||6
}|||34|||12|||45|||6
}|||35|||12|||46|||6
}|||36|||13|||44|||6
}|||37|||13|||45|||6
}|||38|||13|||46|||6
}|||39|||14|||44|||6
}|||40|||14|||45|||6
}|||41|||14|||46|||6
}|||42|||15|||42|||6
}|||43|||15|||43|||6
}|||44|||15|||44|||6
}|||45|||16|||45|||6
}|||46|||16|||46|||6
}|||47|||16|||47|||6
}|||48|||17|||47|||6
}|||49|||17|||48|||6
}|||50|||17|||49|||6
}|||51|||18|||30|||6
}|||52|||18|||56|||6
}|||53|||18|||57|||6
}|||54|||19|||30|||6
}|||55|||19|||51|||6
}|||56|||19|||52|||6
}|||57|||20|||44|||6
}|||58|||20|||45|||6
}|||59|||20|||46|||6
}|||60|||21|||44|||6
}|||61|||21|||45|||6
}|||62|||21|||46|||6
}|||63|||22|||32|||6
}|||64|||22|||33|||6
}|||65|||23|||32|||6
}|||66|||23|||33|||6
