protected|||1|||0|||0|||6
class|||1|||0|||1|||6
private|||1|||0|||4|||6
static|||1|||0|||5|||6
public|||1|||1|||0|||6
class|||2|||1|||1|||6
public|||2|||1|||4|||6
static|||2|||1|||5|||6
private|||2|||2|||0|||6
class|||3|||2|||1|||6
private|||3|||2|||4|||6
static|||3|||2|||5|||6
protected|||2|||3|||0|||6
class|||4|||3|||1|||6
protected|||3|||3|||4|||6
static|||4|||3|||5|||6
public|||3|||4|||0|||6
class|||5|||4|||1|||6
public|||4|||4|||4|||6
static|||5|||4|||5|||6
private|||4|||5|||0|||6
class|||6|||5|||1|||6
private|||5|||5|||4|||6
static|||6|||5|||5|||6
protected|||4|||6|||0|||6
class|||7|||6|||1|||6
protected|||5|||6|||4|||6
static|||7|||6|||5|||6
public|||5|||7|||0|||6
class|||8|||7|||1|||6
public|||6|||7|||4|||6
static|||8|||7|||5|||6
private|||6|||8|||0|||6
class|||9|||8|||1|||6
private|||7|||8|||4|||6
static|||9|||8|||5|||6
protected|||6|||9|||0|||6
class|||10|||9|||1|||6
protected|||7|||9|||4|||6
static|||10|||9|||5|||6
public|||7|||10|||0|||6
class|||11|||10|||1|||6
public|||8|||10|||4|||6
static|||11|||10|||5|||6
private|||8|||11|||0|||6
class|||12|||11|||1|||6
private|||9|||11|||4|||6
static|||12|||11|||5|||6
protected|||8|||12|||0|||6
class|||13|||12|||1|||6
protected|||9|||12|||4|||6
static|||13|||12|||5|||6
public|||9|||13|||0|||6
class|||14|||13|||1|||6
public|||10|||13|||4|||6
static|||14|||13|||5|||6
private|||10|||14|||0|||6
class|||15|||14|||1|||6
private|||11|||14|||4|||6
static|||15|||14|||5|||6
protected|||10|||15|||0|||6
class|||16|||15|||1|||6
protected|||11|||15|||4|||6
static|||16|||15|||5|||6
public|||11|||16|||0|||6
class|||17|||16|||1|||6
public|||12|||16|||4|||6
static|||17|||16|||5|||6
private|||12|||17|||0|||6
class|||18|||17|||1|||6
private|||13|||17|||4|||6
static|||18|||17|||5|||6
protected|||12|||18|||0|||6
class|||19|||18|||1|||6
protected|||13|||18|||4|||6
static|||19|||18|||5|||6
public|||13|||19|||0|||6
class|||20|||19|||1|||6
public|||14|||19|||4|||6
static|||20|||19|||5|||6
private|||14|||20|||0|||6
class|||21|||20|||1|||6
private|||15|||20|||4|||6
static|||21|||20|||5|||6
protected|||14|||21|||0|||6
class|||22|||21|||1|||6
protected|||15|||21|||4|||6
static|||22|||21|||5|||6
public|||15|||22|||0|||6
class|||23|||22|||1|||6
public|||16|||22|||4|||6
static|||23|||22|||5|||6
private|||16|||23|||0|||6
class|||24|||23|||1|||6
private|||17|||23|||4|||6
static|||24|||23|||5|||6
AlgorithmicBase|||1|||0|||2|||4
totalElements|||1|||0|||16|||4
counter|||1|||0|||23|||4
counter|||2|||0|||27|||4
totalElements|||2|||0|||29|||4
counter|||3|||0|||31|||4
counter|||4|||0|||41|||4
RepeatMechanism|||1|||1|||2|||4
itemsToRepeat|||1|||1|||16|||4
index|||1|||1|||23|||4
index|||2|||1|||27|||4
itemsToRepeat|||2|||1|||29|||4
index|||3|||1|||31|||4
index|||4|||1|||41|||4
NumberRange|||1|||2|||2|||4
iVal|||1|||2|||16|||4
iVal|||2|||2|||22|||4
iVal|||3|||2|||36|||4
iVal|||4|||2|||39|||4
LoopProcess|||1|||3|||2|||4
iterator|||1|||3|||16|||4
iterator|||2|||3|||22|||4
iterator|||3|||3|||33|||4
iterator|||4|||3|||36|||4
DecisionGate|||1|||4|||2|||4
currentIdx|||1|||4|||16|||4
maxValue|||1|||4|||21|||4
currentIdx|||2|||4|||27|||4
maxValue|||2|||4|||32|||4
currentIdx|||3|||4|||41|||4
ConditionFail|||1|||5|||2|||4
checkIdx|||1|||5|||16|||4
upperLim|||1|||5|||21|||4
checkIdx|||2|||5|||29|||4
upperLim|||2|||5|||31|||4
checkIdx|||3|||5|||44|||4
ArrayModify|||1|||6|||2|||4
dataPoints|||1|||6|||18|||4
dataPoints|||2|||6|||26|||4
dataPoints|||3|||6|||31|||4
dataPoints|||4|||6|||47|||4
DataStore|||1|||7|||2|||4
container|||1|||7|||18|||4
container|||2|||7|||26|||4
container|||3|||7|||42|||4
IterateAction|||1|||8|||2|||4
kVal|||1|||8|||16|||4
kVal|||2|||8|||20|||4
kVal|||3|||8|||24|||4
kVal|||4|||8|||28|||4
kVal|||5|||8|||41|||4
LimitAchieved|||1|||9|||2|||4
limiter|||1|||9|||16|||4
limiter|||2|||9|||22|||4
limiter|||3|||9|||36|||4
limiter|||4|||9|||39|||4
StartState|||1|||10|||2|||4
initialValue|||1|||10|||16|||4
initialValue|||2|||10|||29|||4
InitializeVal|||1|||11|||2|||4
identifier|||1|||11|||16|||4
identifier|||2|||11|||29|||4
SpanRun|||1|||12|||2|||4
limit|||1|||12|||16|||4
counterInner|||1|||12|||23|||4
counterInner|||2|||12|||27|||4
limit|||2|||12|||29|||4
counterInner|||3|||12|||31|||4
counterInner|||4|||12|||41|||4
BoundCheck|||1|||13|||2|||4
topRange|||1|||13|||16|||4
walker|||1|||13|||23|||4
walker|||2|||13|||27|||4
topRange|||2|||13|||29|||4
walker|||3|||13|||31|||4
walker|||4|||13|||41|||4
QuickCycle|||1|||14|||2|||4
loopCount|||1|||14|||16|||4
loopCount|||2|||14|||20|||4
loopCount|||3|||14|||24|||4
loopCount|||4|||14|||28|||4
loopCount|||5|||14|||41|||4
BriefRepeat|||1|||15|||2|||4
cycleVal|||1|||15|||16|||4
cycleVal|||2|||15|||22|||4
cycleVal|||3|||15|||36|||4
cycleVal|||4|||15|||39|||4
SizeCheck|||1|||16|||2|||4
lengthVal|||1|||16|||16|||4
widthVal|||1|||16|||21|||4
lengthVal|||2|||16|||27|||4
widthVal|||2|||16|||29|||4
NotSmaller|||1|||17|||2|||4
leftSide|||1|||17|||16|||4
rightSide|||1|||17|||21|||4
leftSide|||2|||17|||27|||4
rightSide|||2|||17|||29|||4
ScaleValue|||1|||18|||2|||4
valueSet|||1|||18|||18|||4
valueSet|||2|||18|||32|||4
valueSet|||3|||18|||37|||4
valueSet|||4|||18|||50|||4
ItemScale|||1|||19|||2|||4
numberList|||1|||19|||18|||4
numberList|||2|||19|||32|||4
numberList|||3|||19|||45|||4
IncrStep|||1|||20|||2|||4
indexLoop|||1|||20|||16|||4
indexLoop|||2|||20|||20|||4
indexLoop|||3|||20|||24|||4
indexLoop|||4|||20|||28|||4
indexLoop|||5|||20|||41|||4
StepAdvance|||1|||21|||2|||4
countIndex|||1|||21|||16|||4
countIndex|||2|||21|||20|||4
countIndex|||3|||21|||24|||4
countIndex|||4|||21|||28|||4
countIndex|||5|||21|||41|||4
OriginZero|||1|||22|||2|||4
zero|||1|||22|||16|||4
zero|||2|||22|||29|||4
FirstPos|||1|||23|||2|||4
startVal|||1|||23|||16|||4
startVal|||2|||23|||29|||4
{|||1|||0|||3|||1
)|||1|||0|||13|||1
{|||2|||0|||14|||1
;|||1|||0|||19|||1
;|||2|||0|||26|||1
;|||3|||0|||30|||1
)|||2|||0|||33|||1
{|||3|||0|||34|||1
)|||3|||0|||42|||1
;|||4|||0|||43|||1
{|||4|||1|||3|||1
)|||4|||1|||13|||1
{|||5|||1|||14|||1
;|||5|||1|||19|||1
;|||6|||1|||26|||1
;|||7|||1|||30|||1
)|||5|||1|||33|||1
{|||6|||1|||34|||1
)|||6|||1|||42|||1
;|||8|||1|||43|||1
{|||7|||2|||3|||1
)|||7|||2|||13|||1
{|||8|||2|||14|||1
;|||9|||2|||19|||1
)|||8|||2|||25|||1
{|||9|||2|||26|||1
)|||9|||2|||35|||1
)|||10|||2|||37|||1
;|||10|||2|||38|||1
;|||11|||2|||41|||1
{|||10|||3|||3|||1
)|||11|||3|||13|||1
{|||11|||3|||14|||1
;|||12|||3|||19|||1
)|||12|||3|||25|||1
{|||12|||3|||26|||1
)|||13|||3|||34|||1
;|||13|||3|||35|||1
;|||14|||3|||38|||1
{|||13|||4|||3|||1
)|||14|||4|||13|||1
{|||14|||4|||14|||1
;|||15|||4|||19|||1
;|||16|||4|||24|||1
)|||15|||4|||31|||1
)|||16|||4|||33|||1
{|||15|||4|||34|||1
)|||17|||4|||42|||1
;|||17|||4|||43|||1
{|||16|||5|||3|||1
)|||18|||5|||13|||1
{|||17|||5|||14|||1
;|||18|||5|||19|||1
;|||19|||5|||24|||1
)|||19|||5|||32|||1
)|||20|||5|||33|||1
{|||18|||5|||34|||1
)|||21|||5|||43|||1
)|||22|||5|||45|||1
;|||20|||5|||46|||1
{|||19|||6|||3|||1
)|||23|||6|||13|||1
{|||20|||6|||14|||1
;|||21|||6|||25|||1
)|||24|||6|||38|||1
;|||22|||6|||40|||1
)|||25|||6|||51|||1
;|||23|||6|||52|||1
{|||21|||7|||3|||1
)|||26|||7|||13|||1
{|||22|||7|||14|||1
;|||24|||7|||25|||1
)|||27|||7|||33|||1
;|||25|||7|||35|||1
)|||28|||7|||46|||1
;|||26|||7|||47|||1
{|||23|||8|||3|||1
)|||29|||8|||13|||1
{|||24|||8|||14|||1
;|||27|||8|||17|||1
;|||28|||8|||23|||1
;|||29|||8|||27|||1
)|||30|||8|||30|||1
{|||25|||8|||31|||1
)|||31|||8|||40|||1
)|||32|||8|||42|||1
;|||30|||8|||43|||1
{|||26|||9|||3|||1
)|||33|||9|||13|||1
{|||27|||9|||14|||1
;|||31|||9|||19|||1
)|||34|||9|||25|||1
{|||28|||9|||26|||1
)|||35|||9|||35|||1
)|||36|||9|||37|||1
;|||32|||9|||38|||1
;|||33|||9|||41|||1
{|||29|||10|||3|||1
)|||37|||10|||13|||1
{|||30|||10|||14|||1
;|||34|||10|||19|||1
)|||38|||10|||28|||1
)|||39|||10|||30|||1
;|||35|||10|||31|||1
{|||31|||11|||3|||1
)|||40|||11|||13|||1
{|||32|||11|||14|||1
;|||36|||11|||19|||1
)|||41|||11|||28|||1
)|||42|||11|||30|||1
;|||37|||11|||31|||1
{|||33|||12|||3|||1
)|||43|||12|||13|||1
{|||34|||12|||14|||1
;|||38|||12|||19|||1
;|||39|||12|||26|||1
;|||40|||12|||30|||1
)|||44|||12|||33|||1
{|||35|||12|||34|||1
)|||45|||12|||42|||1
;|||41|||12|||43|||1
{|||36|||13|||3|||1
)|||46|||13|||13|||1
{|||37|||13|||14|||1
;|||42|||13|||19|||1
;|||43|||13|||26|||1
;|||44|||13|||30|||1
)|||47|||13|||33|||1
{|||38|||13|||34|||1
)|||48|||13|||42|||1
;|||45|||13|||43|||1
{|||39|||14|||3|||1
)|||49|||14|||13|||1
{|||40|||14|||14|||1
;|||46|||14|||17|||1
;|||47|||14|||23|||1
;|||48|||14|||27|||1
)|||50|||14|||30|||1
{|||41|||14|||31|||1
)|||51|||14|||40|||1
)|||52|||14|||42|||1
;|||49|||14|||43|||1
{|||42|||15|||3|||1
)|||53|||15|||13|||1
{|||43|||15|||14|||1
;|||50|||15|||19|||1
)|||54|||15|||25|||1
{|||44|||15|||26|||1
)|||55|||15|||35|||1
)|||56|||15|||37|||1
;|||51|||15|||38|||1
;|||52|||15|||41|||1
{|||45|||16|||3|||1
)|||57|||16|||13|||1
{|||46|||16|||14|||1
;|||53|||16|||19|||1
;|||54|||16|||24|||1
)|||58|||16|||30|||1
{|||47|||16|||31|||1
)|||59|||16|||43|||1
;|||55|||16|||44|||1
{|||48|||17|||3|||1
)|||60|||17|||13|||1
{|||49|||17|||14|||1
;|||56|||17|||19|||1
;|||57|||17|||24|||1
)|||61|||17|||32|||1
{|||50|||17|||33|||1
)|||62|||17|||45|||1
;|||58|||17|||46|||1
{|||51|||18|||3|||1
)|||63|||18|||13|||1
{|||52|||18|||14|||1
;|||59|||18|||31|||1
;|||60|||18|||43|||1
)|||64|||18|||54|||1
;|||61|||18|||55|||1
{|||54|||19|||3|||1
)|||65|||19|||13|||1
{|||55|||19|||14|||1
;|||62|||19|||31|||1
;|||63|||19|||38|||1
)|||66|||19|||49|||1
;|||64|||19|||50|||1
{|||57|||20|||3|||1
)|||67|||20|||13|||1
{|||58|||20|||14|||1
;|||65|||20|||17|||1
;|||66|||20|||23|||1
;|||67|||20|||27|||1
)|||68|||20|||30|||1
{|||59|||20|||31|||1
)|||69|||20|||40|||1
)|||70|||20|||42|||1
;|||68|||20|||43|||1
{|||60|||21|||3|||1
)|||71|||21|||13|||1
{|||61|||21|||14|||1
;|||69|||21|||17|||1
;|||70|||21|||23|||1
;|||71|||21|||27|||1
)|||72|||21|||30|||1
{|||62|||21|||31|||1
)|||73|||21|||40|||1
)|||74|||21|||42|||1
;|||72|||21|||43|||1
{|||63|||22|||3|||1
)|||75|||22|||13|||1
{|||64|||22|||14|||1
;|||73|||22|||19|||1
)|||76|||22|||28|||1
)|||77|||22|||30|||1
;|||74|||22|||31|||1
{|||65|||23|||3|||1
)|||78|||23|||13|||1
{|||66|||23|||14|||1
;|||75|||23|||19|||1
)|||79|||23|||28|||1
)|||80|||23|||30|||1
;|||76|||23|||31|||1
void|||1|||0|||6|||9
String|||1|||0|||9|||9
float|||1|||0|||15|||9
int|||1|||0|||22|||9
void|||2|||1|||6|||9
String|||2|||1|||9|||9
float|||2|||1|||15|||9
int|||2|||1|||22|||9
void|||3|||2|||6|||9
String|||3|||2|||9|||9
float|||3|||2|||15|||9
int|||3|||2|||34|||9
void|||4|||3|||6|||9
String|||4|||3|||9|||9
float|||4|||3|||15|||9
void|||5|||4|||6|||9
String|||5|||4|||9|||9
int|||4|||4|||15|||9
int|||5|||4|||20|||9
float|||5|||4|||30|||9
void|||6|||5|||6|||9
String|||6|||5|||9|||9
float|||6|||5|||15|||9
float|||7|||5|||20|||9
int|||6|||5|||42|||9
void|||7|||6|||6|||9
String|||7|||6|||9|||9
int|||7|||6|||15|||9
int|||8|||6|||21|||9
int|||9|||6|||37|||9
void|||8|||7|||6|||9
String|||8|||7|||9|||9
int|||10|||7|||15|||9
int|||11|||7|||21|||9
int|||12|||7|||32|||9
void|||9|||8|||6|||9
String|||9|||8|||9|||9
float|||8|||8|||15|||9
int|||13|||8|||39|||9
void|||10|||9|||6|||9
String|||10|||9|||9|||9
float|||9|||9|||15|||9
int|||14|||9|||34|||9
void|||11|||10|||6|||9
String|||11|||10|||9|||9
float|||10|||10|||15|||9
int|||15|||10|||27|||9
void|||12|||11|||6|||9
String|||12|||11|||9|||9
float|||11|||11|||15|||9
int|||16|||11|||27|||9
void|||13|||12|||6|||9
String|||13|||12|||9|||9
int|||17|||12|||15|||9
int|||18|||12|||22|||9
void|||14|||13|||6|||9
String|||14|||13|||9|||9
int|||19|||13|||15|||9
int|||20|||13|||22|||9
void|||15|||14|||6|||9
String|||15|||14|||9|||9
float|||12|||14|||15|||9
int|||21|||14|||39|||9
void|||16|||15|||6|||9
String|||16|||15|||9|||9
float|||13|||15|||15|||9
int|||22|||15|||34|||9
void|||17|||16|||6|||9
String|||17|||16|||9|||9
float|||14|||16|||15|||9
float|||15|||16|||20|||9
void|||18|||17|||6|||9
String|||18|||17|||9|||9
float|||16|||17|||15|||9
float|||17|||17|||20|||9
void|||19|||18|||6|||9
String|||19|||18|||9|||9
int|||23|||18|||15|||9
void|||20|||19|||6|||9
String|||20|||19|||9|||9
int|||24|||19|||15|||9
void|||21|||20|||6|||9
String|||21|||20|||9|||9
float|||18|||20|||15|||9
int|||25|||20|||39|||9
void|||22|||21|||6|||9
String|||22|||21|||9|||9
float|||19|||21|||15|||9
int|||26|||21|||39|||9
void|||23|||22|||6|||9
String|||23|||22|||9|||9
float|||20|||22|||15|||9
int|||27|||22|||27|||9
void|||24|||23|||6|||9
String|||24|||23|||9|||9
float|||21|||23|||15|||9
int|||28|||23|||27|||9
main|||1|||0|||7|||2
programArgs|||1|||0|||12|||2
main|||2|||1|||7|||2
args|||1|||1|||12|||2
main|||3|||2|||7|||2
args|||2|||2|||12|||2
main|||4|||3|||7|||2
args|||3|||3|||12|||2
main|||5|||4|||7|||2
args|||4|||4|||12|||2
main|||6|||5|||7|||2
args|||5|||5|||12|||2
main|||7|||6|||7|||2
args|||6|||6|||12|||2
main|||8|||7|||7|||2
args|||7|||7|||12|||2
main|||9|||8|||7|||2
args|||8|||8|||12|||2
main|||10|||9|||7|||2
args|||9|||9|||12|||2
main|||11|||10|||7|||2
args|||10|||10|||12|||2
main|||12|||11|||7|||2
args|||11|||11|||12|||2
main|||13|||12|||7|||2
args|||12|||12|||12|||2
main|||14|||13|||7|||2
args|||13|||13|||12|||2
main|||15|||14|||7|||2
args|||14|||14|||12|||2
main|||16|||15|||7|||2
args|||15|||15|||12|||2
main|||17|||16|||7|||2
args|||16|||16|||12|||2
main|||18|||17|||7|||2
args|||17|||17|||12|||2
main|||19|||18|||7|||2
args|||18|||18|||12|||2
main|||20|||19|||7|||2
args|||19|||19|||12|||2
main|||21|||20|||7|||2
args|||20|||20|||12|||2
main|||22|||21|||7|||2
args|||21|||21|||12|||2
main|||23|||22|||7|||2
args|||22|||22|||12|||2
main|||24|||23|||7|||2
args|||23|||23|||12|||2
(|||1|||0|||8|||5
=|||1|||0|||17|||5
10|||1|||0|||18|||5
for|||1|||0|||20|||5
(|||2|||0|||21|||5
=|||2|||0|||24|||5
0|||1|||0|||25|||5
<|||1|||0|||28|||5
++|||1|||0|||32|||5
(|||4|||1|||8|||5
=|||3|||1|||17|||5
10|||2|||1|||18|||5
for|||2|||1|||20|||5
(|||5|||1|||21|||5
=|||4|||1|||24|||5
0|||2|||1|||25|||5
<|||2|||1|||28|||5
++|||2|||1|||32|||5
(|||7|||2|||8|||5
=|||5|||2|||17|||5
0|||3|||2|||18|||5
while|||1|||2|||20|||5
(|||8|||2|||21|||5
<|||3|||2|||23|||5
10|||3|||2|||24|||5
(|||10|||2|||33|||5
++|||3|||2|||40|||5
(|||11|||3|||8|||5
=|||6|||3|||17|||5
0|||4|||3|||18|||5
while|||2|||3|||20|||5
(|||12|||3|||21|||5
<|||4|||3|||23|||5
10|||4|||3|||24|||5
++|||4|||3|||37|||5
(|||14|||4|||8|||5
=|||7|||4|||17|||5
5|||1|||4|||18|||5
=|||8|||4|||22|||5
10|||5|||4|||23|||5
if|||1|||4|||25|||5
(|||15|||4|||26|||5
<|||5|||4|||28|||5
(|||16|||4|||29|||5
(|||18|||5|||8|||5
=|||9|||5|||17|||5
5|||2|||5|||18|||5
=|||10|||5|||22|||5
10|||6|||5|||23|||5
if|||2|||5|||25|||5
(|||19|||5|||26|||5
!|||1|||5|||27|||5
(|||20|||5|||28|||5
>=|||1|||5|||30|||5
(|||22|||5|||41|||5
(|||23|||6|||8|||5
=|||11|||6|||19|||5
new|||1|||6|||20|||5
[|||9|||6|||22|||5
5|||3|||6|||23|||5
]|||9|||6|||24|||5
[|||10|||6|||27|||5
0|||5|||6|||28|||5
]|||10|||6|||29|||5
=|||12|||6|||30|||5
[|||11|||6|||32|||5
0|||6|||6|||33|||5
]|||11|||6|||34|||5
+|||1|||6|||35|||5
(|||24|||6|||36|||5
100.0f|||1|||6|||39|||5
[|||12|||6|||48|||5
0|||7|||6|||49|||5
]|||12|||6|||50|||5
(|||26|||7|||8|||5
=|||13|||7|||19|||5
new|||2|||7|||20|||5
[|||15|||7|||22|||5
5|||4|||7|||23|||5
]|||15|||7|||24|||5
[|||16|||7|||27|||5
0|||8|||7|||28|||5
]|||16|||7|||29|||5
+=|||1|||7|||30|||5
(|||27|||7|||31|||5
100.0f|||2|||7|||34|||5
[|||17|||7|||43|||5
0|||9|||7|||44|||5
]|||17|||7|||45|||5
(|||29|||8|||8|||5
for|||3|||8|||18|||5
(|||30|||8|||19|||5
=|||14|||8|||21|||5
0|||10|||8|||22|||5
<|||6|||8|||25|||5
5|||5|||8|||26|||5
++|||5|||8|||29|||5
(|||32|||8|||38|||5
(|||33|||9|||8|||5
=|||15|||9|||17|||5
0|||11|||9|||18|||5
while|||3|||9|||20|||5
(|||34|||9|||21|||5
<=|||1|||9|||23|||5
5|||6|||9|||24|||5
(|||36|||9|||33|||5
++|||6|||9|||40|||5
(|||37|||10|||8|||5
=|||16|||10|||17|||5
0|||12|||10|||18|||5
(|||39|||10|||26|||5
(|||40|||11|||8|||5
=|||17|||11|||17|||5
1|||1|||11|||18|||5
(|||42|||11|||26|||5
(|||43|||12|||8|||5
=|||18|||12|||17|||5
10|||7|||12|||18|||5
for|||4|||12|||20|||5
(|||44|||12|||21|||5
=|||19|||12|||24|||5
0|||13|||12|||25|||5
<|||7|||12|||28|||5
++|||7|||12|||32|||5
(|||46|||13|||8|||5
=|||20|||13|||17|||5
10|||8|||13|||18|||5
for|||5|||13|||20|||5
(|||47|||13|||21|||5
=|||21|||13|||24|||5
0|||14|||13|||25|||5
<|||8|||13|||28|||5
++|||8|||13|||32|||5
(|||49|||14|||8|||5
for|||6|||14|||18|||5
(|||50|||14|||19|||5
=|||22|||14|||21|||5
0|||15|||14|||22|||5
<|||9|||14|||25|||5
5|||7|||14|||26|||5
++|||9|||14|||29|||5
(|||52|||14|||38|||5
(|||53|||15|||8|||5
=|||23|||15|||17|||5
0|||16|||15|||18|||5
while|||4|||15|||20|||5
(|||54|||15|||21|||5
<|||10|||15|||23|||5
5|||8|||15|||24|||5
(|||56|||15|||33|||5
++|||10|||15|||40|||5
(|||57|||16|||8|||5
=|||24|||16|||17|||5
7|||1|||16|||18|||5
=|||25|||16|||22|||5
10|||9|||16|||23|||5
if|||3|||16|||25|||5
(|||58|||16|||26|||5
>|||1|||16|||28|||5
"|||1|||16|||38|||5
x|||1|||16|||39|||5
is|||1|||16|||40|||5
greater|||1|||16|||41|||5
"|||2|||16|||42|||5
(|||60|||17|||8|||5
=|||26|||17|||17|||5
7|||2|||17|||18|||5
=|||27|||17|||22|||5
10|||10|||17|||23|||5
if|||4|||17|||25|||5
(|||61|||17|||26|||5
<=|||2|||17|||28|||5
==|||1|||17|||30|||5
false|||1|||17|||31|||5
"|||3|||17|||40|||5
x|||2|||17|||41|||5
is|||2|||17|||42|||5
greater|||2|||17|||43|||5
"|||4|||17|||44|||5
(|||63|||18|||8|||5
=|||28|||18|||19|||5
{|||53|||18|||20|||5
1|||2|||18|||21|||5
,|||1|||18|||22|||5
2|||1|||18|||23|||5
,|||2|||18|||24|||5
3|||1|||18|||25|||5
,|||3|||18|||26|||5
4|||1|||18|||27|||5
,|||4|||18|||28|||5
5|||9|||18|||29|||5
}|||51|||18|||30|||5
[|||30|||18|||33|||5
2|||2|||18|||34|||5
]|||30|||18|||35|||5
=|||29|||18|||36|||5
[|||31|||18|||38|||5
2|||3|||18|||39|||5
]|||31|||18|||40|||5
*|||1|||18|||41|||5
2|||4|||18|||42|||5
[|||32|||18|||51|||5
2|||5|||18|||52|||5
]|||32|||18|||53|||5
(|||65|||19|||8|||5
=|||30|||19|||19|||5
{|||56|||19|||20|||5
1|||3|||19|||21|||5
,|||5|||19|||22|||5
2|||6|||19|||23|||5
,|||6|||19|||24|||5
3|||2|||19|||25|||5
,|||7|||19|||26|||5
4|||2|||19|||27|||5
,|||8|||19|||28|||5
5|||10|||19|||29|||5
}|||54|||19|||30|||5
[|||35|||19|||33|||5
2|||7|||19|||34|||5
]|||35|||19|||35|||5
*=|||1|||19|||36|||5
2|||8|||19|||37|||5
[|||36|||19|||46|||5
2|||9|||19|||47|||5
]|||36|||19|||48|||5
(|||67|||20|||8|||5
for|||7|||20|||18|||5
(|||68|||20|||19|||5
=|||31|||20|||21|||5
1|||4|||20|||22|||5
<|||11|||20|||25|||5
4|||3|||20|||26|||5
++|||11|||20|||29|||5
(|||70|||20|||38|||5
(|||71|||21|||8|||5
for|||8|||21|||18|||5
(|||72|||21|||19|||5
=|||32|||21|||21|||5
1|||5|||21|||22|||5
<=|||3|||21|||25|||5
4|||4|||21|||26|||5
++|||12|||21|||29|||5
(|||74|||21|||38|||5
(|||75|||22|||8|||5
=|||33|||22|||17|||5
0|||17|||22|||18|||5
(|||77|||22|||26|||5
(|||78|||23|||8|||5
=|||34|||23|||17|||5
1|||6|||23|||18|||5
(|||80|||23|||26|||5
[|||1|||0|||10|||8
]|||1|||0|||11|||8
[|||2|||1|||10|||8
]|||2|||1|||11|||8
[|||3|||2|||10|||8
]|||3|||2|||11|||8
[|||4|||3|||10|||8
]|||4|||3|||11|||8
[|||5|||4|||10|||8
]|||5|||4|||11|||8
[|||6|||5|||10|||8
]|||6|||5|||11|||8
[|||7|||6|||10|||8
]|||7|||6|||11|||8
[|||8|||6|||16|||8
]|||8|||6|||17|||8
[|||13|||7|||10|||8
]|||13|||7|||11|||8
[|||14|||7|||16|||8
]|||14|||7|||17|||8
[|||18|||8|||10|||8
]|||18|||8|||11|||8
[|||19|||9|||10|||8
]|||19|||9|||11|||8
[|||20|||10|||10|||8
]|||20|||10|||11|||8
[|||21|||11|||10|||8
]|||21|||11|||11|||8
[|||22|||12|||10|||8
]|||22|||12|||11|||8
[|||23|||13|||10|||8
]|||23|||13|||11|||8
[|||24|||14|||10|||8
]|||24|||14|||11|||8
[|||25|||15|||10|||8
]|||25|||15|||11|||8
[|||26|||16|||10|||8
]|||26|||16|||11|||8
[|||27|||17|||10|||8
]|||27|||17|||11|||8
[|||28|||18|||10|||8
]|||28|||18|||11|||8
[|||29|||18|||16|||8
]|||29|||18|||17|||8
[|||33|||19|||10|||8
]|||33|||19|||11|||8
[|||34|||19|||16|||8
]|||34|||19|||17|||8
[|||37|||20|||10|||8
]|||37|||20|||11|||8
[|||38|||21|||10|||8
]|||38|||21|||11|||8
[|||39|||22|||10|||8
]|||39|||22|||11|||8
[|||40|||23|||10|||8
]|||40|||23|||11|||8
System|||1|||0|||35|||7
out|||1|||0|||37|||7
System|||2|||1|||35|||7
out|||2|||1|||37|||7
System|||3|||2|||27|||7
out|||3|||2|||29|||7
System|||4|||3|||27|||7
out|||4|||3|||29|||7
System|||5|||4|||35|||7
out|||5|||4|||37|||7
System|||6|||5|||35|||7
out|||6|||5|||37|||7
System|||7|||6|||41|||7
out|||7|||6|||43|||7
System|||8|||7|||36|||7
out|||8|||7|||38|||7
System|||9|||8|||32|||7
out|||9|||8|||34|||7
System|||10|||9|||27|||7
out|||10|||9|||29|||7
System|||11|||10|||20|||7
out|||11|||10|||22|||7
System|||12|||11|||20|||7
out|||12|||11|||22|||7
System|||13|||12|||35|||7
out|||13|||12|||37|||7
System|||14|||13|||35|||7
out|||14|||13|||37|||7
System|||15|||14|||32|||7
out|||15|||14|||34|||7
System|||16|||15|||27|||7
out|||16|||15|||29|||7
System|||17|||16|||32|||7
out|||17|||16|||34|||7
System|||18|||17|||34|||7
out|||18|||17|||36|||7
System|||19|||18|||44|||7
out|||19|||18|||46|||7
System|||20|||19|||39|||7
out|||20|||19|||41|||7
System|||21|||20|||32|||7
out|||21|||20|||34|||7
System|||22|||21|||32|||7
out|||22|||21|||34|||7
System|||23|||22|||20|||7
out|||23|||22|||22|||7
System|||24|||23|||20|||7
out|||24|||23|||22|||7
.|||1|||0|||36|||3
.|||2|||0|||38|||3
println|||1|||0|||39|||3
(|||3|||0|||40|||3
.|||3|||1|||36|||3
.|||4|||1|||38|||3
println|||2|||1|||39|||3
(|||6|||1|||40|||3
.|||5|||2|||28|||3
.|||6|||2|||30|||3
println|||3|||2|||31|||3
(|||9|||2|||32|||3
.|||7|||3|||28|||3
.|||8|||3|||30|||3
println|||4|||3|||31|||3
(|||13|||3|||32|||3
.|||9|||4|||36|||3
.|||10|||4|||38|||3
println|||5|||4|||39|||3
(|||17|||4|||40|||3
.|||11|||5|||36|||3
.|||12|||5|||38|||3
println|||6|||5|||39|||3
(|||21|||5|||40|||3
.|||13|||6|||42|||3
.|||14|||6|||44|||3
println|||7|||6|||45|||3
(|||25|||6|||46|||3
.|||15|||7|||37|||3
.|||16|||7|||39|||3
println|||8|||7|||40|||3
(|||28|||7|||41|||3
.|||17|||8|||33|||3
.|||18|||8|||35|||3
println|||9|||8|||36|||3
(|||31|||8|||37|||3
.|||19|||9|||28|||3
.|||20|||9|||30|||3
println|||10|||9|||31|||3
(|||35|||9|||32|||3
.|||21|||10|||21|||3
.|||22|||10|||23|||3
println|||11|||10|||24|||3
(|||38|||10|||25|||3
.|||23|||11|||21|||3
.|||24|||11|||23|||3
println|||12|||11|||24|||3
(|||41|||11|||25|||3
.|||25|||12|||36|||3
.|||26|||12|||38|||3
println|||13|||12|||39|||3
(|||45|||12|||40|||3
.|||27|||13|||36|||3
.|||28|||13|||38|||3
println|||14|||13|||39|||3
(|||48|||13|||40|||3
.|||29|||14|||33|||3
.|||30|||14|||35|||3
println|||15|||14|||36|||3
(|||51|||14|||37|||3
.|||31|||15|||28|||3
.|||32|||15|||30|||3
println|||16|||15|||31|||3
(|||55|||15|||32|||3
.|||33|||16|||33|||3
.|||34|||16|||35|||3
println|||17|||16|||36|||3
(|||59|||16|||37|||3
.|||35|||17|||35|||3
.|||36|||17|||37|||3
println|||18|||17|||38|||3
(|||62|||17|||39|||3
.|||37|||18|||45|||3
.|||38|||18|||47|||3
println|||19|||18|||48|||3
(|||64|||18|||49|||3
.|||39|||19|||40|||3
.|||40|||19|||42|||3
println|||20|||19|||43|||3
(|||66|||19|||44|||3
.|||41|||20|||33|||3
.|||42|||20|||35|||3
println|||21|||20|||36|||3
(|||69|||20|||37|||3
.|||43|||21|||33|||3
.|||44|||21|||35|||3
println|||22|||21|||36|||3
(|||73|||21|||37|||3
.|||45|||22|||21|||3
.|||46|||22|||23|||3
println|||23|||22|||24|||3
(|||76|||22|||25|||3
.|||47|||23|||21|||3
.|||48|||23|||23|||3
println|||24|||23|||24|||3
(|||79|||23|||25|||3
}|||1|||0|||44|||0
}|||2|||0|||45|||0
}|||3|||0|||46|||0
}|||4|||1|||44|||0
}|||5|||1|||45|||0
}|||6|||1|||46|||0
}|||7|||2|||42|||0
}|||8|||2|||43|||0
}|||9|||2|||44|||0
}|||10|||3|||39|||0
}|||11|||3|||40|||0
}|||12|||3|||41|||0
}|||13|||4|||44|||0
}|||14|||4|||45|||0
}|||15|||4|||46|||0
}|||16|||5|||47|||0
}|||17|||5|||48|||0
}|||18|||5|||49|||0
}|||19|||6|||53|||0
}|||20|||6|||54|||0
}|||21|||7|||48|||0
}|||22|||7|||49|||0
}|||23|||8|||44|||0
}|||24|||8|||45|||0
}|||25|||8|||46|||0
}|||26|||9|||42|||0
}|||27|||9|||43|||0
}|||28|||9|||44|||0
}|||29|||10|||32|||0
}|||30|||10|||33|||0
}|||31|||11|||32|||0
}|||32|||11|||33|||0
}|||33|||12|||44|||0
}|||34|||12|||45|||0
}|||35|||12|||46|||0
}|||36|||13|||44|||0
}|||37|||13|||45|||0
}|||38|||13|||46|||0
}|||39|||14|||44|||0
}|||40|||14|||45|||0
}|||41|||14|||46|||0
}|||42|||15|||42|||0
}|||43|||15|||43|||0
}|||44|||15|||44|||0
}|||45|||16|||45|||0
}|||46|||16|||46|||0
}|||47|||16|||47|||0
}|||48|||17|||47|||0
}|||49|||17|||48|||0
}|||50|||17|||49|||0
}|||52|||18|||56|||0
}|||53|||18|||57|||0
}|||55|||19|||51|||0
}|||56|||19|||52|||0
}|||57|||20|||44|||0
}|||58|||20|||45|||0
}|||59|||20|||46|||0
}|||60|||21|||44|||0
}|||61|||21|||45|||0
}|||62|||21|||46|||0
}|||63|||22|||32|||0
}|||64|||22|||33|||0
}|||65|||23|||32|||0
}|||66|||23|||33|||0
