main|||1|||0|||7|||0
programArgs|||1|||0|||12|||0
main|||2|||1|||7|||0
args|||1|||1|||12|||0
main|||3|||2|||7|||0
args|||2|||2|||12|||0
main|||4|||3|||7|||0
args|||3|||3|||12|||0
main|||5|||4|||7|||0
args|||4|||4|||12|||0
main|||6|||5|||7|||0
args|||5|||5|||12|||0
main|||7|||6|||7|||0
args|||6|||6|||12|||0
main|||8|||7|||7|||0
args|||7|||7|||12|||0
main|||9|||8|||7|||0
args|||8|||8|||12|||0
main|||10|||9|||7|||0
args|||9|||9|||12|||0
main|||11|||10|||7|||0
args|||10|||10|||12|||0
main|||12|||11|||7|||0
args|||11|||11|||12|||0
main|||13|||12|||7|||0
args|||12|||12|||12|||0
main|||14|||13|||7|||0
args|||13|||13|||12|||0
main|||15|||14|||7|||0
args|||14|||14|||12|||0
main|||16|||15|||7|||0
args|||15|||15|||12|||0
main|||17|||16|||7|||0
args|||16|||16|||12|||0
main|||18|||17|||7|||0
args|||17|||17|||12|||0
main|||19|||18|||7|||0
args|||18|||18|||12|||0
main|||20|||19|||7|||0
args|||19|||19|||12|||0
main|||21|||20|||7|||0
args|||20|||20|||12|||0
main|||22|||21|||7|||0
args|||21|||21|||12|||0
main|||23|||22|||7|||0
args|||22|||22|||12|||0
main|||24|||23|||7|||0
args|||23|||23|||12|||0
{|||1|||0|||3|||1
(|||1|||0|||8|||1
)|||1|||0|||13|||1
{|||2|||0|||14|||1
;|||1|||0|||19|||1
;|||2|||0|||26|||1
;|||3|||0|||30|||1
)|||2|||0|||33|||1
{|||3|||0|||34|||1
)|||3|||0|||42|||1
{|||4|||1|||3|||1
(|||4|||1|||8|||1
)|||4|||1|||13|||1
{|||5|||1|||14|||1
;|||5|||1|||19|||1
;|||6|||1|||26|||1
;|||7|||1|||30|||1
)|||5|||1|||33|||1
{|||6|||1|||34|||1
)|||6|||1|||42|||1
{|||7|||2|||3|||1
(|||7|||2|||8|||1
)|||7|||2|||13|||1
{|||8|||2|||14|||1
;|||9|||2|||19|||1
)|||8|||2|||25|||1
{|||9|||2|||26|||1
)|||9|||2|||35|||1
)|||10|||2|||37|||1
;|||10|||2|||38|||1
{|||10|||3|||3|||1
(|||11|||3|||8|||1
)|||11|||3|||13|||1
{|||11|||3|||14|||1
;|||12|||3|||19|||1
)|||12|||3|||25|||1
{|||12|||3|||26|||1
)|||13|||3|||34|||1
;|||13|||3|||35|||1
{|||13|||4|||3|||1
(|||14|||4|||8|||1
)|||14|||4|||13|||1
{|||14|||4|||14|||1
;|||15|||4|||19|||1
;|||16|||4|||24|||1
)|||15|||4|||31|||1
)|||16|||4|||33|||1
{|||15|||4|||34|||1
)|||17|||4|||42|||1
{|||16|||5|||3|||1
(|||18|||5|||8|||1
)|||18|||5|||13|||1
{|||17|||5|||14|||1
;|||18|||5|||19|||1
;|||19|||5|||24|||1
)|||19|||5|||32|||1
)|||20|||5|||33|||1
{|||18|||5|||34|||1
)|||21|||5|||43|||1
)|||22|||5|||45|||1
{|||19|||6|||3|||1
(|||23|||6|||8|||1
)|||23|||6|||13|||1
{|||20|||6|||14|||1
;|||21|||6|||25|||1
)|||24|||6|||38|||1
;|||22|||6|||40|||1
)|||25|||6|||51|||1
{|||21|||7|||3|||1
(|||26|||7|||8|||1
)|||26|||7|||13|||1
{|||22|||7|||14|||1
;|||24|||7|||25|||1
)|||27|||7|||33|||1
;|||25|||7|||35|||1
)|||28|||7|||46|||1
{|||23|||8|||3|||1
(|||29|||8|||8|||1
)|||29|||8|||13|||1
{|||24|||8|||14|||1
;|||27|||8|||17|||1
;|||28|||8|||23|||1
;|||29|||8|||27|||1
)|||30|||8|||30|||1
{|||25|||8|||31|||1
)|||31|||8|||40|||1
)|||32|||8|||42|||1
{|||26|||9|||3|||1
(|||33|||9|||8|||1
)|||33|||9|||13|||1
{|||27|||9|||14|||1
;|||31|||9|||19|||1
)|||34|||9|||25|||1
{|||28|||9|||26|||1
)|||35|||9|||35|||1
)|||36|||9|||37|||1
;|||32|||9|||38|||1
{|||29|||10|||3|||1
(|||37|||10|||8|||1
)|||37|||10|||13|||1
{|||30|||10|||14|||1
;|||34|||10|||19|||1
)|||38|||10|||28|||1
)|||39|||10|||30|||1
{|||31|||11|||3|||1
(|||40|||11|||8|||1
)|||40|||11|||13|||1
{|||32|||11|||14|||1
;|||36|||11|||19|||1
)|||41|||11|||28|||1
)|||42|||11|||30|||1
{|||33|||12|||3|||1
(|||43|||12|||8|||1
)|||43|||12|||13|||1
{|||34|||12|||14|||1
;|||38|||12|||19|||1
;|||39|||12|||26|||1
;|||40|||12|||30|||1
)|||44|||12|||33|||1
{|||35|||12|||34|||1
)|||45|||12|||42|||1
{|||36|||13|||3|||1
(|||46|||13|||8|||1
)|||46|||13|||13|||1
{|||37|||13|||14|||1
;|||42|||13|||19|||1
;|||43|||13|||26|||1
;|||44|||13|||30|||1
)|||47|||13|||33|||1
{|||38|||13|||34|||1
)|||48|||13|||42|||1
{|||39|||14|||3|||1
(|||49|||14|||8|||1
)|||49|||14|||13|||1
{|||40|||14|||14|||1
;|||46|||14|||17|||1
;|||47|||14|||23|||1
;|||48|||14|||27|||1
)|||50|||14|||30|||1
{|||41|||14|||31|||1
)|||51|||14|||40|||1
)|||52|||14|||42|||1
{|||42|||15|||3|||1
(|||53|||15|||8|||1
)|||53|||15|||13|||1
{|||43|||15|||14|||1
;|||50|||15|||19|||1
)|||54|||15|||25|||1
{|||44|||15|||26|||1
)|||55|||15|||35|||1
)|||56|||15|||37|||1
;|||51|||15|||38|||1
{|||45|||16|||3|||1
(|||57|||16|||8|||1
)|||57|||16|||13|||1
{|||46|||16|||14|||1
;|||53|||16|||19|||1
;|||54|||16|||24|||1
)|||58|||16|||30|||1
{|||47|||16|||31|||1
)|||59|||16|||43|||1
{|||48|||17|||3|||1
(|||60|||17|||8|||1
)|||60|||17|||13|||1
{|||49|||17|||14|||1
;|||56|||17|||19|||1
;|||57|||17|||24|||1
)|||61|||17|||32|||1
{|||50|||17|||33|||1
)|||62|||17|||45|||1
{|||51|||18|||3|||1
(|||63|||18|||8|||1
)|||63|||18|||13|||1
{|||52|||18|||14|||1
{|||53|||18|||20|||1
}|||51|||18|||30|||1
;|||59|||18|||31|||1
;|||60|||18|||43|||1
)|||64|||18|||54|||1
{|||54|||19|||3|||1
(|||65|||19|||8|||1
)|||65|||19|||13|||1
{|||55|||19|||14|||1
{|||56|||19|||20|||1
}|||54|||19|||30|||1
;|||62|||19|||31|||1
;|||63|||19|||38|||1
)|||66|||19|||49|||1
{|||57|||20|||3|||1
(|||67|||20|||8|||1
)|||67|||20|||13|||1
{|||58|||20|||14|||1
;|||65|||20|||17|||1
;|||66|||20|||23|||1
;|||67|||20|||27|||1
)|||68|||20|||30|||1
{|||59|||20|||31|||1
)|||69|||20|||40|||1
)|||70|||20|||42|||1
{|||60|||21|||3|||1
(|||71|||21|||8|||1
)|||71|||21|||13|||1
{|||61|||21|||14|||1
;|||69|||21|||17|||1
;|||70|||21|||23|||1
;|||71|||21|||27|||1
)|||72|||21|||30|||1
{|||62|||21|||31|||1
)|||73|||21|||40|||1
)|||74|||21|||42|||1
{|||63|||22|||3|||1
(|||75|||22|||8|||1
)|||75|||22|||13|||1
{|||64|||22|||14|||1
;|||73|||22|||19|||1
)|||76|||22|||28|||1
)|||77|||22|||30|||1
{|||65|||23|||3|||1
(|||78|||23|||8|||1
)|||78|||23|||13|||1
{|||66|||23|||14|||1
;|||75|||23|||19|||1
)|||79|||23|||28|||1
)|||80|||23|||30|||1
;|||4|||0|||43|||2
}|||1|||0|||44|||2
}|||2|||0|||45|||2
}|||3|||0|||46|||2
;|||8|||1|||43|||2
}|||4|||1|||44|||2
}|||5|||1|||45|||2
}|||6|||1|||46|||2
;|||11|||2|||41|||2
}|||7|||2|||42|||2
}|||8|||2|||43|||2
}|||9|||2|||44|||2
;|||14|||3|||38|||2
}|||10|||3|||39|||2
}|||11|||3|||40|||2
}|||12|||3|||41|||2
;|||17|||4|||43|||2
}|||13|||4|||44|||2
}|||14|||4|||45|||2
}|||15|||4|||46|||2
;|||20|||5|||46|||2
}|||16|||5|||47|||2
}|||17|||5|||48|||2
}|||18|||5|||49|||2
;|||23|||6|||52|||2
}|||19|||6|||53|||2
}|||20|||6|||54|||2
;|||26|||7|||47|||2
}|||21|||7|||48|||2
}|||22|||7|||49|||2
;|||30|||8|||43|||2
}|||23|||8|||44|||2
}|||24|||8|||45|||2
}|||25|||8|||46|||2
;|||33|||9|||41|||2
}|||26|||9|||42|||2
}|||27|||9|||43|||2
}|||28|||9|||44|||2
;|||35|||10|||31|||2
}|||29|||10|||32|||2
}|||30|||10|||33|||2
;|||37|||11|||31|||2
}|||31|||11|||32|||2
}|||32|||11|||33|||2
;|||41|||12|||43|||2
}|||33|||12|||44|||2
}|||34|||12|||45|||2
}|||35|||12|||46|||2
;|||45|||13|||43|||2
}|||36|||13|||44|||2
}|||37|||13|||45|||2
}|||38|||13|||46|||2
;|||49|||14|||43|||2
}|||39|||14|||44|||2
}|||40|||14|||45|||2
}|||41|||14|||46|||2
;|||52|||15|||41|||2
}|||42|||15|||42|||2
}|||43|||15|||43|||2
}|||44|||15|||44|||2
;|||55|||16|||44|||2
}|||45|||16|||45|||2
}|||46|||16|||46|||2
}|||47|||16|||47|||2
;|||58|||17|||46|||2
}|||48|||17|||47|||2
}|||49|||17|||48|||2
}|||50|||17|||49|||2
;|||61|||18|||55|||2
}|||52|||18|||56|||2
}|||53|||18|||57|||2
;|||64|||19|||50|||2
}|||55|||19|||51|||2
}|||56|||19|||52|||2
;|||68|||20|||43|||2
}|||57|||20|||44|||2
}|||58|||20|||45|||2
}|||59|||20|||46|||2
;|||72|||21|||43|||2
}|||60|||21|||44|||2
}|||61|||21|||45|||2
}|||62|||21|||46|||2
;|||74|||22|||31|||2
}|||63|||22|||32|||2
}|||64|||22|||33|||2
;|||76|||23|||31|||2
}|||65|||23|||32|||2
AlgorithmicBase|||1|||0|||2|||3
totalElements|||1|||0|||16|||3
=|||1|||0|||17|||3
10|||1|||0|||18|||3
for|||1|||0|||20|||3
(|||2|||0|||21|||3
counter|||1|||0|||23|||3
=|||2|||0|||24|||3
0|||1|||0|||25|||3
counter|||2|||0|||27|||3
<|||1|||0|||28|||3
totalElements|||2|||0|||29|||3
counter|||3|||0|||31|||3
++|||1|||0|||32|||3
counter|||4|||0|||41|||3
RepeatMechanism|||1|||1|||2|||3
itemsToRepeat|||1|||1|||16|||3
=|||3|||1|||17|||3
10|||2|||1|||18|||3
for|||2|||1|||20|||3
(|||5|||1|||21|||3
index|||1|||1|||23|||3
=|||4|||1|||24|||3
0|||2|||1|||25|||3
index|||2|||1|||27|||3
<|||2|||1|||28|||3
itemsToRepeat|||2|||1|||29|||3
index|||3|||1|||31|||3
++|||2|||1|||32|||3
index|||4|||1|||41|||3
NumberRange|||1|||2|||2|||3
iVal|||1|||2|||16|||3
=|||5|||2|||17|||3
0|||3|||2|||18|||3
while|||1|||2|||20|||3
(|||8|||2|||21|||3
iVal|||2|||2|||22|||3
<|||3|||2|||23|||3
10|||3|||2|||24|||3
iVal|||3|||2|||36|||3
iVal|||4|||2|||39|||3
++|||3|||2|||40|||3
LoopProcess|||1|||3|||2|||3
iterator|||1|||3|||16|||3
=|||6|||3|||17|||3
0|||4|||3|||18|||3
while|||2|||3|||20|||3
(|||12|||3|||21|||3
iterator|||2|||3|||22|||3
<|||4|||3|||23|||3
10|||4|||3|||24|||3
iterator|||3|||3|||33|||3
iterator|||4|||3|||36|||3
++|||4|||3|||37|||3
DecisionGate|||1|||4|||2|||3
currentIdx|||1|||4|||16|||3
=|||7|||4|||17|||3
5|||1|||4|||18|||3
maxValue|||1|||4|||21|||3
=|||8|||4|||22|||3
10|||5|||4|||23|||3
if|||1|||4|||25|||3
(|||15|||4|||26|||3
currentIdx|||2|||4|||27|||3
<|||5|||4|||28|||3
maxValue|||2|||4|||32|||3
currentIdx|||3|||4|||41|||3
ConditionFail|||1|||5|||2|||3
checkIdx|||1|||5|||16|||3
=|||9|||5|||17|||3
5|||2|||5|||18|||3
upperLim|||1|||5|||21|||3
=|||10|||5|||22|||3
10|||6|||5|||23|||3
if|||2|||5|||25|||3
(|||19|||5|||26|||3
!|||1|||5|||27|||3
(|||20|||5|||28|||3
checkIdx|||2|||5|||29|||3
>=|||1|||5|||30|||3
upperLim|||2|||5|||31|||3
checkIdx|||3|||5|||44|||3
ArrayModify|||1|||6|||2|||3
dataPoints|||1|||6|||18|||3
=|||11|||6|||19|||3
new|||1|||6|||20|||3
[|||9|||6|||22|||3
5|||3|||6|||23|||3
]|||9|||6|||24|||3
dataPoints|||2|||6|||26|||3
[|||10|||6|||27|||3
0|||5|||6|||28|||3
]|||10|||6|||29|||3
=|||12|||6|||30|||3
dataPoints|||3|||6|||31|||3
[|||11|||6|||32|||3
0|||6|||6|||33|||3
]|||11|||6|||34|||3
+|||1|||6|||35|||3
100.0f|||1|||6|||39|||3
dataPoints|||4|||6|||47|||3
[|||12|||6|||48|||3
0|||7|||6|||49|||3
]|||12|||6|||50|||3
DataStore|||1|||7|||2|||3
container|||1|||7|||18|||3
=|||13|||7|||19|||3
new|||2|||7|||20|||3
[|||15|||7|||22|||3
5|||4|||7|||23|||3
]|||15|||7|||24|||3
container|||2|||7|||26|||3
[|||16|||7|||27|||3
0|||8|||7|||28|||3
]|||16|||7|||29|||3
+=|||1|||7|||30|||3
100.0f|||2|||7|||34|||3
container|||3|||7|||42|||3
[|||17|||7|||43|||3
0|||9|||7|||44|||3
]|||17|||7|||45|||3
IterateAction|||1|||8|||2|||3
kVal|||1|||8|||16|||3
for|||3|||8|||18|||3
(|||30|||8|||19|||3
kVal|||2|||8|||20|||3
=|||14|||8|||21|||3
0|||10|||8|||22|||3
kVal|||3|||8|||24|||3
<|||6|||8|||25|||3
5|||5|||8|||26|||3
kVal|||4|||8|||28|||3
++|||5|||8|||29|||3
kVal|||5|||8|||41|||3
LimitAchieved|||1|||9|||2|||3
limiter|||1|||9|||16|||3
=|||15|||9|||17|||3
0|||11|||9|||18|||3
while|||3|||9|||20|||3
(|||34|||9|||21|||3
limiter|||2|||9|||22|||3
<=|||1|||9|||23|||3
5|||6|||9|||24|||3
limiter|||3|||9|||36|||3
limiter|||4|||9|||39|||3
++|||6|||9|||40|||3
StartState|||1|||10|||2|||3
initialValue|||1|||10|||16|||3
=|||16|||10|||17|||3
0|||12|||10|||18|||3
initialValue|||2|||10|||29|||3
InitializeVal|||1|||11|||2|||3
identifier|||1|||11|||16|||3
=|||17|||11|||17|||3
1|||1|||11|||18|||3
identifier|||2|||11|||29|||3
SpanRun|||1|||12|||2|||3
limit|||1|||12|||16|||3
=|||18|||12|||17|||3
10|||7|||12|||18|||3
for|||4|||12|||20|||3
(|||44|||12|||21|||3
counterInner|||1|||12|||23|||3
=|||19|||12|||24|||3
0|||13|||12|||25|||3
counterInner|||2|||12|||27|||3
<|||7|||12|||28|||3
limit|||2|||12|||29|||3
counterInner|||3|||12|||31|||3
++|||7|||12|||32|||3
counterInner|||4|||12|||41|||3
BoundCheck|||1|||13|||2|||3
topRange|||1|||13|||16|||3
=|||20|||13|||17|||3
10|||8|||13|||18|||3
for|||5|||13|||20|||3
(|||47|||13|||21|||3
walker|||1|||13|||23|||3
=|||21|||13|||24|||3
0|||14|||13|||25|||3
walker|||2|||13|||27|||3
<|||8|||13|||28|||3
topRange|||2|||13|||29|||3
walker|||3|||13|||31|||3
++|||8|||13|||32|||3
walker|||4|||13|||41|||3
QuickCycle|||1|||14|||2|||3
loopCount|||1|||14|||16|||3
for|||6|||14|||18|||3
(|||50|||14|||19|||3
loopCount|||2|||14|||20|||3
=|||22|||14|||21|||3
0|||15|||14|||22|||3
loopCount|||3|||14|||24|||3
<|||9|||14|||25|||3
5|||7|||14|||26|||3
loopCount|||4|||14|||28|||3
++|||9|||14|||29|||3
loopCount|||5|||14|||41|||3
BriefRepeat|||1|||15|||2|||3
cycleVal|||1|||15|||16|||3
=|||23|||15|||17|||3
0|||16|||15|||18|||3
while|||4|||15|||20|||3
(|||54|||15|||21|||3
cycleVal|||2|||15|||22|||3
<|||10|||15|||23|||3
5|||8|||15|||24|||3
cycleVal|||3|||15|||36|||3
cycleVal|||4|||15|||39|||3
++|||10|||15|||40|||3
SizeCheck|||1|||16|||2|||3
lengthVal|||1|||16|||16|||3
=|||24|||16|||17|||3
7|||1|||16|||18|||3
widthVal|||1|||16|||21|||3
=|||25|||16|||22|||3
10|||9|||16|||23|||3
if|||3|||16|||25|||3
(|||58|||16|||26|||3
lengthVal|||2|||16|||27|||3
>|||1|||16|||28|||3
widthVal|||2|||16|||29|||3
x|||1|||16|||39|||3
is|||1|||16|||40|||3
greater|||1|||16|||41|||3
"|||2|||16|||42|||3
NotSmaller|||1|||17|||2|||3
leftSide|||1|||17|||16|||3
=|||26|||17|||17|||3
7|||2|||17|||18|||3
rightSide|||1|||17|||21|||3
=|||27|||17|||22|||3
10|||10|||17|||23|||3
if|||4|||17|||25|||3
(|||61|||17|||26|||3
leftSide|||2|||17|||27|||3
<=|||2|||17|||28|||3
rightSide|||2|||17|||29|||3
==|||1|||17|||30|||3
false|||1|||17|||31|||3
x|||2|||17|||41|||3
is|||2|||17|||42|||3
greater|||2|||17|||43|||3
"|||4|||17|||44|||3
ScaleValue|||1|||18|||2|||3
valueSet|||1|||18|||18|||3
=|||28|||18|||19|||3
1|||2|||18|||21|||3
,|||1|||18|||22|||3
2|||1|||18|||23|||3
,|||2|||18|||24|||3
3|||1|||18|||25|||3
,|||3|||18|||26|||3
4|||1|||18|||27|||3
,|||4|||18|||28|||3
5|||9|||18|||29|||3
valueSet|||2|||18|||32|||3
[|||30|||18|||33|||3
2|||2|||18|||34|||3
]|||30|||18|||35|||3
=|||29|||18|||36|||3
valueSet|||3|||18|||37|||3
[|||31|||18|||38|||3
2|||3|||18|||39|||3
]|||31|||18|||40|||3
*|||1|||18|||41|||3
2|||4|||18|||42|||3
valueSet|||4|||18|||50|||3
[|||32|||18|||51|||3
2|||5|||18|||52|||3
]|||32|||18|||53|||3
ItemScale|||1|||19|||2|||3
numberList|||1|||19|||18|||3
=|||30|||19|||19|||3
1|||3|||19|||21|||3
,|||5|||19|||22|||3
2|||6|||19|||23|||3
,|||6|||19|||24|||3
3|||2|||19|||25|||3
,|||7|||19|||26|||3
4|||2|||19|||27|||3
,|||8|||19|||28|||3
5|||10|||19|||29|||3
numberList|||2|||19|||32|||3
[|||35|||19|||33|||3
2|||7|||19|||34|||3
]|||35|||19|||35|||3
*=|||1|||19|||36|||3
2|||8|||19|||37|||3
numberList|||3|||19|||45|||3
[|||36|||19|||46|||3
2|||9|||19|||47|||3
]|||36|||19|||48|||3
IncrStep|||1|||20|||2|||3
indexLoop|||1|||20|||16|||3
for|||7|||20|||18|||3
(|||68|||20|||19|||3
indexLoop|||2|||20|||20|||3
=|||31|||20|||21|||3
1|||4|||20|||22|||3
indexLoop|||3|||20|||24|||3
<|||11|||20|||25|||3
4|||3|||20|||26|||3
indexLoop|||4|||20|||28|||3
++|||11|||20|||29|||3
indexLoop|||5|||20|||41|||3
StepAdvance|||1|||21|||2|||3
countIndex|||1|||21|||16|||3
for|||8|||21|||18|||3
(|||72|||21|||19|||3
countIndex|||2|||21|||20|||3
=|||32|||21|||21|||3
1|||5|||21|||22|||3
countIndex|||3|||21|||24|||3
<=|||3|||21|||25|||3
4|||4|||21|||26|||3
countIndex|||4|||21|||28|||3
++|||12|||21|||29|||3
countIndex|||5|||21|||41|||3
OriginZero|||1|||22|||2|||3
zero|||1|||22|||16|||3
=|||33|||22|||17|||3
0|||17|||22|||18|||3
zero|||2|||22|||29|||3
FirstPos|||1|||23|||2|||3
startVal|||1|||23|||16|||3
=|||34|||23|||17|||3
1|||6|||23|||18|||3
startVal|||2|||23|||29|||3
class|||1|||0|||1|||4
static|||1|||0|||5|||4
void|||1|||0|||6|||4
class|||2|||1|||1|||4
static|||2|||1|||5|||4
void|||2|||1|||6|||4
class|||3|||2|||1|||4
static|||3|||2|||5|||4
void|||3|||2|||6|||4
class|||4|||3|||1|||4
static|||4|||3|||5|||4
void|||4|||3|||6|||4
class|||5|||4|||1|||4
static|||5|||4|||5|||4
void|||5|||4|||6|||4
class|||6|||5|||1|||4
static|||6|||5|||5|||4
void|||6|||5|||6|||4
class|||7|||6|||1|||4
static|||7|||6|||5|||4
void|||7|||6|||6|||4
class|||8|||7|||1|||4
static|||8|||7|||5|||4
void|||8|||7|||6|||4
class|||9|||8|||1|||4
static|||9|||8|||5|||4
void|||9|||8|||6|||4
class|||10|||9|||1|||4
static|||10|||9|||5|||4
void|||10|||9|||6|||4
class|||11|||10|||1|||4
static|||11|||10|||5|||4
void|||11|||10|||6|||4
class|||12|||11|||1|||4
static|||12|||11|||5|||4
void|||12|||11|||6|||4
class|||13|||12|||1|||4
static|||13|||12|||5|||4
void|||13|||12|||6|||4
class|||14|||13|||1|||4
static|||14|||13|||5|||4
void|||14|||13|||6|||4
class|||15|||14|||1|||4
static|||15|||14|||5|||4
void|||15|||14|||6|||4
class|||16|||15|||1|||4
static|||16|||15|||5|||4
void|||16|||15|||6|||4
class|||17|||16|||1|||4
static|||17|||16|||5|||4
void|||17|||16|||6|||4
class|||18|||17|||1|||4
static|||18|||17|||5|||4
void|||18|||17|||6|||4
class|||19|||18|||1|||4
static|||19|||18|||5|||4
void|||19|||18|||6|||4
class|||20|||19|||1|||4
static|||20|||19|||5|||4
void|||20|||19|||6|||4
class|||21|||20|||1|||4
static|||21|||20|||5|||4
void|||21|||20|||6|||4
class|||22|||21|||1|||4
static|||22|||21|||5|||4
void|||22|||21|||6|||4
class|||23|||22|||1|||4
static|||23|||22|||5|||4
void|||23|||22|||6|||4
class|||24|||23|||1|||4
static|||24|||23|||5|||4
void|||24|||23|||6|||4
String|||1|||0|||9|||5
[|||1|||0|||10|||5
]|||1|||0|||11|||5
String|||2|||1|||9|||5
[|||2|||1|||10|||5
]|||2|||1|||11|||5
String|||3|||2|||9|||5
[|||3|||2|||10|||5
]|||3|||2|||11|||5
String|||4|||3|||9|||5
[|||4|||3|||10|||5
]|||4|||3|||11|||5
String|||5|||4|||9|||5
[|||5|||4|||10|||5
]|||5|||4|||11|||5
String|||6|||5|||9|||5
[|||6|||5|||10|||5
]|||6|||5|||11|||5
String|||7|||6|||9|||5
[|||7|||6|||10|||5
]|||7|||6|||11|||5
[|||8|||6|||16|||5
]|||8|||6|||17|||5
String|||8|||7|||9|||5
[|||13|||7|||10|||5
]|||13|||7|||11|||5
[|||14|||7|||16|||5
]|||14|||7|||17|||5
String|||9|||8|||9|||5
[|||18|||8|||10|||5
]|||18|||8|||11|||5
String|||10|||9|||9|||5
[|||19|||9|||10|||5
]|||19|||9|||11|||5
String|||11|||10|||9|||5
[|||20|||10|||10|||5
]|||20|||10|||11|||5
String|||12|||11|||9|||5
[|||21|||11|||10|||5
]|||21|||11|||11|||5
String|||13|||12|||9|||5
[|||22|||12|||10|||5
]|||22|||12|||11|||5
String|||14|||13|||9|||5
[|||23|||13|||10|||5
]|||23|||13|||11|||5
String|||15|||14|||9|||5
[|||24|||14|||10|||5
]|||24|||14|||11|||5
String|||16|||15|||9|||5
[|||25|||15|||10|||5
]|||25|||15|||11|||5
String|||17|||16|||9|||5
[|||26|||16|||10|||5
]|||26|||16|||11|||5
String|||18|||17|||9|||5
[|||27|||17|||10|||5
]|||27|||17|||11|||5
String|||19|||18|||9|||5
[|||28|||18|||10|||5
]|||28|||18|||11|||5
[|||29|||18|||16|||5
]|||29|||18|||17|||5
String|||20|||19|||9|||5
[|||33|||19|||10|||5
]|||33|||19|||11|||5
[|||34|||19|||16|||5
]|||34|||19|||17|||5
String|||21|||20|||9|||5
[|||37|||20|||10|||5
]|||37|||20|||11|||5
String|||22|||21|||9|||5
[|||38|||21|||10|||5
]|||38|||21|||11|||5
String|||23|||22|||9|||5
[|||39|||22|||10|||5
]|||39|||22|||11|||5
String|||24|||23|||9|||5
[|||40|||23|||10|||5
]|||40|||23|||11|||5
protected|||1|||0|||0|||6
private|||1|||0|||4|||6
public|||1|||1|||0|||6
public|||2|||1|||4|||6
private|||2|||2|||0|||6
private|||3|||2|||4|||6
protected|||2|||3|||0|||6
protected|||3|||3|||4|||6
public|||3|||4|||0|||6
public|||4|||4|||4|||6
private|||4|||5|||0|||6
private|||5|||5|||4|||6
protected|||4|||6|||0|||6
protected|||5|||6|||4|||6
public|||5|||7|||0|||6
public|||6|||7|||4|||6
private|||6|||8|||0|||6
private|||7|||8|||4|||6
protected|||6|||9|||0|||6
protected|||7|||9|||4|||6
public|||7|||10|||0|||6
public|||8|||10|||4|||6
private|||8|||11|||0|||6
private|||9|||11|||4|||6
protected|||8|||12|||0|||6
protected|||9|||12|||4|||6
public|||9|||13|||0|||6
public|||10|||13|||4|||6
private|||10|||14|||0|||6
private|||11|||14|||4|||6
protected|||10|||15|||0|||6
protected|||11|||15|||4|||6
public|||11|||16|||0|||6
public|||12|||16|||4|||6
private|||12|||17|||0|||6
private|||13|||17|||4|||6
protected|||12|||18|||0|||6
protected|||13|||18|||4|||6
public|||13|||19|||0|||6
public|||14|||19|||4|||6
private|||14|||20|||0|||6
private|||15|||20|||4|||6
protected|||14|||21|||0|||6
protected|||15|||21|||4|||6
public|||15|||22|||0|||6
public|||16|||22|||4|||6
private|||16|||23|||0|||6
private|||17|||23|||4|||6
.|||1|||0|||36|||7
.|||2|||0|||38|||7
println|||1|||0|||39|||7
(|||3|||0|||40|||7
.|||3|||1|||36|||7
.|||4|||1|||38|||7
println|||2|||1|||39|||7
(|||6|||1|||40|||7
.|||5|||2|||28|||7
.|||6|||2|||30|||7
println|||3|||2|||31|||7
(|||9|||2|||32|||7
.|||7|||3|||28|||7
.|||8|||3|||30|||7
println|||4|||3|||31|||7
(|||13|||3|||32|||7
.|||9|||4|||36|||7
.|||10|||4|||38|||7
println|||5|||4|||39|||7
(|||17|||4|||40|||7
.|||11|||5|||36|||7
.|||12|||5|||38|||7
println|||6|||5|||39|||7
(|||21|||5|||40|||7
.|||13|||6|||42|||7
.|||14|||6|||44|||7
println|||7|||6|||45|||7
(|||25|||6|||46|||7
.|||15|||7|||37|||7
.|||16|||7|||39|||7
println|||8|||7|||40|||7
(|||28|||7|||41|||7
.|||17|||8|||33|||7
.|||18|||8|||35|||7
println|||9|||8|||36|||7
(|||31|||8|||37|||7
.|||19|||9|||28|||7
.|||20|||9|||30|||7
println|||10|||9|||31|||7
(|||35|||9|||32|||7
.|||21|||10|||21|||7
.|||22|||10|||23|||7
println|||11|||10|||24|||7
(|||38|||10|||25|||7
.|||23|||11|||21|||7
.|||24|||11|||23|||7
println|||12|||11|||24|||7
(|||41|||11|||25|||7
.|||25|||12|||36|||7
.|||26|||12|||38|||7
println|||13|||12|||39|||7
(|||45|||12|||40|||7
.|||27|||13|||36|||7
.|||28|||13|||38|||7
println|||14|||13|||39|||7
(|||48|||13|||40|||7
.|||29|||14|||33|||7
.|||30|||14|||35|||7
println|||15|||14|||36|||7
(|||51|||14|||37|||7
.|||31|||15|||28|||7
.|||32|||15|||30|||7
println|||16|||15|||31|||7
(|||55|||15|||32|||7
.|||33|||16|||33|||7
.|||34|||16|||35|||7
println|||17|||16|||36|||7
(|||59|||16|||37|||7
"|||1|||16|||38|||7
.|||35|||17|||35|||7
.|||36|||17|||37|||7
println|||18|||17|||38|||7
(|||62|||17|||39|||7
"|||3|||17|||40|||7
.|||37|||18|||45|||7
.|||38|||18|||47|||7
println|||19|||18|||48|||7
(|||64|||18|||49|||7
.|||39|||19|||40|||7
.|||40|||19|||42|||7
println|||20|||19|||43|||7
(|||66|||19|||44|||7
.|||41|||20|||33|||7
.|||42|||20|||35|||7
println|||21|||20|||36|||7
(|||69|||20|||37|||7
.|||43|||21|||33|||7
.|||44|||21|||35|||7
println|||22|||21|||36|||7
(|||73|||21|||37|||7
.|||45|||22|||21|||7
.|||46|||22|||23|||7
println|||23|||22|||24|||7
(|||76|||22|||25|||7
.|||47|||23|||21|||7
.|||48|||23|||23|||7
println|||24|||23|||24|||7
(|||79|||23|||25|||7
System|||1|||0|||35|||8
out|||1|||0|||37|||8
System|||2|||1|||35|||8
out|||2|||1|||37|||8
System|||3|||2|||27|||8
out|||3|||2|||29|||8
System|||4|||3|||27|||8
out|||4|||3|||29|||8
System|||5|||4|||35|||8
out|||5|||4|||37|||8
System|||6|||5|||35|||8
out|||6|||5|||37|||8
System|||7|||6|||41|||8
out|||7|||6|||43|||8
System|||8|||7|||36|||8
out|||8|||7|||38|||8
System|||9|||8|||32|||8
out|||9|||8|||34|||8
System|||10|||9|||27|||8
out|||10|||9|||29|||8
System|||11|||10|||20|||8
out|||11|||10|||22|||8
System|||12|||11|||20|||8
out|||12|||11|||22|||8
System|||13|||12|||35|||8
out|||13|||12|||37|||8
System|||14|||13|||35|||8
out|||14|||13|||37|||8
System|||15|||14|||32|||8
out|||15|||14|||34|||8
System|||16|||15|||27|||8
out|||16|||15|||29|||8
System|||17|||16|||32|||8
out|||17|||16|||34|||8
System|||18|||17|||34|||8
out|||18|||17|||36|||8
System|||19|||18|||44|||8
out|||19|||18|||46|||8
System|||20|||19|||39|||8
out|||20|||19|||41|||8
System|||21|||20|||32|||8
out|||21|||20|||34|||8
System|||22|||21|||32|||8
out|||22|||21|||34|||8
System|||23|||22|||20|||8
out|||23|||22|||22|||8
System|||24|||23|||20|||8
out|||24|||23|||22|||8
float|||1|||0|||15|||9
int|||1|||0|||22|||9
float|||2|||1|||15|||9
int|||2|||1|||22|||9
float|||3|||2|||15|||9
(|||10|||2|||33|||9
int|||3|||2|||34|||9
float|||4|||3|||15|||9
int|||4|||4|||15|||9
int|||5|||4|||20|||9
(|||16|||4|||29|||9
float|||5|||4|||30|||9
float|||6|||5|||15|||9
float|||7|||5|||20|||9
(|||22|||5|||41|||9
int|||6|||5|||42|||9
int|||7|||6|||15|||9
int|||8|||6|||21|||9
(|||24|||6|||36|||9
int|||9|||6|||37|||9
int|||10|||7|||15|||9
int|||11|||7|||21|||9
(|||27|||7|||31|||9
int|||12|||7|||32|||9
float|||8|||8|||15|||9
(|||32|||8|||38|||9
int|||13|||8|||39|||9
float|||9|||9|||15|||9
(|||36|||9|||33|||9
int|||14|||9|||34|||9
float|||10|||10|||15|||9
(|||39|||10|||26|||9
int|||15|||10|||27|||9
float|||11|||11|||15|||9
(|||42|||11|||26|||9
int|||16|||11|||27|||9
int|||17|||12|||15|||9
int|||18|||12|||22|||9
int|||19|||13|||15|||9
int|||20|||13|||22|||9
float|||12|||14|||15|||9
(|||52|||14|||38|||9
int|||21|||14|||39|||9
float|||13|||15|||15|||9
(|||56|||15|||33|||9
int|||22|||15|||34|||9
float|||14|||16|||15|||9
float|||15|||16|||20|||9
float|||16|||17|||15|||9
float|||17|||17|||20|||9
int|||23|||18|||15|||9
int|||24|||19|||15|||9
float|||18|||20|||15|||9
(|||70|||20|||38|||9
int|||25|||20|||39|||9
float|||19|||21|||15|||9
(|||74|||21|||38|||9
int|||26|||21|||39|||9
float|||20|||22|||15|||9
(|||77|||22|||26|||9
int|||27|||22|||27|||9
float|||21|||23|||15|||9
(|||80|||23|||26|||9
int|||28|||23|||27|||9
