protected|||1|||0|||0|||6
private|||1|||0|||4|||6
main|||1|||0|||7|||6
public|||1|||1|||0|||6
public|||2|||1|||4|||6
main|||2|||1|||7|||6
private|||2|||2|||0|||6
private|||3|||2|||4|||6
main|||3|||2|||7|||6
protected|||2|||3|||0|||6
protected|||3|||3|||4|||6
main|||4|||3|||7|||6
public|||3|||4|||0|||6
public|||4|||4|||4|||6
main|||5|||4|||7|||6
private|||4|||5|||0|||6
private|||5|||5|||4|||6
main|||6|||5|||7|||6
protected|||4|||6|||0|||6
protected|||5|||6|||4|||6
main|||7|||6|||7|||6
public|||5|||7|||0|||6
public|||6|||7|||4|||6
main|||8|||7|||7|||6
private|||6|||8|||0|||6
private|||7|||8|||4|||6
main|||9|||8|||7|||6
protected|||6|||9|||0|||6
protected|||7|||9|||4|||6
main|||10|||9|||7|||6
public|||7|||10|||0|||6
public|||8|||10|||4|||6
main|||11|||10|||7|||6
private|||8|||11|||0|||6
private|||9|||11|||4|||6
main|||12|||11|||7|||6
protected|||8|||12|||0|||6
protected|||9|||12|||4|||6
main|||13|||12|||7|||6
public|||9|||13|||0|||6
public|||10|||13|||4|||6
main|||14|||13|||7|||6
private|||10|||14|||0|||6
private|||11|||14|||4|||6
main|||15|||14|||7|||6
protected|||10|||15|||0|||6
protected|||11|||15|||4|||6
main|||16|||15|||7|||6
public|||11|||16|||0|||6
public|||12|||16|||4|||6
main|||17|||16|||7|||6
private|||12|||17|||0|||6
private|||13|||17|||4|||6
main|||18|||17|||7|||6
protected|||12|||18|||0|||6
protected|||13|||18|||4|||6
main|||19|||18|||7|||6
public|||13|||19|||0|||6
public|||14|||19|||4|||6
main|||20|||19|||7|||6
private|||14|||20|||0|||6
private|||15|||20|||4|||6
main|||21|||20|||7|||6
protected|||14|||21|||0|||6
protected|||15|||21|||4|||6
main|||22|||21|||7|||6
public|||15|||22|||0|||6
public|||16|||22|||4|||6
main|||23|||22|||7|||6
private|||16|||23|||0|||6
private|||17|||23|||4|||6
main|||24|||23|||7|||6
class|||1|||0|||1|||7
static|||1|||0|||5|||7
void|||1|||0|||6|||7
class|||2|||1|||1|||7
static|||2|||1|||5|||7
void|||2|||1|||6|||7
class|||3|||2|||1|||7
static|||3|||2|||5|||7
void|||3|||2|||6|||7
class|||4|||3|||1|||7
static|||4|||3|||5|||7
void|||4|||3|||6|||7
class|||5|||4|||1|||7
static|||5|||4|||5|||7
void|||5|||4|||6|||7
class|||6|||5|||1|||7
static|||6|||5|||5|||7
void|||6|||5|||6|||7
class|||7|||6|||1|||7
static|||7|||6|||5|||7
void|||7|||6|||6|||7
class|||8|||7|||1|||7
static|||8|||7|||5|||7
void|||8|||7|||6|||7
class|||9|||8|||1|||7
static|||9|||8|||5|||7
void|||9|||8|||6|||7
class|||10|||9|||1|||7
static|||10|||9|||5|||7
void|||10|||9|||6|||7
class|||11|||10|||1|||7
static|||11|||10|||5|||7
void|||11|||10|||6|||7
class|||12|||11|||1|||7
static|||12|||11|||5|||7
void|||12|||11|||6|||7
class|||13|||12|||1|||7
static|||13|||12|||5|||7
void|||13|||12|||6|||7
class|||14|||13|||1|||7
static|||14|||13|||5|||7
void|||14|||13|||6|||7
class|||15|||14|||1|||7
static|||15|||14|||5|||7
void|||15|||14|||6|||7
class|||16|||15|||1|||7
static|||16|||15|||5|||7
void|||16|||15|||6|||7
class|||17|||16|||1|||7
static|||17|||16|||5|||7
void|||17|||16|||6|||7
class|||18|||17|||1|||7
static|||18|||17|||5|||7
void|||18|||17|||6|||7
class|||19|||18|||1|||7
static|||19|||18|||5|||7
void|||19|||18|||6|||7
class|||20|||19|||1|||7
static|||20|||19|||5|||7
void|||20|||19|||6|||7
class|||21|||20|||1|||7
static|||21|||20|||5|||7
void|||21|||20|||6|||7
class|||22|||21|||1|||7
static|||22|||21|||5|||7
void|||22|||21|||6|||7
class|||23|||22|||1|||7
static|||23|||22|||5|||7
void|||23|||22|||6|||7
class|||24|||23|||1|||7
static|||24|||23|||5|||7
void|||24|||23|||6|||7
AlgorithmicBase|||1|||0|||2|||5
float|||1|||0|||15|||5
int|||1|||0|||22|||5
0|||1|||0|||25|||5
<|||1|||0|||28|||5
RepeatMechanism|||1|||1|||2|||5
float|||2|||1|||15|||5
int|||2|||1|||22|||5
0|||2|||1|||25|||5
<|||2|||1|||28|||5
NumberRange|||1|||2|||2|||5
float|||3|||2|||15|||5
0|||3|||2|||18|||5
<|||3|||2|||23|||5
LoopProcess|||1|||3|||2|||5
float|||4|||3|||15|||5
0|||4|||3|||18|||5
<|||4|||3|||23|||5
DecisionGate|||1|||4|||2|||5
int|||4|||4|||15|||5
int|||5|||4|||20|||5
if|||1|||4|||25|||5
<|||5|||4|||28|||5
ConditionFail|||1|||5|||2|||5
float|||6|||5|||15|||5
float|||7|||5|||20|||5
if|||2|||5|||25|||5
>=|||1|||5|||30|||5
ArrayModify|||1|||6|||2|||5
0|||5|||6|||28|||5
=|||12|||6|||30|||5
0|||6|||6|||33|||5
+|||1|||6|||35|||5
100.0f|||1|||6|||39|||5
0|||7|||6|||49|||5
DataStore|||1|||7|||2|||5
0|||8|||7|||28|||5
+=|||1|||7|||30|||5
100.0f|||2|||7|||34|||5
0|||9|||7|||44|||5
IterateAction|||1|||8|||2|||5
float|||8|||8|||15|||5
0|||10|||8|||22|||5
<|||6|||8|||25|||5
LimitAchieved|||1|||9|||2|||5
float|||9|||9|||15|||5
0|||11|||9|||18|||5
<=|||1|||9|||23|||5
StartState|||1|||10|||2|||5
float|||10|||10|||15|||5
=|||16|||10|||17|||5
0|||12|||10|||18|||5
InitializeVal|||1|||11|||2|||5
float|||11|||11|||15|||5
=|||17|||11|||17|||5
1|||1|||11|||18|||5
SpanRun|||1|||12|||2|||5
int|||17|||12|||15|||5
int|||18|||12|||22|||5
0|||13|||12|||25|||5
<|||7|||12|||28|||5
BoundCheck|||1|||13|||2|||5
int|||19|||13|||15|||5
int|||20|||13|||22|||5
0|||14|||13|||25|||5
<|||8|||13|||28|||5
QuickCycle|||1|||14|||2|||5
float|||12|||14|||15|||5
0|||15|||14|||22|||5
<|||9|||14|||25|||5
BriefRepeat|||1|||15|||2|||5
float|||13|||15|||15|||5
0|||16|||15|||18|||5
<|||10|||15|||23|||5
SizeCheck|||1|||16|||2|||5
float|||14|||16|||15|||5
float|||15|||16|||20|||5
if|||3|||16|||25|||5
>|||1|||16|||28|||5
"|||1|||16|||38|||5
x|||1|||16|||39|||5
is|||1|||16|||40|||5
greater|||1|||16|||41|||5
"|||2|||16|||42|||5
NotSmaller|||1|||17|||2|||5
float|||16|||17|||15|||5
float|||17|||17|||20|||5
if|||4|||17|||25|||5
<=|||2|||17|||28|||5
==|||1|||17|||30|||5
"|||3|||17|||40|||5
x|||2|||17|||41|||5
is|||2|||17|||42|||5
greater|||2|||17|||43|||5
"|||4|||17|||44|||5
ScaleValue|||1|||18|||2|||5
int|||23|||18|||15|||5
1|||2|||18|||21|||5
=|||29|||18|||36|||5
*|||1|||18|||41|||5
2|||4|||18|||42|||5
ItemScale|||1|||19|||2|||5
int|||24|||19|||15|||5
1|||3|||19|||21|||5
*=|||1|||19|||36|||5
2|||8|||19|||37|||5
IncrStep|||1|||20|||2|||5
float|||18|||20|||15|||5
1|||4|||20|||22|||5
<|||11|||20|||25|||5
StepAdvance|||1|||21|||2|||5
float|||19|||21|||15|||5
1|||5|||21|||22|||5
<=|||3|||21|||25|||5
OriginZero|||1|||22|||2|||5
float|||20|||22|||15|||5
=|||33|||22|||17|||5
0|||17|||22|||18|||5
FirstPos|||1|||23|||2|||5
float|||21|||23|||15|||5
=|||34|||23|||17|||5
1|||6|||23|||18|||5
{|||1|||0|||3|||2
(|||1|||0|||8|||2
)|||1|||0|||13|||2
{|||2|||0|||14|||2
=|||1|||0|||17|||2
;|||1|||0|||19|||2
(|||2|||0|||21|||2
=|||2|||0|||24|||2
)|||2|||0|||33|||2
{|||3|||0|||34|||2
(|||3|||0|||40|||2
)|||3|||0|||42|||2
;|||4|||0|||43|||2
{|||4|||1|||3|||2
(|||4|||1|||8|||2
)|||4|||1|||13|||2
{|||5|||1|||14|||2
=|||3|||1|||17|||2
;|||5|||1|||19|||2
(|||5|||1|||21|||2
=|||4|||1|||24|||2
)|||5|||1|||33|||2
{|||6|||1|||34|||2
(|||6|||1|||40|||2
)|||6|||1|||42|||2
;|||8|||1|||43|||2
{|||7|||2|||3|||2
(|||7|||2|||8|||2
)|||7|||2|||13|||2
{|||8|||2|||14|||2
=|||5|||2|||17|||2
;|||9|||2|||19|||2
(|||8|||2|||21|||2
)|||8|||2|||25|||2
{|||9|||2|||26|||2
(|||9|||2|||32|||2
(|||10|||2|||33|||2
)|||9|||2|||35|||2
)|||10|||2|||37|||2
;|||10|||2|||38|||2
;|||11|||2|||41|||2
}|||9|||2|||44|||2
{|||10|||3|||3|||2
(|||11|||3|||8|||2
)|||11|||3|||13|||2
{|||11|||3|||14|||2
=|||6|||3|||17|||2
;|||12|||3|||19|||2
(|||12|||3|||21|||2
)|||12|||3|||25|||2
{|||12|||3|||26|||2
(|||13|||3|||32|||2
)|||13|||3|||34|||2
;|||13|||3|||35|||2
;|||14|||3|||38|||2
{|||13|||4|||3|||2
(|||14|||4|||8|||2
)|||14|||4|||13|||2
{|||14|||4|||14|||2
=|||7|||4|||17|||2
;|||15|||4|||19|||2
=|||8|||4|||22|||2
;|||16|||4|||24|||2
(|||15|||4|||26|||2
(|||16|||4|||29|||2
)|||15|||4|||31|||2
)|||16|||4|||33|||2
{|||15|||4|||34|||2
(|||17|||4|||40|||2
)|||17|||4|||42|||2
;|||17|||4|||43|||2
}|||15|||4|||46|||2
{|||16|||5|||3|||2
(|||18|||5|||8|||2
)|||18|||5|||13|||2
{|||17|||5|||14|||2
=|||9|||5|||17|||2
;|||18|||5|||19|||2
=|||10|||5|||22|||2
;|||19|||5|||24|||2
(|||19|||5|||26|||2
(|||20|||5|||28|||2
)|||19|||5|||32|||2
)|||20|||5|||33|||2
{|||18|||5|||34|||2
(|||21|||5|||40|||2
(|||22|||5|||41|||2
)|||21|||5|||43|||2
)|||22|||5|||45|||2
;|||20|||5|||46|||2
}|||18|||5|||49|||2
{|||19|||6|||3|||2
(|||23|||6|||8|||2
)|||23|||6|||13|||2
{|||20|||6|||14|||2
=|||11|||6|||19|||2
;|||21|||6|||25|||2
(|||24|||6|||36|||2
)|||24|||6|||38|||2
;|||22|||6|||40|||2
(|||25|||6|||46|||2
)|||25|||6|||51|||2
;|||23|||6|||52|||2
}|||20|||6|||54|||2
{|||21|||7|||3|||2
(|||26|||7|||8|||2
)|||26|||7|||13|||2
{|||22|||7|||14|||2
=|||13|||7|||19|||2
;|||24|||7|||25|||2
(|||27|||7|||31|||2
)|||27|||7|||33|||2
;|||25|||7|||35|||2
(|||28|||7|||41|||2
)|||28|||7|||46|||2
;|||26|||7|||47|||2
}|||22|||7|||49|||2
{|||23|||8|||3|||2
(|||29|||8|||8|||2
)|||29|||8|||13|||2
{|||24|||8|||14|||2
;|||27|||8|||17|||2
(|||30|||8|||19|||2
=|||14|||8|||21|||2
)|||30|||8|||30|||2
{|||25|||8|||31|||2
(|||31|||8|||37|||2
(|||32|||8|||38|||2
)|||31|||8|||40|||2
)|||32|||8|||42|||2
;|||30|||8|||43|||2
}|||25|||8|||46|||2
{|||26|||9|||3|||2
(|||33|||9|||8|||2
)|||33|||9|||13|||2
{|||27|||9|||14|||2
=|||15|||9|||17|||2
;|||31|||9|||19|||2
(|||34|||9|||21|||2
)|||34|||9|||25|||2
{|||28|||9|||26|||2
(|||35|||9|||32|||2
(|||36|||9|||33|||2
)|||35|||9|||35|||2
)|||36|||9|||37|||2
;|||32|||9|||38|||2
;|||33|||9|||41|||2
}|||28|||9|||44|||2
{|||29|||10|||3|||2
(|||37|||10|||8|||2
)|||37|||10|||13|||2
{|||30|||10|||14|||2
;|||34|||10|||19|||2
(|||38|||10|||25|||2
(|||39|||10|||26|||2
)|||38|||10|||28|||2
)|||39|||10|||30|||2
;|||35|||10|||31|||2
}|||30|||10|||33|||2
{|||31|||11|||3|||2
(|||40|||11|||8|||2
)|||40|||11|||13|||2
{|||32|||11|||14|||2
;|||36|||11|||19|||2
(|||41|||11|||25|||2
(|||42|||11|||26|||2
)|||41|||11|||28|||2
)|||42|||11|||30|||2
;|||37|||11|||31|||2
}|||32|||11|||33|||2
{|||33|||12|||3|||2
(|||43|||12|||8|||2
)|||43|||12|||13|||2
{|||34|||12|||14|||2
=|||18|||12|||17|||2
;|||38|||12|||19|||2
(|||44|||12|||21|||2
=|||19|||12|||24|||2
)|||44|||12|||33|||2
{|||35|||12|||34|||2
(|||45|||12|||40|||2
)|||45|||12|||42|||2
;|||41|||12|||43|||2
}|||35|||12|||46|||2
{|||36|||13|||3|||2
(|||46|||13|||8|||2
)|||46|||13|||13|||2
{|||37|||13|||14|||2
=|||20|||13|||17|||2
;|||42|||13|||19|||2
(|||47|||13|||21|||2
=|||21|||13|||24|||2
)|||47|||13|||33|||2
{|||38|||13|||34|||2
(|||48|||13|||40|||2
)|||48|||13|||42|||2
;|||45|||13|||43|||2
}|||38|||13|||46|||2
{|||39|||14|||3|||2
(|||49|||14|||8|||2
)|||49|||14|||13|||2
{|||40|||14|||14|||2
;|||46|||14|||17|||2
(|||50|||14|||19|||2
=|||22|||14|||21|||2
)|||50|||14|||30|||2
{|||41|||14|||31|||2
(|||51|||14|||37|||2
(|||52|||14|||38|||2
)|||51|||14|||40|||2
)|||52|||14|||42|||2
;|||49|||14|||43|||2
{|||42|||15|||3|||2
(|||53|||15|||8|||2
)|||53|||15|||13|||2
{|||43|||15|||14|||2
=|||23|||15|||17|||2
;|||50|||15|||19|||2
(|||54|||15|||21|||2
)|||54|||15|||25|||2
{|||44|||15|||26|||2
(|||55|||15|||32|||2
(|||56|||15|||33|||2
)|||55|||15|||35|||2
)|||56|||15|||37|||2
;|||51|||15|||38|||2
;|||52|||15|||41|||2
}|||44|||15|||44|||2
{|||45|||16|||3|||2
(|||57|||16|||8|||2
)|||57|||16|||13|||2
{|||46|||16|||14|||2
=|||24|||16|||17|||2
;|||53|||16|||19|||2
=|||25|||16|||22|||2
;|||54|||16|||24|||2
(|||58|||16|||26|||2
)|||58|||16|||30|||2
{|||47|||16|||31|||2
(|||59|||16|||37|||2
)|||59|||16|||43|||2
;|||55|||16|||44|||2
{|||48|||17|||3|||2
(|||60|||17|||8|||2
)|||60|||17|||13|||2
{|||49|||17|||14|||2
=|||26|||17|||17|||2
;|||56|||17|||19|||2
=|||27|||17|||22|||2
;|||57|||17|||24|||2
(|||61|||17|||26|||2
)|||61|||17|||32|||2
{|||50|||17|||33|||2
(|||62|||17|||39|||2
)|||62|||17|||45|||2
;|||58|||17|||46|||2
}|||50|||17|||49|||2
{|||51|||18|||3|||2
(|||63|||18|||8|||2
)|||63|||18|||13|||2
{|||52|||18|||14|||2
=|||28|||18|||19|||2
;|||59|||18|||31|||2
;|||60|||18|||43|||2
(|||64|||18|||49|||2
)|||64|||18|||54|||2
;|||61|||18|||55|||2
{|||54|||19|||3|||2
(|||65|||19|||8|||2
)|||65|||19|||13|||2
{|||55|||19|||14|||2
=|||30|||19|||19|||2
;|||62|||19|||31|||2
;|||63|||19|||38|||2
(|||66|||19|||44|||2
)|||66|||19|||49|||2
;|||64|||19|||50|||2
}|||56|||19|||52|||2
{|||57|||20|||3|||2
(|||67|||20|||8|||2
)|||67|||20|||13|||2
{|||58|||20|||14|||2
;|||65|||20|||17|||2
(|||68|||20|||19|||2
=|||31|||20|||21|||2
)|||68|||20|||30|||2
{|||59|||20|||31|||2
(|||69|||20|||37|||2
(|||70|||20|||38|||2
)|||69|||20|||40|||2
)|||70|||20|||42|||2
;|||68|||20|||43|||2
{|||60|||21|||3|||2
(|||71|||21|||8|||2
)|||71|||21|||13|||2
{|||61|||21|||14|||2
;|||69|||21|||17|||2
(|||72|||21|||19|||2
=|||32|||21|||21|||2
)|||72|||21|||30|||2
{|||62|||21|||31|||2
(|||73|||21|||37|||2
(|||74|||21|||38|||2
)|||73|||21|||40|||2
)|||74|||21|||42|||2
;|||72|||21|||43|||2
{|||63|||22|||3|||2
(|||75|||22|||8|||2
)|||75|||22|||13|||2
{|||64|||22|||14|||2
;|||73|||22|||19|||2
(|||76|||22|||25|||2
(|||77|||22|||26|||2
)|||76|||22|||28|||2
)|||77|||22|||30|||2
;|||74|||22|||31|||2
}|||64|||22|||33|||2
{|||65|||23|||3|||2
(|||78|||23|||8|||2
)|||78|||23|||13|||2
{|||66|||23|||14|||2
;|||75|||23|||19|||2
(|||79|||23|||25|||2
(|||80|||23|||26|||2
)|||79|||23|||28|||2
)|||80|||23|||30|||2
;|||76|||23|||31|||2
}|||66|||23|||33|||2
String|||1|||0|||9|||9
programArgs|||1|||0|||12|||9
String|||2|||1|||9|||9
args|||1|||1|||12|||9
String|||3|||2|||9|||9
args|||2|||2|||12|||9
String|||4|||3|||9|||9
args|||3|||3|||12|||9
String|||5|||4|||9|||9
args|||4|||4|||12|||9
String|||6|||5|||9|||9
args|||5|||5|||12|||9
String|||7|||6|||9|||9
args|||6|||6|||12|||9
String|||8|||7|||9|||9
args|||7|||7|||12|||9
String|||9|||8|||9|||9
args|||8|||8|||12|||9
String|||10|||9|||9|||9
args|||9|||9|||12|||9
String|||11|||10|||9|||9
args|||10|||10|||12|||9
String|||12|||11|||9|||9
args|||11|||11|||12|||9
String|||13|||12|||9|||9
args|||12|||12|||12|||9
String|||14|||13|||9|||9
args|||13|||13|||12|||9
String|||15|||14|||9|||9
args|||14|||14|||12|||9
String|||16|||15|||9|||9
args|||15|||15|||12|||9
String|||17|||16|||9|||9
args|||16|||16|||12|||9
String|||18|||17|||9|||9
args|||17|||17|||12|||9
String|||19|||18|||9|||9
args|||18|||18|||12|||9
String|||20|||19|||9|||9
args|||19|||19|||12|||9
String|||21|||20|||9|||9
args|||20|||20|||12|||9
String|||22|||21|||9|||9
args|||21|||21|||12|||9
String|||23|||22|||9|||9
args|||22|||22|||12|||9
String|||24|||23|||9|||9
args|||23|||23|||12|||9
[|||1|||0|||10|||8
]|||1|||0|||11|||8
[|||2|||1|||10|||8
]|||2|||1|||11|||8
[|||3|||2|||10|||8
]|||3|||2|||11|||8
[|||4|||3|||10|||8
]|||4|||3|||11|||8
[|||5|||4|||10|||8
]|||5|||4|||11|||8
[|||6|||5|||10|||8
]|||6|||5|||11|||8
[|||7|||6|||10|||8
]|||7|||6|||11|||8
[|||13|||7|||10|||8
]|||13|||7|||11|||8
[|||18|||8|||10|||8
]|||18|||8|||11|||8
[|||19|||9|||10|||8
]|||19|||9|||11|||8
[|||20|||10|||10|||8
]|||20|||10|||11|||8
[|||21|||11|||10|||8
]|||21|||11|||11|||8
[|||22|||12|||10|||8
]|||22|||12|||11|||8
[|||23|||13|||10|||8
]|||23|||13|||11|||8
[|||24|||14|||10|||8
]|||24|||14|||11|||8
[|||25|||15|||10|||8
]|||25|||15|||11|||8
[|||26|||16|||10|||8
]|||26|||16|||11|||8
[|||27|||17|||10|||8
]|||27|||17|||11|||8
[|||28|||18|||10|||8
]|||28|||18|||11|||8
[|||33|||19|||10|||8
]|||33|||19|||11|||8
[|||37|||20|||10|||8
]|||37|||20|||11|||8
[|||38|||21|||10|||8
]|||38|||21|||11|||8
[|||39|||22|||10|||8
]|||39|||22|||11|||8
[|||40|||23|||10|||8
]|||40|||23|||11|||8
totalElements|||1|||0|||16|||0
10|||1|||0|||18|||0
for|||1|||0|||20|||0
counter|||1|||0|||23|||0
;|||2|||0|||26|||0
counter|||2|||0|||27|||0
totalElements|||2|||0|||29|||0
;|||3|||0|||30|||0
counter|||3|||0|||31|||0
++|||1|||0|||32|||0
counter|||4|||0|||41|||0
itemsToRepeat|||1|||1|||16|||0
10|||2|||1|||18|||0
for|||2|||1|||20|||0
index|||1|||1|||23|||0
;|||6|||1|||26|||0
index|||2|||1|||27|||0
itemsToRepeat|||2|||1|||29|||0
;|||7|||1|||30|||0
index|||3|||1|||31|||0
++|||2|||1|||32|||0
index|||4|||1|||41|||0
iVal|||1|||2|||16|||0
while|||1|||2|||20|||0
iVal|||2|||2|||22|||0
10|||3|||2|||24|||0
int|||3|||2|||34|||0
iVal|||3|||2|||36|||0
iVal|||4|||2|||39|||0
++|||3|||2|||40|||0
iterator|||1|||3|||16|||0
while|||2|||3|||20|||0
iterator|||2|||3|||22|||0
10|||4|||3|||24|||0
iterator|||3|||3|||33|||0
iterator|||4|||3|||36|||0
++|||4|||3|||37|||0
currentIdx|||1|||4|||16|||0
5|||1|||4|||18|||0
maxValue|||1|||4|||21|||0
10|||5|||4|||23|||0
currentIdx|||2|||4|||27|||0
float|||5|||4|||30|||0
maxValue|||2|||4|||32|||0
currentIdx|||3|||4|||41|||0
checkIdx|||1|||5|||16|||0
5|||2|||5|||18|||0
upperLim|||1|||5|||21|||0
10|||6|||5|||23|||0
!|||1|||5|||27|||0
checkIdx|||2|||5|||29|||0
upperLim|||2|||5|||31|||0
int|||6|||5|||42|||0
checkIdx|||3|||5|||44|||0
int|||7|||6|||15|||0
[|||8|||6|||16|||0
]|||8|||6|||17|||0
dataPoints|||1|||6|||18|||0
new|||1|||6|||20|||0
int|||8|||6|||21|||0
[|||9|||6|||22|||0
5|||3|||6|||23|||0
]|||9|||6|||24|||0
dataPoints|||2|||6|||26|||0
[|||10|||6|||27|||0
]|||10|||6|||29|||0
dataPoints|||3|||6|||31|||0
[|||11|||6|||32|||0
]|||11|||6|||34|||0
int|||9|||6|||37|||0
dataPoints|||4|||6|||47|||0
[|||12|||6|||48|||0
]|||12|||6|||50|||0
int|||10|||7|||15|||0
[|||14|||7|||16|||0
]|||14|||7|||17|||0
container|||1|||7|||18|||0
new|||2|||7|||20|||0
int|||11|||7|||21|||0
[|||15|||7|||22|||0
5|||4|||7|||23|||0
]|||15|||7|||24|||0
container|||2|||7|||26|||0
[|||16|||7|||27|||0
]|||16|||7|||29|||0
int|||12|||7|||32|||0
container|||3|||7|||42|||0
[|||17|||7|||43|||0
]|||17|||7|||45|||0
kVal|||1|||8|||16|||0
for|||3|||8|||18|||0
kVal|||2|||8|||20|||0
;|||28|||8|||23|||0
kVal|||3|||8|||24|||0
5|||5|||8|||26|||0
;|||29|||8|||27|||0
kVal|||4|||8|||28|||0
++|||5|||8|||29|||0
int|||13|||8|||39|||0
kVal|||5|||8|||41|||0
limiter|||1|||9|||16|||0
while|||3|||9|||20|||0
limiter|||2|||9|||22|||0
5|||6|||9|||24|||0
int|||14|||9|||34|||0
limiter|||3|||9|||36|||0
limiter|||4|||9|||39|||0
++|||6|||9|||40|||0
initialValue|||1|||10|||16|||0
int|||15|||10|||27|||0
initialValue|||2|||10|||29|||0
identifier|||1|||11|||16|||0
int|||16|||11|||27|||0
identifier|||2|||11|||29|||0
limit|||1|||12|||16|||0
10|||7|||12|||18|||0
for|||4|||12|||20|||0
counterInner|||1|||12|||23|||0
;|||39|||12|||26|||0
counterInner|||2|||12|||27|||0
limit|||2|||12|||29|||0
;|||40|||12|||30|||0
counterInner|||3|||12|||31|||0
++|||7|||12|||32|||0
counterInner|||4|||12|||41|||0
topRange|||1|||13|||16|||0
10|||8|||13|||18|||0
for|||5|||13|||20|||0
walker|||1|||13|||23|||0
;|||43|||13|||26|||0
walker|||2|||13|||27|||0
topRange|||2|||13|||29|||0
;|||44|||13|||30|||0
walker|||3|||13|||31|||0
++|||8|||13|||32|||0
walker|||4|||13|||41|||0
loopCount|||1|||14|||16|||0
for|||6|||14|||18|||0
loopCount|||2|||14|||20|||0
;|||47|||14|||23|||0
loopCount|||3|||14|||24|||0
5|||7|||14|||26|||0
;|||48|||14|||27|||0
loopCount|||4|||14|||28|||0
++|||9|||14|||29|||0
int|||21|||14|||39|||0
loopCount|||5|||14|||41|||0
cycleVal|||1|||15|||16|||0
while|||4|||15|||20|||0
cycleVal|||2|||15|||22|||0
5|||8|||15|||24|||0
int|||22|||15|||34|||0
cycleVal|||3|||15|||36|||0
cycleVal|||4|||15|||39|||0
++|||10|||15|||40|||0
lengthVal|||1|||16|||16|||0
7|||1|||16|||18|||0
widthVal|||1|||16|||21|||0
10|||9|||16|||23|||0
lengthVal|||2|||16|||27|||0
widthVal|||2|||16|||29|||0
leftSide|||1|||17|||16|||0
7|||2|||17|||18|||0
rightSide|||1|||17|||21|||0
10|||10|||17|||23|||0
leftSide|||2|||17|||27|||0
rightSide|||2|||17|||29|||0
false|||1|||17|||31|||0
[|||29|||18|||16|||0
]|||29|||18|||17|||0
valueSet|||1|||18|||18|||0
{|||53|||18|||20|||0
,|||1|||18|||22|||0
2|||1|||18|||23|||0
,|||2|||18|||24|||0
3|||1|||18|||25|||0
,|||3|||18|||26|||0
4|||1|||18|||27|||0
,|||4|||18|||28|||0
5|||9|||18|||29|||0
}|||51|||18|||30|||0
valueSet|||2|||18|||32|||0
[|||30|||18|||33|||0
2|||2|||18|||34|||0
]|||30|||18|||35|||0
valueSet|||3|||18|||37|||0
[|||31|||18|||38|||0
2|||3|||18|||39|||0
]|||31|||18|||40|||0
valueSet|||4|||18|||50|||0
[|||32|||18|||51|||0
2|||5|||18|||52|||0
]|||32|||18|||53|||0
[|||34|||19|||16|||0
]|||34|||19|||17|||0
numberList|||1|||19|||18|||0
{|||56|||19|||20|||0
,|||5|||19|||22|||0
2|||6|||19|||23|||0
,|||6|||19|||24|||0
3|||2|||19|||25|||0
,|||7|||19|||26|||0
4|||2|||19|||27|||0
,|||8|||19|||28|||0
5|||10|||19|||29|||0
}|||54|||19|||30|||0
numberList|||2|||19|||32|||0
[|||35|||19|||33|||0
2|||7|||19|||34|||0
]|||35|||19|||35|||0
numberList|||3|||19|||45|||0
[|||36|||19|||46|||0
2|||9|||19|||47|||0
]|||36|||19|||48|||0
indexLoop|||1|||20|||16|||0
for|||7|||20|||18|||0
indexLoop|||2|||20|||20|||0
;|||66|||20|||23|||0
indexLoop|||3|||20|||24|||0
4|||3|||20|||26|||0
;|||67|||20|||27|||0
indexLoop|||4|||20|||28|||0
++|||11|||20|||29|||0
int|||25|||20|||39|||0
indexLoop|||5|||20|||41|||0
countIndex|||1|||21|||16|||0
for|||8|||21|||18|||0
countIndex|||2|||21|||20|||0
;|||70|||21|||23|||0
countIndex|||3|||21|||24|||0
4|||4|||21|||26|||0
;|||71|||21|||27|||0
countIndex|||4|||21|||28|||0
++|||12|||21|||29|||0
int|||26|||21|||39|||0
countIndex|||5|||21|||41|||0
zero|||1|||22|||16|||0
int|||27|||22|||27|||0
zero|||2|||22|||29|||0
startVal|||1|||23|||16|||0
int|||28|||23|||27|||0
startVal|||2|||23|||29|||0
System|||1|||0|||35|||3
out|||1|||0|||37|||3
println|||1|||0|||39|||3
System|||2|||1|||35|||3
out|||2|||1|||37|||3
println|||2|||1|||39|||3
System|||3|||2|||27|||3
out|||3|||2|||29|||3
println|||3|||2|||31|||3
System|||4|||3|||27|||3
out|||4|||3|||29|||3
println|||4|||3|||31|||3
System|||5|||4|||35|||3
out|||5|||4|||37|||3
println|||5|||4|||39|||3
System|||6|||5|||35|||3
out|||6|||5|||37|||3
println|||6|||5|||39|||3
System|||7|||6|||41|||3
out|||7|||6|||43|||3
println|||7|||6|||45|||3
System|||8|||7|||36|||3
out|||8|||7|||38|||3
println|||8|||7|||40|||3
System|||9|||8|||32|||3
out|||9|||8|||34|||3
println|||9|||8|||36|||3
System|||10|||9|||27|||3
out|||10|||9|||29|||3
println|||10|||9|||31|||3
System|||11|||10|||20|||3
out|||11|||10|||22|||3
println|||11|||10|||24|||3
System|||12|||11|||20|||3
out|||12|||11|||22|||3
println|||12|||11|||24|||3
System|||13|||12|||35|||3
out|||13|||12|||37|||3
println|||13|||12|||39|||3
System|||14|||13|||35|||3
out|||14|||13|||37|||3
println|||14|||13|||39|||3
System|||15|||14|||32|||3
out|||15|||14|||34|||3
println|||15|||14|||36|||3
System|||16|||15|||27|||3
out|||16|||15|||29|||3
println|||16|||15|||31|||3
System|||17|||16|||32|||3
out|||17|||16|||34|||3
println|||17|||16|||36|||3
System|||18|||17|||34|||3
out|||18|||17|||36|||3
println|||18|||17|||38|||3
System|||19|||18|||44|||3
out|||19|||18|||46|||3
println|||19|||18|||48|||3
System|||20|||19|||39|||3
out|||20|||19|||41|||3
println|||20|||19|||43|||3
System|||21|||20|||32|||3
out|||21|||20|||34|||3
println|||21|||20|||36|||3
System|||22|||21|||32|||3
out|||22|||21|||34|||3
println|||22|||21|||36|||3
System|||23|||22|||20|||3
out|||23|||22|||22|||3
println|||23|||22|||24|||3
System|||24|||23|||20|||3
out|||24|||23|||22|||3
println|||24|||23|||24|||3
.|||1|||0|||36|||1
.|||2|||0|||38|||1
.|||3|||1|||36|||1
.|||4|||1|||38|||1
.|||5|||2|||28|||1
.|||6|||2|||30|||1
.|||7|||3|||28|||1
.|||8|||3|||30|||1
.|||9|||4|||36|||1
.|||10|||4|||38|||1
.|||11|||5|||36|||1
.|||12|||5|||38|||1
.|||13|||6|||42|||1
.|||14|||6|||44|||1
.|||15|||7|||37|||1
.|||16|||7|||39|||1
.|||17|||8|||33|||1
.|||18|||8|||35|||1
.|||19|||9|||28|||1
.|||20|||9|||30|||1
.|||21|||10|||21|||1
.|||22|||10|||23|||1
.|||23|||11|||21|||1
.|||24|||11|||23|||1
.|||25|||12|||36|||1
.|||26|||12|||38|||1
.|||27|||13|||36|||1
.|||28|||13|||38|||1
.|||29|||14|||33|||1
.|||30|||14|||35|||1
.|||31|||15|||28|||1
.|||32|||15|||30|||1
.|||33|||16|||33|||1
.|||34|||16|||35|||1
.|||35|||17|||35|||1
.|||36|||17|||37|||1
.|||37|||18|||45|||1
.|||38|||18|||47|||1
.|||39|||19|||40|||1
.|||40|||19|||42|||1
.|||41|||20|||33|||1
.|||42|||20|||35|||1
.|||43|||21|||33|||1
.|||44|||21|||35|||1
.|||45|||22|||21|||1
.|||46|||22|||23|||1
.|||47|||23|||21|||1
.|||48|||23|||23|||1
}|||1|||0|||44|||4
}|||2|||0|||45|||4
}|||3|||0|||46|||4
}|||4|||1|||44|||4
}|||5|||1|||45|||4
}|||6|||1|||46|||4
}|||7|||2|||42|||4
}|||8|||2|||43|||4
}|||10|||3|||39|||4
}|||11|||3|||40|||4
}|||12|||3|||41|||4
}|||13|||4|||44|||4
}|||14|||4|||45|||4
}|||16|||5|||47|||4
}|||17|||5|||48|||4
}|||19|||6|||53|||4
}|||21|||7|||48|||4
}|||23|||8|||44|||4
}|||24|||8|||45|||4
}|||26|||9|||42|||4
}|||27|||9|||43|||4
}|||29|||10|||32|||4
}|||31|||11|||32|||4
}|||33|||12|||44|||4
}|||34|||12|||45|||4
}|||36|||13|||44|||4
}|||37|||13|||45|||4
}|||39|||14|||44|||4
}|||40|||14|||45|||4
}|||41|||14|||46|||4
}|||42|||15|||42|||4
}|||43|||15|||43|||4
}|||45|||16|||45|||4
}|||46|||16|||46|||4
}|||47|||16|||47|||4
}|||48|||17|||47|||4
}|||49|||17|||48|||4
}|||52|||18|||56|||4
}|||53|||18|||57|||4
}|||55|||19|||51|||4
}|||57|||20|||44|||4
}|||58|||20|||45|||4
}|||59|||20|||46|||4
}|||60|||21|||44|||4
}|||61|||21|||45|||4
}|||62|||21|||46|||4
}|||63|||22|||32|||4
}|||65|||23|||32|||4
