protected|||1|||0|||0|||5
class|||1|||0|||1|||5
private|||1|||0|||4|||5
static|||1|||0|||5|||5
public|||1|||1|||0|||5
class|||2|||1|||1|||5
public|||2|||1|||4|||5
static|||2|||1|||5|||5
private|||2|||2|||0|||5
class|||3|||2|||1|||5
private|||3|||2|||4|||5
static|||3|||2|||5|||5
protected|||2|||3|||0|||5
class|||4|||3|||1|||5
protected|||3|||3|||4|||5
static|||4|||3|||5|||5
public|||3|||4|||0|||5
class|||5|||4|||1|||5
public|||4|||4|||4|||5
static|||5|||4|||5|||5
private|||4|||5|||0|||5
class|||6|||5|||1|||5
private|||5|||5|||4|||5
static|||6|||5|||5|||5
protected|||4|||6|||0|||5
class|||7|||6|||1|||5
protected|||5|||6|||4|||5
static|||7|||6|||5|||5
public|||5|||7|||0|||5
class|||8|||7|||1|||5
public|||6|||7|||4|||5
static|||8|||7|||5|||5
private|||6|||8|||0|||5
class|||9|||8|||1|||5
private|||7|||8|||4|||5
static|||9|||8|||5|||5
protected|||6|||9|||0|||5
class|||10|||9|||1|||5
protected|||7|||9|||4|||5
static|||10|||9|||5|||5
public|||7|||10|||0|||5
class|||11|||10|||1|||5
public|||8|||10|||4|||5
static|||11|||10|||5|||5
private|||8|||11|||0|||5
class|||12|||11|||1|||5
private|||9|||11|||4|||5
static|||12|||11|||5|||5
protected|||8|||12|||0|||5
class|||13|||12|||1|||5
protected|||9|||12|||4|||5
static|||13|||12|||5|||5
public|||9|||13|||0|||5
class|||14|||13|||1|||5
public|||10|||13|||4|||5
static|||14|||13|||5|||5
private|||10|||14|||0|||5
class|||15|||14|||1|||5
private|||11|||14|||4|||5
static|||15|||14|||5|||5
protected|||10|||15|||0|||5
class|||16|||15|||1|||5
protected|||11|||15|||4|||5
static|||16|||15|||5|||5
public|||11|||16|||0|||5
class|||17|||16|||1|||5
public|||12|||16|||4|||5
static|||17|||16|||5|||5
private|||12|||17|||0|||5
class|||18|||17|||1|||5
private|||13|||17|||4|||5
static|||18|||17|||5|||5
protected|||12|||18|||0|||5
class|||19|||18|||1|||5
protected|||13|||18|||4|||5
static|||19|||18|||5|||5
public|||13|||19|||0|||5
class|||20|||19|||1|||5
public|||14|||19|||4|||5
static|||20|||19|||5|||5
private|||14|||20|||0|||5
class|||21|||20|||1|||5
private|||15|||20|||4|||5
static|||21|||20|||5|||5
protected|||14|||21|||0|||5
class|||22|||21|||1|||5
protected|||15|||21|||4|||5
static|||22|||21|||5|||5
public|||15|||22|||0|||5
class|||23|||22|||1|||5
public|||16|||22|||4|||5
static|||23|||22|||5|||5
private|||16|||23|||0|||5
class|||24|||23|||1|||5
private|||17|||23|||4|||5
static|||24|||23|||5|||5
AlgorithmicBase|||1|||0|||2|||0
totalElements|||1|||0|||16|||0
counter|||1|||0|||23|||0
counter|||2|||0|||27|||0
totalElements|||2|||0|||29|||0
counter|||3|||0|||31|||0
counter|||4|||0|||41|||0
RepeatMechanism|||1|||1|||2|||0
itemsToRepeat|||1|||1|||16|||0
index|||1|||1|||23|||0
index|||2|||1|||27|||0
itemsToRepeat|||2|||1|||29|||0
index|||3|||1|||31|||0
index|||4|||1|||41|||0
NumberRange|||1|||2|||2|||0
iVal|||1|||2|||16|||0
iVal|||2|||2|||22|||0
iVal|||3|||2|||36|||0
iVal|||4|||2|||39|||0
LoopProcess|||1|||3|||2|||0
iterator|||1|||3|||16|||0
iterator|||2|||3|||22|||0
iterator|||3|||3|||33|||0
iterator|||4|||3|||36|||0
DecisionGate|||1|||4|||2|||0
currentIdx|||1|||4|||16|||0
maxValue|||1|||4|||21|||0
currentIdx|||2|||4|||27|||0
maxValue|||2|||4|||32|||0
currentIdx|||3|||4|||41|||0
ConditionFail|||1|||5|||2|||0
checkIdx|||1|||5|||16|||0
upperLim|||1|||5|||21|||0
checkIdx|||2|||5|||29|||0
upperLim|||2|||5|||31|||0
checkIdx|||3|||5|||44|||0
ArrayModify|||1|||6|||2|||0
dataPoints|||1|||6|||18|||0
dataPoints|||2|||6|||26|||0
dataPoints|||3|||6|||31|||0
dataPoints|||4|||6|||47|||0
DataStore|||1|||7|||2|||0
container|||1|||7|||18|||0
container|||2|||7|||26|||0
container|||3|||7|||42|||0
IterateAction|||1|||8|||2|||0
kVal|||1|||8|||16|||0
kVal|||2|||8|||20|||0
kVal|||3|||8|||24|||0
kVal|||4|||8|||28|||0
kVal|||5|||8|||41|||0
LimitAchieved|||1|||9|||2|||0
limiter|||1|||9|||16|||0
limiter|||2|||9|||22|||0
limiter|||3|||9|||36|||0
limiter|||4|||9|||39|||0
StartState|||1|||10|||2|||0
initialValue|||1|||10|||16|||0
initialValue|||2|||10|||29|||0
InitializeVal|||1|||11|||2|||0
identifier|||1|||11|||16|||0
identifier|||2|||11|||29|||0
SpanRun|||1|||12|||2|||0
limit|||1|||12|||16|||0
counterInner|||1|||12|||23|||0
counterInner|||2|||12|||27|||0
limit|||2|||12|||29|||0
counterInner|||3|||12|||31|||0
counterInner|||4|||12|||41|||0
BoundCheck|||1|||13|||2|||0
topRange|||1|||13|||16|||0
walker|||1|||13|||23|||0
walker|||2|||13|||27|||0
topRange|||2|||13|||29|||0
walker|||3|||13|||31|||0
walker|||4|||13|||41|||0
QuickCycle|||1|||14|||2|||0
loopCount|||1|||14|||16|||0
loopCount|||2|||14|||20|||0
loopCount|||3|||14|||24|||0
loopCount|||4|||14|||28|||0
loopCount|||5|||14|||41|||0
BriefRepeat|||1|||15|||2|||0
cycleVal|||1|||15|||16|||0
cycleVal|||2|||15|||22|||0
cycleVal|||3|||15|||36|||0
cycleVal|||4|||15|||39|||0
SizeCheck|||1|||16|||2|||0
lengthVal|||1|||16|||16|||0
widthVal|||1|||16|||21|||0
lengthVal|||2|||16|||27|||0
widthVal|||2|||16|||29|||0
NotSmaller|||1|||17|||2|||0
leftSide|||1|||17|||16|||0
rightSide|||1|||17|||21|||0
leftSide|||2|||17|||27|||0
rightSide|||2|||17|||29|||0
ScaleValue|||1|||18|||2|||0
valueSet|||1|||18|||18|||0
valueSet|||2|||18|||32|||0
valueSet|||3|||18|||37|||0
valueSet|||4|||18|||50|||0
ItemScale|||1|||19|||2|||0
numberList|||1|||19|||18|||0
numberList|||2|||19|||32|||0
numberList|||3|||19|||45|||0
IncrStep|||1|||20|||2|||0
indexLoop|||1|||20|||16|||0
indexLoop|||2|||20|||20|||0
indexLoop|||3|||20|||24|||0
indexLoop|||4|||20|||28|||0
indexLoop|||5|||20|||41|||0
StepAdvance|||1|||21|||2|||0
countIndex|||1|||21|||16|||0
countIndex|||2|||21|||20|||0
countIndex|||3|||21|||24|||0
countIndex|||4|||21|||28|||0
countIndex|||5|||21|||41|||0
OriginZero|||1|||22|||2|||0
zero|||1|||22|||16|||0
zero|||2|||22|||29|||0
FirstPos|||1|||23|||2|||0
startVal|||1|||23|||16|||0
startVal|||2|||23|||29|||0
{|||1|||0|||3|||3
)|||1|||0|||13|||3
{|||2|||0|||14|||3
;|||1|||0|||19|||3
)|||2|||0|||33|||3
{|||3|||0|||34|||3
)|||3|||0|||42|||3
;|||4|||0|||43|||3
{|||4|||1|||3|||3
)|||4|||1|||13|||3
{|||5|||1|||14|||3
;|||5|||1|||19|||3
)|||5|||1|||33|||3
{|||6|||1|||34|||3
)|||6|||1|||42|||3
;|||8|||1|||43|||3
{|||7|||2|||3|||3
)|||7|||2|||13|||3
{|||8|||2|||14|||3
;|||9|||2|||19|||3
)|||8|||2|||25|||3
{|||9|||2|||26|||3
)|||10|||2|||37|||3
;|||10|||2|||38|||3
;|||11|||2|||41|||3
{|||10|||3|||3|||3
)|||11|||3|||13|||3
{|||11|||3|||14|||3
;|||12|||3|||19|||3
)|||12|||3|||25|||3
{|||12|||3|||26|||3
)|||13|||3|||34|||3
;|||13|||3|||35|||3
;|||14|||3|||38|||3
{|||13|||4|||3|||3
)|||14|||4|||13|||3
{|||14|||4|||14|||3
;|||15|||4|||19|||3
;|||16|||4|||24|||3
)|||16|||4|||33|||3
{|||15|||4|||34|||3
)|||17|||4|||42|||3
;|||17|||4|||43|||3
{|||16|||5|||3|||3
)|||18|||5|||13|||3
{|||17|||5|||14|||3
;|||18|||5|||19|||3
;|||19|||5|||24|||3
)|||19|||5|||32|||3
)|||20|||5|||33|||3
{|||18|||5|||34|||3
)|||22|||5|||45|||3
;|||20|||5|||46|||3
{|||19|||6|||3|||3
)|||23|||6|||13|||3
{|||20|||6|||14|||3
;|||21|||6|||25|||3
;|||22|||6|||40|||3
)|||25|||6|||51|||3
;|||23|||6|||52|||3
{|||21|||7|||3|||3
)|||26|||7|||13|||3
{|||22|||7|||14|||3
;|||24|||7|||25|||3
;|||25|||7|||35|||3
)|||28|||7|||46|||3
;|||26|||7|||47|||3
{|||23|||8|||3|||3
)|||29|||8|||13|||3
{|||24|||8|||14|||3
;|||27|||8|||17|||3
)|||30|||8|||30|||3
{|||25|||8|||31|||3
)|||32|||8|||42|||3
;|||30|||8|||43|||3
{|||26|||9|||3|||3
)|||33|||9|||13|||3
{|||27|||9|||14|||3
;|||31|||9|||19|||3
)|||34|||9|||25|||3
{|||28|||9|||26|||3
)|||36|||9|||37|||3
;|||32|||9|||38|||3
;|||33|||9|||41|||3
{|||29|||10|||3|||3
)|||37|||10|||13|||3
{|||30|||10|||14|||3
;|||34|||10|||19|||3
)|||39|||10|||30|||3
;|||35|||10|||31|||3
{|||31|||11|||3|||3
)|||40|||11|||13|||3
{|||32|||11|||14|||3
;|||36|||11|||19|||3
)|||42|||11|||30|||3
;|||37|||11|||31|||3
{|||33|||12|||3|||3
)|||43|||12|||13|||3
{|||34|||12|||14|||3
;|||38|||12|||19|||3
)|||44|||12|||33|||3
{|||35|||12|||34|||3
)|||45|||12|||42|||3
;|||41|||12|||43|||3
{|||36|||13|||3|||3
)|||46|||13|||13|||3
{|||37|||13|||14|||3
;|||42|||13|||19|||3
)|||47|||13|||33|||3
{|||38|||13|||34|||3
)|||48|||13|||42|||3
;|||45|||13|||43|||3
{|||39|||14|||3|||3
)|||49|||14|||13|||3
{|||40|||14|||14|||3
;|||46|||14|||17|||3
)|||50|||14|||30|||3
{|||41|||14|||31|||3
)|||52|||14|||42|||3
;|||49|||14|||43|||3
{|||42|||15|||3|||3
)|||53|||15|||13|||3
{|||43|||15|||14|||3
;|||50|||15|||19|||3
)|||54|||15|||25|||3
{|||44|||15|||26|||3
)|||56|||15|||37|||3
;|||51|||15|||38|||3
;|||52|||15|||41|||3
{|||45|||16|||3|||3
)|||57|||16|||13|||3
{|||46|||16|||14|||3
;|||53|||16|||19|||3
;|||54|||16|||24|||3
)|||58|||16|||30|||3
{|||47|||16|||31|||3
)|||59|||16|||43|||3
;|||55|||16|||44|||3
{|||48|||17|||3|||3
)|||60|||17|||13|||3
{|||49|||17|||14|||3
;|||56|||17|||19|||3
;|||57|||17|||24|||3
)|||61|||17|||32|||3
{|||50|||17|||33|||3
)|||62|||17|||45|||3
;|||58|||17|||46|||3
{|||51|||18|||3|||3
)|||63|||18|||13|||3
{|||52|||18|||14|||3
;|||59|||18|||31|||3
;|||60|||18|||43|||3
)|||64|||18|||54|||3
;|||61|||18|||55|||3
{|||54|||19|||3|||3
)|||65|||19|||13|||3
{|||55|||19|||14|||3
;|||62|||19|||31|||3
;|||63|||19|||38|||3
)|||66|||19|||49|||3
;|||64|||19|||50|||3
{|||57|||20|||3|||3
)|||67|||20|||13|||3
{|||58|||20|||14|||3
;|||65|||20|||17|||3
)|||68|||20|||30|||3
{|||59|||20|||31|||3
)|||70|||20|||42|||3
;|||68|||20|||43|||3
{|||60|||21|||3|||3
)|||71|||21|||13|||3
{|||61|||21|||14|||3
;|||69|||21|||17|||3
)|||72|||21|||30|||3
{|||62|||21|||31|||3
)|||74|||21|||42|||3
;|||72|||21|||43|||3
{|||63|||22|||3|||3
)|||75|||22|||13|||3
{|||64|||22|||14|||3
;|||73|||22|||19|||3
)|||77|||22|||30|||3
;|||74|||22|||31|||3
{|||65|||23|||3|||3
)|||78|||23|||13|||3
{|||66|||23|||14|||3
;|||75|||23|||19|||3
)|||80|||23|||30|||3
;|||76|||23|||31|||3
void|||1|||0|||6|||8
void|||2|||1|||6|||8
void|||3|||2|||6|||8
void|||4|||3|||6|||8
void|||5|||4|||6|||8
void|||6|||5|||6|||8
void|||7|||6|||6|||8
void|||8|||7|||6|||8
void|||9|||8|||6|||8
void|||10|||9|||6|||8
void|||11|||10|||6|||8
void|||12|||11|||6|||8
void|||13|||12|||6|||8
void|||14|||13|||6|||8
void|||15|||14|||6|||8
void|||16|||15|||6|||8
void|||17|||16|||6|||8
void|||18|||17|||6|||8
void|||19|||18|||6|||8
void|||20|||19|||6|||8
void|||21|||20|||6|||8
void|||22|||21|||6|||8
void|||23|||22|||6|||8
void|||24|||23|||6|||8
main|||1|||0|||7|||7
programArgs|||1|||0|||12|||7
main|||2|||1|||7|||7
args|||1|||1|||12|||7
main|||3|||2|||7|||7
args|||2|||2|||12|||7
main|||4|||3|||7|||7
args|||3|||3|||12|||7
main|||5|||4|||7|||7
args|||4|||4|||12|||7
main|||6|||5|||7|||7
args|||5|||5|||12|||7
main|||7|||6|||7|||7
args|||6|||6|||12|||7
main|||8|||7|||7|||7
args|||7|||7|||12|||7
main|||9|||8|||7|||7
args|||8|||8|||12|||7
main|||10|||9|||7|||7
args|||9|||9|||12|||7
main|||11|||10|||7|||7
args|||10|||10|||12|||7
main|||12|||11|||7|||7
args|||11|||11|||12|||7
main|||13|||12|||7|||7
args|||12|||12|||12|||7
main|||14|||13|||7|||7
args|||13|||13|||12|||7
main|||15|||14|||7|||7
args|||14|||14|||12|||7
main|||16|||15|||7|||7
args|||15|||15|||12|||7
main|||17|||16|||7|||7
args|||16|||16|||12|||7
main|||18|||17|||7|||7
args|||17|||17|||12|||7
main|||19|||18|||7|||7
args|||18|||18|||12|||7
main|||20|||19|||7|||7
args|||19|||19|||12|||7
main|||21|||20|||7|||7
args|||20|||20|||12|||7
main|||22|||21|||7|||7
args|||21|||21|||12|||7
main|||23|||22|||7|||7
args|||22|||22|||12|||7
main|||24|||23|||7|||7
args|||23|||23|||12|||7
(|||1|||0|||8|||1
=|||1|||0|||17|||1
10|||1|||0|||18|||1
for|||1|||0|||20|||1
(|||2|||0|||21|||1
=|||2|||0|||24|||1
0|||1|||0|||25|||1
;|||2|||0|||26|||1
<|||1|||0|||28|||1
;|||3|||0|||30|||1
++|||1|||0|||32|||1
(|||3|||0|||40|||1
(|||4|||1|||8|||1
=|||3|||1|||17|||1
10|||2|||1|||18|||1
for|||2|||1|||20|||1
(|||5|||1|||21|||1
=|||4|||1|||24|||1
0|||2|||1|||25|||1
;|||6|||1|||26|||1
<|||2|||1|||28|||1
;|||7|||1|||30|||1
++|||2|||1|||32|||1
(|||6|||1|||40|||1
(|||7|||2|||8|||1
=|||5|||2|||17|||1
0|||3|||2|||18|||1
while|||1|||2|||20|||1
(|||8|||2|||21|||1
<|||3|||2|||23|||1
10|||3|||2|||24|||1
(|||9|||2|||32|||1
(|||10|||2|||33|||1
)|||9|||2|||35|||1
++|||3|||2|||40|||1
(|||11|||3|||8|||1
=|||6|||3|||17|||1
0|||4|||3|||18|||1
while|||2|||3|||20|||1
(|||12|||3|||21|||1
<|||4|||3|||23|||1
10|||4|||3|||24|||1
(|||13|||3|||32|||1
++|||4|||3|||37|||1
(|||14|||4|||8|||1
=|||7|||4|||17|||1
5|||1|||4|||18|||1
=|||8|||4|||22|||1
10|||5|||4|||23|||1
if|||1|||4|||25|||1
(|||15|||4|||26|||1
<|||5|||4|||28|||1
(|||16|||4|||29|||1
)|||15|||4|||31|||1
(|||17|||4|||40|||1
(|||18|||5|||8|||1
=|||9|||5|||17|||1
5|||2|||5|||18|||1
=|||10|||5|||22|||1
10|||6|||5|||23|||1
if|||2|||5|||25|||1
(|||19|||5|||26|||1
!|||1|||5|||27|||1
(|||20|||5|||28|||1
>=|||1|||5|||30|||1
(|||21|||5|||40|||1
(|||22|||5|||41|||1
)|||21|||5|||43|||1
(|||23|||6|||8|||1
=|||11|||6|||19|||1
new|||1|||6|||20|||1
[|||9|||6|||22|||1
5|||3|||6|||23|||1
]|||9|||6|||24|||1
[|||10|||6|||27|||1
0|||5|||6|||28|||1
]|||10|||6|||29|||1
=|||12|||6|||30|||1
[|||11|||6|||32|||1
0|||6|||6|||33|||1
]|||11|||6|||34|||1
+|||1|||6|||35|||1
(|||24|||6|||36|||1
)|||24|||6|||38|||1
100.0f|||1|||6|||39|||1
(|||25|||6|||46|||1
[|||12|||6|||48|||1
0|||7|||6|||49|||1
]|||12|||6|||50|||1
(|||26|||7|||8|||1
=|||13|||7|||19|||1
new|||2|||7|||20|||1
[|||15|||7|||22|||1
5|||4|||7|||23|||1
]|||15|||7|||24|||1
[|||16|||7|||27|||1
0|||8|||7|||28|||1
]|||16|||7|||29|||1
+=|||1|||7|||30|||1
(|||27|||7|||31|||1
)|||27|||7|||33|||1
100.0f|||2|||7|||34|||1
(|||28|||7|||41|||1
[|||17|||7|||43|||1
0|||9|||7|||44|||1
]|||17|||7|||45|||1
(|||29|||8|||8|||1
for|||3|||8|||18|||1
(|||30|||8|||19|||1
=|||14|||8|||21|||1
0|||10|||8|||22|||1
;|||28|||8|||23|||1
<|||6|||8|||25|||1
5|||5|||8|||26|||1
;|||29|||8|||27|||1
++|||5|||8|||29|||1
(|||31|||8|||37|||1
(|||32|||8|||38|||1
)|||31|||8|||40|||1
(|||33|||9|||8|||1
=|||15|||9|||17|||1
0|||11|||9|||18|||1
while|||3|||9|||20|||1
(|||34|||9|||21|||1
<=|||1|||9|||23|||1
5|||6|||9|||24|||1
(|||35|||9|||32|||1
(|||36|||9|||33|||1
)|||35|||9|||35|||1
++|||6|||9|||40|||1
(|||37|||10|||8|||1
=|||16|||10|||17|||1
0|||12|||10|||18|||1
(|||38|||10|||25|||1
(|||39|||10|||26|||1
)|||38|||10|||28|||1
(|||40|||11|||8|||1
=|||17|||11|||17|||1
1|||1|||11|||18|||1
(|||41|||11|||25|||1
(|||42|||11|||26|||1
)|||41|||11|||28|||1
(|||43|||12|||8|||1
=|||18|||12|||17|||1
10|||7|||12|||18|||1
for|||4|||12|||20|||1
(|||44|||12|||21|||1
=|||19|||12|||24|||1
0|||13|||12|||25|||1
;|||39|||12|||26|||1
<|||7|||12|||28|||1
;|||40|||12|||30|||1
++|||7|||12|||32|||1
(|||45|||12|||40|||1
(|||46|||13|||8|||1
=|||20|||13|||17|||1
10|||8|||13|||18|||1
for|||5|||13|||20|||1
(|||47|||13|||21|||1
=|||21|||13|||24|||1
0|||14|||13|||25|||1
;|||43|||13|||26|||1
<|||8|||13|||28|||1
;|||44|||13|||30|||1
++|||8|||13|||32|||1
(|||48|||13|||40|||1
(|||49|||14|||8|||1
for|||6|||14|||18|||1
(|||50|||14|||19|||1
=|||22|||14|||21|||1
0|||15|||14|||22|||1
;|||47|||14|||23|||1
<|||9|||14|||25|||1
5|||7|||14|||26|||1
;|||48|||14|||27|||1
++|||9|||14|||29|||1
(|||51|||14|||37|||1
(|||52|||14|||38|||1
)|||51|||14|||40|||1
(|||53|||15|||8|||1
=|||23|||15|||17|||1
0|||16|||15|||18|||1
while|||4|||15|||20|||1
(|||54|||15|||21|||1
<|||10|||15|||23|||1
5|||8|||15|||24|||1
(|||55|||15|||32|||1
(|||56|||15|||33|||1
)|||55|||15|||35|||1
++|||10|||15|||40|||1
(|||57|||16|||8|||1
=|||24|||16|||17|||1
7|||1|||16|||18|||1
=|||25|||16|||22|||1
10|||9|||16|||23|||1
if|||3|||16|||25|||1
(|||58|||16|||26|||1
>|||1|||16|||28|||1
(|||59|||16|||37|||1
"|||1|||16|||38|||1
x|||1|||16|||39|||1
is|||1|||16|||40|||1
greater|||1|||16|||41|||1
"|||2|||16|||42|||1
(|||60|||17|||8|||1
=|||26|||17|||17|||1
7|||2|||17|||18|||1
=|||27|||17|||22|||1
10|||10|||17|||23|||1
if|||4|||17|||25|||1
(|||61|||17|||26|||1
<=|||2|||17|||28|||1
==|||1|||17|||30|||1
false|||1|||17|||31|||1
(|||62|||17|||39|||1
"|||3|||17|||40|||1
x|||2|||17|||41|||1
is|||2|||17|||42|||1
greater|||2|||17|||43|||1
"|||4|||17|||44|||1
(|||63|||18|||8|||1
=|||28|||18|||19|||1
{|||53|||18|||20|||1
1|||2|||18|||21|||1
,|||1|||18|||22|||1
2|||1|||18|||23|||1
,|||2|||18|||24|||1
3|||1|||18|||25|||1
,|||3|||18|||26|||1
4|||1|||18|||27|||1
,|||4|||18|||28|||1
5|||9|||18|||29|||1
}|||51|||18|||30|||1
[|||30|||18|||33|||1
2|||2|||18|||34|||1
]|||30|||18|||35|||1
=|||29|||18|||36|||1
[|||31|||18|||38|||1
2|||3|||18|||39|||1
]|||31|||18|||40|||1
*|||1|||18|||41|||1
2|||4|||18|||42|||1
(|||64|||18|||49|||1
[|||32|||18|||51|||1
2|||5|||18|||52|||1
]|||32|||18|||53|||1
(|||65|||19|||8|||1
=|||30|||19|||19|||1
{|||56|||19|||20|||1
1|||3|||19|||21|||1
,|||5|||19|||22|||1
2|||6|||19|||23|||1
,|||6|||19|||24|||1
3|||2|||19|||25|||1
,|||7|||19|||26|||1
4|||2|||19|||27|||1
,|||8|||19|||28|||1
5|||10|||19|||29|||1
}|||54|||19|||30|||1
[|||35|||19|||33|||1
2|||7|||19|||34|||1
]|||35|||19|||35|||1
*=|||1|||19|||36|||1
2|||8|||19|||37|||1
(|||66|||19|||44|||1
[|||36|||19|||46|||1
2|||9|||19|||47|||1
]|||36|||19|||48|||1
(|||67|||20|||8|||1
for|||7|||20|||18|||1
(|||68|||20|||19|||1
=|||31|||20|||21|||1
1|||4|||20|||22|||1
;|||66|||20|||23|||1
<|||11|||20|||25|||1
4|||3|||20|||26|||1
;|||67|||20|||27|||1
++|||11|||20|||29|||1
(|||69|||20|||37|||1
(|||70|||20|||38|||1
)|||69|||20|||40|||1
(|||71|||21|||8|||1
for|||8|||21|||18|||1
(|||72|||21|||19|||1
=|||32|||21|||21|||1
1|||5|||21|||22|||1
;|||70|||21|||23|||1
<=|||3|||21|||25|||1
4|||4|||21|||26|||1
;|||71|||21|||27|||1
++|||12|||21|||29|||1
(|||73|||21|||37|||1
(|||74|||21|||38|||1
)|||73|||21|||40|||1
(|||75|||22|||8|||1
=|||33|||22|||17|||1
0|||17|||22|||18|||1
(|||76|||22|||25|||1
(|||77|||22|||26|||1
)|||76|||22|||28|||1
(|||78|||23|||8|||1
=|||34|||23|||17|||1
1|||6|||23|||18|||1
(|||79|||23|||25|||1
(|||80|||23|||26|||1
)|||79|||23|||28|||1
String|||1|||0|||9|||9
float|||1|||0|||15|||9
int|||1|||0|||22|||9
String|||2|||1|||9|||9
float|||2|||1|||15|||9
int|||2|||1|||22|||9
String|||3|||2|||9|||9
float|||3|||2|||15|||9
int|||3|||2|||34|||9
String|||4|||3|||9|||9
float|||4|||3|||15|||9
String|||5|||4|||9|||9
int|||4|||4|||15|||9
int|||5|||4|||20|||9
float|||5|||4|||30|||9
String|||6|||5|||9|||9
float|||6|||5|||15|||9
float|||7|||5|||20|||9
int|||6|||5|||42|||9
String|||7|||6|||9|||9
int|||7|||6|||15|||9
int|||8|||6|||21|||9
int|||9|||6|||37|||9
String|||8|||7|||9|||9
int|||10|||7|||15|||9
int|||11|||7|||21|||9
int|||12|||7|||32|||9
String|||9|||8|||9|||9
float|||8|||8|||15|||9
int|||13|||8|||39|||9
String|||10|||9|||9|||9
float|||9|||9|||15|||9
int|||14|||9|||34|||9
String|||11|||10|||9|||9
float|||10|||10|||15|||9
int|||15|||10|||27|||9
String|||12|||11|||9|||9
float|||11|||11|||15|||9
int|||16|||11|||27|||9
String|||13|||12|||9|||9
int|||17|||12|||15|||9
int|||18|||12|||22|||9
String|||14|||13|||9|||9
int|||19|||13|||15|||9
int|||20|||13|||22|||9
String|||15|||14|||9|||9
float|||12|||14|||15|||9
int|||21|||14|||39|||9
String|||16|||15|||9|||9
float|||13|||15|||15|||9
int|||22|||15|||34|||9
String|||17|||16|||9|||9
float|||14|||16|||15|||9
float|||15|||16|||20|||9
String|||18|||17|||9|||9
float|||16|||17|||15|||9
float|||17|||17|||20|||9
String|||19|||18|||9|||9
int|||23|||18|||15|||9
String|||20|||19|||9|||9
int|||24|||19|||15|||9
String|||21|||20|||9|||9
float|||18|||20|||15|||9
int|||25|||20|||39|||9
String|||22|||21|||9|||9
float|||19|||21|||15|||9
int|||26|||21|||39|||9
String|||23|||22|||9|||9
float|||20|||22|||15|||9
int|||27|||22|||27|||9
String|||24|||23|||9|||9
float|||21|||23|||15|||9
int|||28|||23|||27|||9
[|||1|||0|||10|||6
]|||1|||0|||11|||6
[|||2|||1|||10|||6
]|||2|||1|||11|||6
[|||3|||2|||10|||6
]|||3|||2|||11|||6
[|||4|||3|||10|||6
]|||4|||3|||11|||6
[|||5|||4|||10|||6
]|||5|||4|||11|||6
[|||6|||5|||10|||6
]|||6|||5|||11|||6
[|||7|||6|||10|||6
]|||7|||6|||11|||6
[|||8|||6|||16|||6
]|||8|||6|||17|||6
[|||13|||7|||10|||6
]|||13|||7|||11|||6
[|||14|||7|||16|||6
]|||14|||7|||17|||6
[|||18|||8|||10|||6
]|||18|||8|||11|||6
[|||19|||9|||10|||6
]|||19|||9|||11|||6
[|||20|||10|||10|||6
]|||20|||10|||11|||6
[|||21|||11|||10|||6
]|||21|||11|||11|||6
[|||22|||12|||10|||6
]|||22|||12|||11|||6
[|||23|||13|||10|||6
]|||23|||13|||11|||6
[|||24|||14|||10|||6
]|||24|||14|||11|||6
[|||25|||15|||10|||6
]|||25|||15|||11|||6
[|||26|||16|||10|||6
]|||26|||16|||11|||6
[|||27|||17|||10|||6
]|||27|||17|||11|||6
[|||28|||18|||10|||6
]|||28|||18|||11|||6
[|||29|||18|||16|||6
]|||29|||18|||17|||6
[|||33|||19|||10|||6
]|||33|||19|||11|||6
[|||34|||19|||16|||6
]|||34|||19|||17|||6
[|||37|||20|||10|||6
]|||37|||20|||11|||6
[|||38|||21|||10|||6
]|||38|||21|||11|||6
[|||39|||22|||10|||6
]|||39|||22|||11|||6
[|||40|||23|||10|||6
]|||40|||23|||11|||6
System|||1|||0|||35|||4
.|||1|||0|||36|||4
out|||1|||0|||37|||4
.|||2|||0|||38|||4
println|||1|||0|||39|||4
System|||2|||1|||35|||4
.|||3|||1|||36|||4
out|||2|||1|||37|||4
.|||4|||1|||38|||4
println|||2|||1|||39|||4
System|||3|||2|||27|||4
.|||5|||2|||28|||4
out|||3|||2|||29|||4
.|||6|||2|||30|||4
println|||3|||2|||31|||4
System|||4|||3|||27|||4
.|||7|||3|||28|||4
out|||4|||3|||29|||4
.|||8|||3|||30|||4
println|||4|||3|||31|||4
System|||5|||4|||35|||4
.|||9|||4|||36|||4
out|||5|||4|||37|||4
.|||10|||4|||38|||4
println|||5|||4|||39|||4
System|||6|||5|||35|||4
.|||11|||5|||36|||4
out|||6|||5|||37|||4
.|||12|||5|||38|||4
println|||6|||5|||39|||4
System|||7|||6|||41|||4
.|||13|||6|||42|||4
out|||7|||6|||43|||4
.|||14|||6|||44|||4
println|||7|||6|||45|||4
System|||8|||7|||36|||4
.|||15|||7|||37|||4
out|||8|||7|||38|||4
.|||16|||7|||39|||4
println|||8|||7|||40|||4
System|||9|||8|||32|||4
.|||17|||8|||33|||4
out|||9|||8|||34|||4
.|||18|||8|||35|||4
println|||9|||8|||36|||4
System|||10|||9|||27|||4
.|||19|||9|||28|||4
out|||10|||9|||29|||4
.|||20|||9|||30|||4
println|||10|||9|||31|||4
System|||11|||10|||20|||4
.|||21|||10|||21|||4
out|||11|||10|||22|||4
.|||22|||10|||23|||4
println|||11|||10|||24|||4
System|||12|||11|||20|||4
.|||23|||11|||21|||4
out|||12|||11|||22|||4
.|||24|||11|||23|||4
println|||12|||11|||24|||4
System|||13|||12|||35|||4
.|||25|||12|||36|||4
out|||13|||12|||37|||4
.|||26|||12|||38|||4
println|||13|||12|||39|||4
System|||14|||13|||35|||4
.|||27|||13|||36|||4
out|||14|||13|||37|||4
.|||28|||13|||38|||4
println|||14|||13|||39|||4
System|||15|||14|||32|||4
.|||29|||14|||33|||4
out|||15|||14|||34|||4
.|||30|||14|||35|||4
println|||15|||14|||36|||4
System|||16|||15|||27|||4
.|||31|||15|||28|||4
out|||16|||15|||29|||4
.|||32|||15|||30|||4
println|||16|||15|||31|||4
System|||17|||16|||32|||4
.|||33|||16|||33|||4
out|||17|||16|||34|||4
.|||34|||16|||35|||4
println|||17|||16|||36|||4
System|||18|||17|||34|||4
.|||35|||17|||35|||4
out|||18|||17|||36|||4
.|||36|||17|||37|||4
println|||18|||17|||38|||4
System|||19|||18|||44|||4
.|||37|||18|||45|||4
out|||19|||18|||46|||4
.|||38|||18|||47|||4
println|||19|||18|||48|||4
System|||20|||19|||39|||4
.|||39|||19|||40|||4
out|||20|||19|||41|||4
.|||40|||19|||42|||4
println|||20|||19|||43|||4
System|||21|||20|||32|||4
.|||41|||20|||33|||4
out|||21|||20|||34|||4
.|||42|||20|||35|||4
println|||21|||20|||36|||4
System|||22|||21|||32|||4
.|||43|||21|||33|||4
out|||22|||21|||34|||4
.|||44|||21|||35|||4
println|||22|||21|||36|||4
System|||23|||22|||20|||4
.|||45|||22|||21|||4
out|||23|||22|||22|||4
.|||46|||22|||23|||4
println|||23|||22|||24|||4
System|||24|||23|||20|||4
.|||47|||23|||21|||4
out|||24|||23|||22|||4
.|||48|||23|||23|||4
println|||24|||23|||24|||4
}|||1|||0|||44|||2
}|||2|||0|||45|||2
}|||3|||0|||46|||2
}|||4|||1|||44|||2
}|||5|||1|||45|||2
}|||6|||1|||46|||2
}|||7|||2|||42|||2
}|||8|||2|||43|||2
}|||9|||2|||44|||2
}|||10|||3|||39|||2
}|||11|||3|||40|||2
}|||12|||3|||41|||2
}|||13|||4|||44|||2
}|||14|||4|||45|||2
}|||15|||4|||46|||2
}|||16|||5|||47|||2
}|||17|||5|||48|||2
}|||18|||5|||49|||2
}|||19|||6|||53|||2
}|||20|||6|||54|||2
}|||21|||7|||48|||2
}|||22|||7|||49|||2
}|||23|||8|||44|||2
}|||24|||8|||45|||2
}|||25|||8|||46|||2
}|||26|||9|||42|||2
}|||27|||9|||43|||2
}|||28|||9|||44|||2
}|||29|||10|||32|||2
}|||30|||10|||33|||2
}|||31|||11|||32|||2
}|||32|||11|||33|||2
}|||33|||12|||44|||2
}|||34|||12|||45|||2
}|||35|||12|||46|||2
}|||36|||13|||44|||2
}|||37|||13|||45|||2
}|||38|||13|||46|||2
}|||39|||14|||44|||2
}|||40|||14|||45|||2
}|||41|||14|||46|||2
}|||42|||15|||42|||2
}|||43|||15|||43|||2
}|||44|||15|||44|||2
}|||45|||16|||45|||2
}|||46|||16|||46|||2
}|||47|||16|||47|||2
}|||48|||17|||47|||2
}|||49|||17|||48|||2
}|||50|||17|||49|||2
}|||52|||18|||56|||2
}|||53|||18|||57|||2
}|||55|||19|||51|||2
}|||56|||19|||52|||2
}|||57|||20|||44|||2
}|||58|||20|||45|||2
}|||59|||20|||46|||2
}|||60|||21|||44|||2
}|||61|||21|||45|||2
}|||62|||21|||46|||2
}|||63|||22|||32|||2
}|||64|||22|||33|||2
}|||65|||23|||32|||2
}|||66|||23|||33|||2
