<=|||1|||0|||8|||0
++|||1|||0|||12|||0
+|||1|||0|||21|||0
<=|||2|||1|||13|||0
++|||2|||1|||17|||0
+=|||1|||1|||20|||0
<=|||3|||2|||8|||0
+=|||2|||2|||12|||0
+|||2|||2|||22|||0
<=|||4|||3|||8|||0
+=|||3|||3|||12|||0
+|||3|||3|||22|||0
<=|||5|||4|||13|||0
++|||3|||4|||17|||0
[|||1|||5|||1|||0
<|||1|||5|||25|||0
.|||7|||5|||27|||0
length|||1|||5|||28|||0
++|||4|||5|||31|||0
[|||2|||5|||40|||0
+|||4|||5|||43|||0
.|||10|||6|||6|||0
length|||2|||6|||7|||0
-|||1|||6|||8|||0
>=|||1|||6|||12|||0
--|||1|||6|||16|||0
[|||3|||6|||25|||0
+|||5|||6|||28|||0
<|||2|||7|||13|||0
.|||13|||7|||15|||0
length|||3|||7|||16|||0
++|||5|||7|||19|||0
+=|||4|||7|||22|||0
[|||4|||7|||24|||0
<|||3|||8|||19|||0
++|||6|||8|||23|||0
+|||6|||8|||33|||0
+|||7|||8|||41|||0
>|||1|||9|||13|||0
/=|||1|||9|||17|||0
++|||7|||9|||21|||0
>|||2|||10|||13|||0
/=|||2|||10|||17|||0
*|||1|||10|||23|||0
+|||8|||10|||25|||0
%|||1|||10|||27|||0
[|||5|||11|||4|||0
<|||4|||11|||16|||0
.|||16|||11|||18|||0
length|||4|||11|||19|||0
++|||8|||11|||22|||0
[|||6|||11|||27|||0
>|||3|||11|||30|||0
[|||7|||11|||36|||0
[|||8|||12|||4|||0
<|||5|||12|||16|||0
.|||17|||12|||18|||0
length|||5|||12|||19|||0
++|||9|||12|||22|||0
[|||9|||12|||27|||0
<|||6|||12|||30|||0
[|||10|||12|||36|||0
!=|||1|||13|||15|||0
%|||2|||13|||25|||0
<=|||6|||14|||17|||0
/|||1|||14|||19|||0
++|||10|||14|||23|||0
%|||3|||14|||28|||0
==|||1|||14|||30|||0
<|||7|||15|||10|||0
.|||18|||15|||12|||0
length|||6|||15|||13|||0
/|||2|||15|||14|||0
++|||11|||15|||18|||0
[|||11|||15|||24|||0
[|||12|||15|||29|||0
[|||13|||15|||34|||0
.|||19|||15|||36|||0
length|||7|||15|||37|||0
-|||2|||15|||38|||0
-|||3|||15|||40|||0
[|||14|||15|||45|||0
.|||20|||15|||47|||0
length|||8|||15|||48|||0
-|||4|||15|||49|||0
-|||5|||15|||51|||0
<|||8|||16|||20|||0
.|||21|||16|||22|||0
length|||9|||16|||23|||0
(|||27|||16|||24|||0
++|||12|||16|||28|||0
indexOf|||1|||16|||36|||0
.|||23|||16|||39|||0
charAt|||1|||16|||40|||0
(|||30|||16|||41|||0
!=|||2|||16|||45|||0
-|||6|||16|||46|||0
++|||13|||16|||50|||0
>|||4|||17|||17|||0
*|||2|||17|||27|||0
+|||9|||17|||29|||0
%|||4|||17|||31|||0
<|||9|||18|||21|||0
++|||14|||18|||25|||0
<|||10|||19|||15|||0
.|||24|||19|||17|||0
length|||10|||19|||18|||0
(|||34|||19|||19|||0
++|||15|||19|||23|||0
(|||36|||19|||31|||0
.|||27|||19|||35|||0
charAt|||2|||19|||36|||0
(|||37|||19|||37|||0
+|||10|||19|||40|||0
<|||11|||20|||8|||0
.|||28|||20|||10|||0
length|||11|||20|||11|||0
-|||7|||20|||12|||0
++|||16|||20|||16|||0
<|||12|||20|||26|||0
.|||29|||20|||28|||0
length|||12|||20|||29|||0
-|||8|||20|||30|||0
-|||9|||20|||32|||0
++|||17|||20|||36|||0
[|||15|||20|||41|||0
>|||5|||20|||44|||0
[|||16|||20|||46|||0
+|||11|||20|||48|||0
[|||17|||20|||57|||0
[|||18|||20|||62|||0
[|||19|||20|||67|||0
+|||12|||20|||69|||0
[|||20|||20|||74|||0
+|||13|||20|||76|||0
<|||13|||21|||8|||0
.|||30|||21|||10|||0
length|||13|||21|||11|||0
-|||10|||21|||12|||0
++|||18|||21|||16|||0
+|||14|||21|||30|||0
<|||14|||21|||34|||0
.|||31|||21|||36|||0
length|||14|||21|||37|||0
++|||19|||21|||40|||0
[|||21|||21|||45|||0
<|||15|||21|||48|||0
[|||22|||21|||50|||0
[|||23|||21|||62|||0
[|||24|||21|||67|||0
[|||25|||21|||72|||0
[|||26|||21|||77|||0
<|||16|||22|||8|||0
.|||32|||22|||10|||0
length|||15|||22|||11|||0
++|||20|||22|||14|||0
[|||27|||22|||21|||0
-|||11|||22|||28|||0
>=|||2|||22|||34|||0
[|||28|||22|||38|||0
>|||6|||22|||41|||0
[|||29|||22|||45|||0
+|||15|||22|||47|||0
[|||30|||22|||52|||0
--|||2|||22|||54|||0
[|||31|||22|||58|||0
+|||16|||22|||60|||0
<|||17|||23|||8|||0
++|||21|||23|||12|||0
<=|||7|||23|||28|||0
++|||22|||23|||32|||0
+|||17|||23|||42|||0
*|||3|||23|||50|||0
-|||12|||23|||53|||0
/|||3|||23|||56|||0
+|||18|||23|||59|||0
<|||18|||24|||25|||0
++|||23|||24|||29|||0
-|||13|||24|||36|||0
+|||19|||24|||44|||0
/|||4|||24|||56|||0
>|||7|||25|||13|||0
/=|||4|||25|||17|||0
+=|||5|||25|||21|||0
%|||5|||25|||23|||0
<|||19|||26|||22|||0
.|||39|||26|||24|||0
length|||16|||26|||25|||0
(|||58|||26|||26|||0
++|||24|||26|||30|||0
.|||40|||26|||35|||0
charAt|||3|||26|||36|||0
(|||60|||26|||37|||0
==|||2|||26|||40|||0
++|||25|||26|||45|||0
<|||20|||27|||15|||0
.|||41|||27|||17|||0
length|||17|||27|||18|||0
(|||62|||27|||19|||0
++|||26|||27|||23|||0
(|||64|||27|||31|||0
.|||44|||27|||36|||0
charAt|||4|||27|||37|||0
(|||66|||27|||38|||0
-|||14|||27|||41|||0
<=|||8|||28|||8|||0
++|||27|||28|||12|||0
<=|||9|||28|||28|||0
/|||5|||28|||30|||0
++|||28|||28|||34|||0
%|||6|||28|||39|||0
==|||3|||28|||41|||0
==|||4|||28|||51|||0
+|||20|||28|||61|||0
>|||8|||29|||13|||0
:|||1|||29|||18|||0
%|||7|||29|||25|||0
!=|||3|||29|||27|||0
%|||8|||29|||31|||0
!=|||4|||29|||33|||0
++|||29|||29|||37|||0
<=|||10|||30|||8|||0
+|||21|||30|||19|||0
++|||30|||30|||25|||0
<=|||11|||31|||12|||0
+=|||6|||31|||17|||0
++|||31|||31|||21|||0
<=|||12|||32|||8|||0
+|||22|||32|||19|||0
+=|||7|||32|||25|||0
<=|||13|||33|||8|||0
+|||23|||33|||19|||0
+=|||8|||33|||25|||0
<=|||14|||34|||12|||0
++|||32|||34|||21|||0
[|||32|||35|||1|||0
<|||21|||35|||25|||0
.|||55|||35|||27|||0
length|||18|||35|||28|||0
[|||33|||35|||38|||0
+|||24|||35|||41|||0
++|||33|||35|||47|||0
.|||58|||36|||4|||0
length|||19|||36|||5|||0
-|||15|||36|||6|||0
>=|||3|||36|||12|||0
[|||34|||36|||23|||0
+|||25|||36|||26|||0
--|||3|||36|||32|||0
<|||22|||37|||12|||0
.|||61|||37|||14|||0
length|||20|||37|||15|||0
+=|||9|||37|||19|||0
[|||35|||37|||21|||0
++|||34|||37|||26|||0
<|||23|||38|||18|||0
+|||26|||38|||29|||0
+|||27|||38|||37|||0
++|||35|||38|||49|||0
>|||9|||39|||12|||0
++|||36|||39|||17|||0
>|||10|||40|||12|||0
*|||4|||40|||19|||0
+|||28|||40|||21|||0
%|||9|||40|||23|||0
[|||36|||41|||4|||0
<|||24|||41|||15|||0
.|||64|||41|||17|||0
length|||21|||41|||18|||0
[|||37|||41|||24|||0
>|||11|||41|||27|||0
[|||38|||41|||33|||0
++|||37|||41|||38|||0
[|||39|||42|||4|||0
<|||25|||42|||15|||0
.|||65|||42|||17|||0
length|||22|||42|||18|||0
[|||40|||42|||24|||0
<|||26|||42|||27|||0
[|||41|||42|||33|||0
++|||38|||42|||38|||0
!=|||5|||43|||14|||0
%|||10|||43|||25|||0
<=|||15|||44|||16|||0
/|||6|||44|||18|||0
%|||11|||44|||25|||0
==|||5|||44|||27|||0
++|||39|||44|||35|||0
<|||27|||45|||10|||0
.|||66|||45|||12|||0
length|||23|||45|||13|||0
/|||7|||45|||14|||0
[|||42|||45|||21|||0
[|||43|||45|||26|||0
[|||44|||45|||31|||0
.|||67|||45|||33|||0
length|||24|||45|||34|||0
-|||16|||45|||35|||0
-|||17|||45|||37|||0
[|||45|||45|||42|||0
.|||68|||45|||44|||0
length|||25|||45|||45|||0
-|||18|||45|||46|||0
-|||19|||45|||48|||0
++|||40|||45|||55|||0
<|||28|||46|||19|||0
.|||69|||46|||21|||0
length|||26|||46|||22|||0
(|||101|||46|||23|||0
indexOf|||2|||46|||33|||0
.|||71|||46|||36|||0
charAt|||5|||46|||37|||0
(|||104|||46|||38|||0
!=|||6|||46|||42|||0
-|||20|||46|||43|||0
++|||41|||46|||47|||0
++|||42|||46|||50|||0
>|||12|||47|||16|||0
*|||5|||47|||23|||0
+|||29|||47|||25|||0
%|||12|||47|||27|||0
<|||29|||48|||20|||0
++|||43|||48|||29|||0
<|||30|||49|||15|||0
.|||72|||49|||17|||0
length|||27|||49|||18|||0
(|||108|||49|||19|||0
(|||110|||49|||29|||0
.|||75|||49|||33|||0
charAt|||6|||49|||34|||0
(|||111|||49|||35|||0
+|||30|||49|||38|||0
++|||44|||49|||44|||0
<|||31|||50|||8|||0
.|||76|||50|||10|||0
length|||28|||50|||11|||0
-|||21|||50|||12|||0
<|||32|||50|||24|||0
.|||77|||50|||26|||0
length|||29|||50|||27|||0
-|||22|||50|||28|||0
-|||23|||50|||30|||0
[|||46|||50|||37|||0
>|||13|||50|||40|||0
[|||47|||50|||42|||0
+|||31|||50|||44|||0
[|||48|||50|||53|||0
[|||49|||50|||58|||0
[|||50|||50|||63|||0
+|||32|||50|||65|||0
[|||51|||50|||70|||0
+|||33|||50|||72|||0
++|||45|||50|||80|||0
++|||46|||50|||84|||0
<|||33|||51|||8|||0
.|||78|||51|||10|||0
length|||30|||51|||11|||0
-|||24|||51|||12|||0
+|||34|||51|||24|||0
<|||34|||51|||30|||0
.|||79|||51|||32|||0
length|||31|||51|||33|||0
[|||52|||51|||39|||0
<|||35|||51|||42|||0
[|||53|||51|||44|||0
++|||47|||51|||53|||0
[|||54|||51|||60|||0
[|||55|||51|||65|||0
[|||56|||51|||70|||0
[|||57|||51|||75|||0
++|||48|||51|||82|||0
<|||36|||52|||8|||0
.|||80|||52|||10|||0
length|||32|||52|||11|||0
[|||58|||52|||18|||0
-|||25|||52|||25|||0
>=|||4|||52|||31|||0
[|||59|||52|||35|||0
>|||14|||52|||38|||0
[|||60|||52|||43|||0
+|||35|||52|||45|||0
[|||61|||52|||50|||0
--|||4|||52|||55|||0
[|||62|||52|||59|||0
+|||36|||52|||61|||0
++|||49|||52|||68|||0
<|||37|||53|||8|||0
<=|||16|||53|||24|||0
+|||37|||53|||35|||0
*|||6|||53|||43|||0
-|||26|||53|||46|||0
/|||8|||53|||49|||0
+|||38|||53|||52|||0
++|||50|||53|||57|||0
++|||51|||53|||69|||0
<|||38|||54|||24|||0
-|||27|||54|||32|||0
+|||39|||54|||40|||0
++|||52|||54|||45|||0
/|||9|||54|||55|||0
>|||15|||55|||12|||0
+=|||10|||55|||17|||0
%|||13|||55|||19|||0
<|||39|||56|||21|||0
.|||87|||56|||23|||0
length|||33|||56|||24|||0
(|||132|||56|||25|||0
.|||88|||56|||32|||0
charAt|||7|||56|||33|||0
(|||134|||56|||34|||0
==|||6|||56|||37|||0
++|||53|||56|||42|||0
++|||54|||56|||45|||0
<|||40|||57|||15|||0
.|||89|||57|||17|||0
length|||34|||57|||18|||0
(|||136|||57|||19|||0
(|||138|||57|||29|||0
.|||92|||57|||34|||0
charAt|||8|||57|||35|||0
(|||140|||57|||36|||0
-|||28|||57|||39|||0
++|||55|||57|||45|||0
<=|||17|||58|||8|||0
<=|||18|||58|||24|||0
/|||10|||58|||26|||0
%|||14|||58|||33|||0
==|||7|||58|||35|||0
++|||56|||58|||43|||0
==|||8|||58|||49|||0
+|||40|||58|||59|||0
++|||57|||58|||65|||0
>|||16|||59|||13|||0
:|||2|||59|||18|||0
%|||15|||59|||24|||0
!=|||7|||59|||26|||0
%|||16|||59|||30|||0
!=|||8|||59|||32|||0
++|||58|||59|||36|||0
=|||1|||0|||4|||1
=|||2|||1|||2|||1
=|||3|||1|||9|||1
=|||4|||2|||4|||1
=|||5|||3|||4|||1
=|||6|||4|||2|||1
=|||7|||4|||9|||1
*=|||1|||4|||20|||1
=|||8|||5|||4|||1
,|||1|||5|||7|||1
,|||2|||5|||9|||1
,|||3|||5|||11|||1
=|||9|||5|||21|||1
=|||10|||6|||4|||1
=|||11|||7|||2|||1
=|||12|||7|||9|||1
=|||13|||8|||2|||1
,|||5|||8|||4|||1
=|||14|||8|||6|||1
,|||6|||8|||8|||1
=|||15|||8|||15|||1
=|||16|||8|||39|||1
=|||17|||8|||45|||1
=|||18|||8|||49|||1
=|||19|||9|||2|||1
,|||7|||9|||4|||1
=|||20|||9|||6|||1
=|||21|||10|||2|||1
,|||8|||10|||4|||1
=|||22|||10|||6|||1
=|||23|||10|||21|||1
=|||24|||11|||2|||1
=|||25|||11|||12|||1
=|||26|||11|||34|||1
=|||27|||12|||2|||1
=|||28|||12|||12|||1
=|||29|||12|||34|||1
=|||30|||13|||2|||1
,|||9|||13|||4|||1
=|||31|||13|||6|||1
=|||32|||13|||19|||1
=|||33|||13|||23|||1
=|||34|||13|||29|||1
=|||35|||14|||2|||1
,|||12|||14|||4|||1
=|||36|||14|||6|||1
=|||37|||14|||13|||1
=|||38|||14|||34|||1
=|||39|||15|||4|||1
,|||13|||15|||6|||1
=|||40|||15|||22|||1
=|||41|||15|||32|||1
=|||42|||15|||54|||1
=|||43|||16|||2|||1
=|||44|||16|||9|||1
=|||45|||16|||16|||1
=|||46|||17|||2|||1
,|||14|||17|||4|||1
=|||47|||17|||6|||1
,|||15|||17|||8|||1
=|||48|||17|||10|||1
/=|||3|||17|||21|||1
=|||49|||17|||25|||1
=|||50|||18|||2|||1
,|||16|||18|||4|||1
=|||51|||18|||6|||1
,|||17|||18|||8|||1
=|||52|||18|||10|||1
=|||53|||18|||17|||1
*=|||2|||18|||28|||1
=|||54|||19|||2|||1
=|||55|||19|||11|||1
=|||56|||20|||4|||1
=|||57|||20|||22|||1
=|||58|||20|||55|||1
=|||59|||20|||65|||1
=|||60|||20|||79|||1
=|||61|||21|||4|||1
=|||62|||21|||21|||1
=|||63|||21|||28|||1
=|||64|||21|||55|||1
=|||65|||21|||60|||1
=|||66|||21|||70|||1
=|||67|||21|||80|||1
=|||68|||22|||4|||1
=|||69|||22|||19|||1
,|||18|||22|||24|||1
=|||70|||22|||26|||1
=|||71|||22|||50|||1
=|||72|||22|||63|||1
=|||73|||23|||4|||1
=|||74|||23|||17|||1
=|||75|||23|||24|||1
=|||76|||23|||48|||1
=|||77|||24|||2|||1
,|||19|||24|||4|||1
=|||78|||24|||6|||1
,|||20|||24|||8|||1
=|||79|||24|||10|||1
,|||21|||24|||12|||1
=|||80|||24|||14|||1
=|||81|||24|||21|||1
=|||82|||25|||2|||1
,|||22|||25|||4|||1
=|||83|||25|||6|||1
=|||84|||26|||2|||1
=|||85|||26|||11|||1
=|||86|||26|||18|||1
=|||87|||27|||2|||1
=|||88|||27|||11|||1
=|||89|||28|||4|||1
=|||90|||28|||17|||1
=|||91|||28|||24|||1
=|||92|||28|||45|||1
=|||93|||29|||2|||1
,|||23|||29|||4|||1
=|||94|||29|||6|||1
,|||24|||29|||8|||1
=|||95|||29|||10|||1
=|||96|||30|||2|||1
=|||97|||31|||2|||1
,|||25|||31|||4|||1
=|||98|||31|||6|||1
=|||99|||32|||2|||1
=|||100|||33|||2|||1
=|||101|||34|||2|||1
,|||26|||34|||4|||1
=|||102|||34|||6|||1
*=|||5|||34|||17|||1
=|||103|||35|||4|||1
,|||27|||35|||7|||1
,|||28|||35|||9|||1
,|||29|||35|||11|||1
=|||104|||35|||19|||1
=|||105|||36|||2|||1
=|||106|||37|||2|||1
,|||31|||37|||4|||1
=|||107|||37|||6|||1
=|||108|||38|||2|||1
,|||32|||38|||4|||1
=|||109|||38|||6|||1
,|||33|||38|||8|||1
,|||34|||38|||10|||1
=|||110|||38|||12|||1
=|||111|||38|||35|||1
=|||112|||38|||41|||1
=|||113|||38|||45|||1
=|||114|||39|||2|||1
,|||35|||39|||4|||1
=|||115|||39|||6|||1
/=|||5|||39|||20|||1
=|||116|||40|||2|||1
,|||36|||40|||4|||1
=|||117|||40|||6|||1
=|||118|||40|||17|||1
/=|||6|||40|||27|||1
=|||119|||41|||2|||1
,|||37|||41|||7|||1
=|||120|||41|||9|||1
=|||121|||41|||31|||1
=|||122|||42|||2|||1
,|||38|||42|||7|||1
=|||123|||42|||9|||1
=|||124|||42|||31|||1
=|||125|||43|||2|||1
,|||39|||43|||4|||1
=|||126|||43|||6|||1
,|||40|||43|||8|||1
=|||127|||43|||19|||1
=|||128|||43|||23|||1
=|||129|||43|||29|||1
=|||130|||44|||2|||1
,|||41|||44|||4|||1
=|||131|||44|||6|||1
,|||42|||44|||8|||1
=|||132|||44|||10|||1
=|||133|||44|||31|||1
=|||134|||45|||2|||1
,|||43|||45|||4|||1
=|||135|||45|||19|||1
=|||136|||45|||29|||1
=|||137|||45|||51|||1
=|||138|||46|||2|||1
=|||139|||46|||9|||1
,|||44|||46|||11|||1
=|||140|||46|||13|||1
=|||141|||47|||2|||1
,|||45|||47|||4|||1
=|||142|||47|||6|||1
,|||46|||47|||8|||1
=|||143|||47|||10|||1
=|||144|||47|||21|||1
/=|||7|||47|||31|||1
=|||145|||48|||2|||1
,|||47|||48|||4|||1
=|||146|||48|||6|||1
,|||48|||48|||8|||1
=|||147|||48|||10|||1
,|||49|||48|||12|||1
=|||148|||48|||14|||1
*=|||6|||48|||25|||1
=|||149|||49|||2|||1
=|||150|||49|||9|||1
=|||151|||50|||2|||1
=|||152|||50|||18|||1
=|||153|||50|||51|||1
=|||154|||50|||61|||1
=|||155|||50|||75|||1
=|||156|||51|||2|||1
=|||157|||51|||18|||1
,|||50|||51|||20|||1
=|||158|||51|||22|||1
=|||159|||51|||49|||1
=|||160|||51|||58|||1
=|||161|||51|||68|||1
=|||162|||51|||78|||1
=|||163|||52|||2|||1
=|||164|||52|||16|||1
,|||51|||52|||21|||1
=|||165|||52|||23|||1
=|||166|||52|||48|||1
=|||167|||52|||64|||1
=|||168|||53|||2|||1
=|||169|||53|||14|||1
,|||52|||53|||16|||1
=|||170|||53|||18|||1
=|||171|||53|||41|||1
=|||172|||54|||2|||1
,|||53|||54|||4|||1
=|||173|||54|||6|||1
,|||54|||54|||8|||1
=|||174|||54|||10|||1
,|||55|||54|||12|||1
=|||175|||54|||14|||1
,|||56|||54|||16|||1
=|||176|||54|||18|||1
*=|||7|||54|||29|||1
=|||177|||55|||2|||1
,|||57|||55|||4|||1
=|||178|||55|||6|||1
/=|||8|||55|||23|||1
=|||179|||56|||2|||1
=|||180|||56|||11|||1
,|||58|||56|||13|||1
=|||181|||56|||15|||1
=|||182|||57|||2|||1
=|||183|||57|||9|||1
=|||184|||58|||2|||1
=|||185|||58|||14|||1
,|||59|||58|||16|||1
=|||186|||58|||18|||1
=|||187|||58|||39|||1
=|||188|||59|||2|||1
,|||60|||59|||4|||1
=|||189|||59|||6|||1
,|||61|||59|||8|||1
=|||190|||59|||10|||1
)|||1|||0|||13|||2
.|||1|||0|||15|||2
.|||2|||0|||17|||2
print|||1|||0|||18|||2
(|||2|||0|||19|||2
"|||1|||0|||22|||2
"|||2|||0|||23|||2
)|||2|||0|||24|||2
)|||3|||1|||18|||2
)|||4|||2|||14|||2
.|||3|||2|||16|||2
.|||4|||2|||18|||2
print|||2|||2|||19|||2
(|||5|||2|||20|||2
"|||3|||2|||23|||2
"|||4|||2|||24|||2
)|||5|||2|||25|||2
)|||6|||3|||14|||2
.|||5|||3|||16|||2
.|||6|||3|||18|||2
print|||3|||3|||19|||2
(|||7|||3|||20|||2
"|||5|||3|||23|||2
"|||6|||3|||24|||2
)|||7|||3|||25|||2
)|||8|||4|||18|||2
]|||1|||5|||2|||2
{|||1|||5|||5|||2
,|||4|||5|||13|||2
}|||1|||5|||15|||2
)|||9|||5|||32|||2
.|||8|||5|||34|||2
.|||9|||5|||36|||2
print|||4|||5|||37|||2
(|||10|||5|||38|||2
]|||2|||5|||42|||2
"|||7|||5|||44|||2
"|||8|||5|||45|||2
)|||10|||5|||46|||2
)|||11|||6|||17|||2
.|||11|||6|||19|||2
.|||12|||6|||21|||2
print|||5|||6|||22|||2
(|||12|||6|||23|||2
]|||3|||6|||27|||2
"|||9|||6|||29|||2
"|||10|||6|||30|||2
)|||12|||6|||31|||2
)|||13|||7|||20|||2
]|||4|||7|||26|||2
)|||14|||8|||24|||2
{|||2|||8|||25|||2
.|||14|||8|||27|||2
.|||15|||8|||29|||2
print|||6|||8|||30|||2
(|||15|||8|||31|||2
"|||11|||8|||34|||2
"|||12|||8|||35|||2
)|||15|||8|||36|||2
}|||2|||8|||52|||2
)|||16|||9|||19|||2
)|||17|||10|||19|||2
]|||5|||11|||6|||2
)|||18|||11|||23|||2
if|||1|||11|||24|||2
]|||6|||11|||29|||2
)|||19|||11|||32|||2
]|||7|||11|||38|||2
]|||8|||12|||6|||2
)|||20|||12|||23|||2
if|||2|||12|||24|||2
]|||9|||12|||29|||2
)|||21|||12|||32|||2
]|||10|||12|||38|||2
,|||10|||13|||21|||2
,|||11|||13|||27|||2
)|||22|||13|||31|||2
)|||23|||14|||24|||2
if|||3|||14|||25|||2
)|||24|||14|||32|||2
)|||25|||15|||19|||2
{|||3|||15|||20|||2
]|||11|||15|||26|||2
]|||12|||15|||31|||2
]|||13|||15|||42|||2
]|||14|||15|||53|||2
}|||3|||15|||57|||2
"|||13|||16|||3|||2
hello|||1|||16|||4|||2
"|||14|||16|||5|||2
)|||26|||16|||25|||2
)|||27|||16|||29|||2
if|||4|||16|||30|||2
"|||15|||16|||32|||2
aeiou|||1|||16|||33|||2
"|||16|||16|||34|||2
.|||22|||16|||35|||2
(|||29|||16|||37|||2
)|||28|||16|||43|||2
)|||29|||16|||44|||2
)|||30|||16|||48|||2
)|||31|||17|||23|||2
)|||32|||18|||26|||2
"|||17|||19|||3|||2
abc|||1|||19|||4|||2
"|||18|||19|||5|||2
)|||33|||19|||20|||2
)|||34|||19|||24|||2
.|||25|||19|||26|||2
.|||26|||19|||28|||2
print|||7|||19|||29|||2
(|||35|||19|||30|||2
)|||35|||19|||33|||2
)|||36|||19|||39|||2
"|||19|||19|||41|||2
"|||20|||19|||42|||2
)|||37|||19|||43|||2
)|||38|||20|||17|||2
)|||39|||20|||37|||2
if|||5|||20|||38|||2
]|||15|||20|||43|||2
]|||16|||20|||50|||2
)|||40|||20|||51|||2
{|||4|||20|||52|||2
]|||17|||20|||59|||2
]|||18|||20|||64|||2
]|||19|||20|||71|||2
]|||20|||20|||78|||2
}|||4|||20|||82|||2
)|||41|||21|||17|||2
{|||5|||21|||18|||2
)|||42|||21|||41|||2
if|||6|||21|||42|||2
]|||21|||21|||47|||2
]|||22|||21|||52|||2
)|||43|||21|||53|||2
]|||23|||21|||64|||2
]|||24|||21|||69|||2
]|||25|||21|||74|||2
]|||26|||21|||79|||2
}|||5|||21|||83|||2
)|||44|||22|||15|||2
{|||6|||22|||16|||2
]|||27|||22|||23|||2
&&|||1|||22|||36|||2
]|||28|||22|||40|||2
)|||45|||22|||43|||2
]|||29|||22|||49|||2
]|||30|||22|||55|||2
]|||31|||22|||62|||2
}|||6|||22|||66|||2
)|||46|||23|||13|||2
{|||7|||23|||14|||2
)|||47|||23|||33|||2
{|||8|||23|||34|||2
.|||33|||23|||36|||2
.|||34|||23|||38|||2
print|||8|||23|||39|||2
(|||48|||23|||40|||2
"|||21|||23|||43|||2
"|||22|||23|||44|||2
)|||48|||23|||45|||2
(|||49|||23|||51|||2
)|||49|||23|||55|||2
(|||50|||23|||57|||2
)|||50|||23|||61|||2
}|||7|||23|||63|||2
.|||35|||23|||65|||2
.|||36|||23|||67|||2
println|||1|||23|||68|||2
(|||51|||23|||69|||2
)|||51|||23|||70|||2
}|||8|||23|||72|||2
)|||52|||24|||30|||2
{|||9|||24|||31|||2
*=|||3|||24|||33|||2
(|||53|||24|||34|||2
)|||53|||24|||38|||2
*=|||4|||24|||41|||2
(|||54|||24|||42|||2
)|||54|||24|||46|||2
}|||9|||24|||48|||2
.|||37|||24|||50|||2
.|||38|||24|||52|||2
print|||9|||24|||53|||2
(|||55|||24|||54|||2
)|||55|||24|||58|||2
)|||56|||25|||19|||2
"|||23|||26|||3|||2
Hello|||1|||26|||4|||2
world|||1|||26|||5|||2
Java|||1|||26|||6|||2
"|||24|||26|||7|||2
)|||57|||26|||27|||2
)|||58|||26|||31|||2
if|||7|||26|||32|||2
)|||59|||26|||39|||2
'|||1|||26|||41|||2
'|||2|||26|||42|||2
)|||60|||26|||43|||2
"|||25|||27|||3|||2
hello|||2|||27|||4|||2
"|||26|||27|||5|||2
)|||61|||27|||20|||2
)|||62|||27|||24|||2
.|||42|||27|||26|||2
.|||43|||27|||28|||2
print|||10|||27|||29|||2
(|||63|||27|||30|||2
)|||63|||27|||33|||2
(|||65|||27|||34|||2
)|||64|||27|||40|||2
)|||65|||27|||43|||2
)|||66|||27|||44|||2
)|||67|||28|||13|||2
{|||10|||28|||14|||2
)|||68|||28|||35|||2
if|||8|||28|||36|||2
)|||69|||28|||43|||2
if|||9|||28|||48|||2
)|||70|||28|||53|||2
.|||45|||28|||55|||2
.|||46|||28|||57|||2
print|||11|||28|||58|||2
(|||71|||28|||59|||2
"|||27|||28|||62|||2
"|||28|||28|||63|||2
)|||71|||28|||64|||2
}|||10|||28|||66|||2
)|||72|||29|||15|||2
?|||1|||29|||16|||2
|||||1|||29|||29|||2
)|||73|||29|||38|||2
.|||47|||29|||41|||2
.|||48|||29|||43|||2
print|||12|||29|||44|||2
(|||74|||29|||45|||2
)|||74|||29|||47|||2
)|||75|||30|||10|||2
{|||11|||30|||11|||2
.|||49|||30|||13|||2
.|||50|||30|||15|||2
print|||13|||30|||16|||2
(|||76|||30|||17|||2
"|||29|||30|||20|||2
"|||30|||30|||21|||2
)|||76|||30|||22|||2
}|||11|||30|||27|||2
)|||77|||31|||14|||2
{|||12|||31|||15|||2
}|||12|||31|||23|||2
)|||78|||32|||10|||2
{|||13|||32|||11|||2
.|||51|||32|||13|||2
.|||52|||32|||15|||2
print|||14|||32|||16|||2
(|||79|||32|||17|||2
"|||31|||32|||20|||2
"|||32|||32|||21|||2
)|||79|||32|||22|||2
}|||13|||32|||28|||2
)|||80|||33|||10|||2
{|||14|||33|||11|||2
.|||53|||33|||13|||2
.|||54|||33|||15|||2
print|||15|||33|||16|||2
(|||81|||33|||17|||2
"|||33|||33|||20|||2
"|||34|||33|||21|||2
)|||81|||33|||22|||2
}|||14|||33|||28|||2
)|||82|||34|||14|||2
{|||15|||34|||15|||2
}|||15|||34|||23|||2
]|||32|||35|||2|||2
{|||16|||35|||5|||2
,|||30|||35|||13|||2
}|||16|||35|||15|||2
)|||83|||35|||29|||2
{|||17|||35|||30|||2
.|||56|||35|||32|||2
.|||57|||35|||34|||2
print|||16|||35|||35|||2
(|||84|||35|||36|||2
]|||33|||35|||40|||2
"|||35|||35|||42|||2
"|||36|||35|||43|||2
)|||84|||35|||44|||2
}|||17|||35|||49|||2
)|||85|||36|||14|||2
{|||18|||36|||15|||2
.|||59|||36|||17|||2
.|||60|||36|||19|||2
print|||17|||36|||20|||2
(|||86|||36|||21|||2
]|||34|||36|||25|||2
"|||37|||36|||27|||2
"|||38|||36|||28|||2
)|||86|||36|||29|||2
}|||18|||36|||34|||2
)|||87|||37|||16|||2
{|||19|||37|||17|||2
]|||35|||37|||23|||2
}|||19|||37|||28|||2
)|||88|||38|||20|||2
{|||20|||38|||21|||2
.|||62|||38|||23|||2
.|||63|||38|||25|||2
print|||18|||38|||26|||2
(|||89|||38|||27|||2
"|||39|||38|||30|||2
"|||40|||38|||31|||2
)|||89|||38|||32|||2
}|||20|||38|||51|||2
)|||90|||39|||14|||2
{|||21|||39|||15|||2
}|||21|||39|||23|||2
)|||91|||40|||14|||2
{|||22|||40|||15|||2
}|||22|||40|||30|||2
]|||36|||41|||6|||2
)|||92|||41|||19|||2
{|||23|||41|||20|||2
if|||10|||41|||21|||2
]|||37|||41|||26|||2
)|||93|||41|||29|||2
]|||38|||41|||35|||2
}|||23|||41|||40|||2
]|||39|||42|||6|||2
)|||94|||42|||19|||2
{|||24|||42|||20|||2
if|||11|||42|||21|||2
]|||40|||42|||26|||2
)|||95|||42|||29|||2
]|||41|||42|||35|||2
}|||24|||42|||40|||2
)|||96|||43|||16|||2
{|||25|||43|||17|||2
}|||25|||43|||32|||2
)|||97|||44|||20|||2
{|||26|||44|||21|||2
if|||12|||44|||22|||2
)|||98|||44|||29|||2
}|||26|||44|||37|||2
)|||99|||45|||16|||2
{|||27|||45|||17|||2
]|||42|||45|||23|||2
]|||43|||45|||28|||2
]|||44|||45|||39|||2
]|||45|||45|||50|||2
}|||27|||45|||57|||2
"|||41|||46|||3|||2
hello|||3|||46|||4|||2
"|||42|||46|||5|||2
)|||100|||46|||24|||2
)|||101|||46|||25|||2
{|||28|||46|||26|||2
if|||13|||46|||27|||2
"|||43|||46|||29|||2
aeiou|||2|||46|||30|||2
"|||44|||46|||31|||2
.|||70|||46|||32|||2
(|||103|||46|||34|||2
)|||102|||46|||40|||2
)|||103|||46|||41|||2
)|||104|||46|||45|||2
}|||28|||46|||52|||2
)|||105|||47|||18|||2
{|||29|||47|||19|||2
}|||29|||47|||34|||2
)|||106|||48|||22|||2
{|||30|||48|||23|||2
}|||30|||48|||31|||2
"|||45|||49|||3|||2
abc|||2|||49|||4|||2
"|||46|||49|||5|||2
)|||107|||49|||20|||2
)|||108|||49|||21|||2
{|||31|||49|||22|||2
.|||73|||49|||24|||2
.|||74|||49|||26|||2
print|||19|||49|||27|||2
(|||109|||49|||28|||2
)|||109|||49|||31|||2
)|||110|||49|||37|||2
"|||47|||49|||39|||2
"|||48|||49|||40|||2
)|||111|||49|||41|||2
}|||31|||49|||46|||2
)|||112|||50|||14|||2
{|||32|||50|||15|||2
)|||113|||50|||32|||2
{|||33|||50|||33|||2
if|||14|||50|||34|||2
]|||46|||50|||39|||2
]|||47|||50|||46|||2
)|||114|||50|||47|||2
{|||34|||50|||48|||2
]|||48|||50|||55|||2
]|||49|||50|||60|||2
]|||50|||50|||67|||2
]|||51|||50|||74|||2
}|||32|||50|||78|||2
}|||33|||50|||82|||2
}|||34|||50|||86|||2
)|||115|||51|||14|||2
{|||35|||51|||15|||2
)|||116|||51|||34|||2
{|||36|||51|||35|||2
if|||15|||51|||36|||2
]|||52|||51|||41|||2
]|||53|||51|||46|||2
)|||117|||51|||47|||2
}|||35|||51|||55|||2
]|||54|||51|||62|||2
]|||55|||51|||67|||2
]|||56|||51|||72|||2
]|||57|||51|||77|||2
}|||36|||51|||84|||2
)|||118|||52|||12|||2
{|||37|||52|||13|||2
]|||58|||52|||20|||2
&&|||2|||52|||33|||2
]|||59|||52|||37|||2
)|||119|||52|||40|||2
{|||38|||52|||41|||2
]|||60|||52|||47|||2
]|||61|||52|||52|||2
}|||37|||52|||57|||2
]|||62|||52|||63|||2
}|||38|||52|||70|||2
)|||120|||53|||10|||2
{|||39|||53|||11|||2
)|||121|||53|||26|||2
{|||40|||53|||27|||2
.|||81|||53|||29|||2
.|||82|||53|||31|||2
print|||20|||53|||32|||2
(|||122|||53|||33|||2
"|||49|||53|||36|||2
"|||50|||53|||37|||2
)|||122|||53|||38|||2
(|||123|||53|||44|||2
)|||123|||53|||48|||2
(|||124|||53|||50|||2
)|||124|||53|||54|||2
}|||39|||53|||59|||2
.|||83|||53|||61|||2
.|||84|||53|||63|||2
println|||2|||53|||64|||2
(|||125|||53|||65|||2
)|||125|||53|||66|||2
}|||40|||53|||71|||2
)|||126|||54|||26|||2
{|||41|||54|||27|||2
(|||127|||54|||30|||2
)|||127|||54|||34|||2
*=|||8|||54|||37|||2
(|||128|||54|||38|||2
)|||128|||54|||42|||2
}|||41|||54|||47|||2
.|||85|||54|||49|||2
.|||86|||54|||51|||2
print|||21|||54|||52|||2
(|||129|||54|||53|||2
)|||129|||54|||57|||2
)|||130|||55|||14|||2
{|||42|||55|||15|||2
}|||42|||55|||26|||2
"|||51|||56|||3|||2
Hello|||2|||56|||4|||2
world|||2|||56|||5|||2
Java|||2|||56|||6|||2
"|||52|||56|||7|||2
)|||131|||56|||26|||2
)|||132|||56|||27|||2
{|||43|||56|||28|||2
if|||16|||56|||29|||2
)|||133|||56|||36|||2
'|||3|||56|||38|||2
'|||4|||56|||39|||2
)|||134|||56|||40|||2
}|||43|||56|||47|||2
"|||53|||57|||3|||2
hello|||4|||57|||4|||2
"|||54|||57|||5|||2
)|||135|||57|||20|||2
)|||136|||57|||21|||2
{|||44|||57|||22|||2
.|||90|||57|||24|||2
.|||91|||57|||26|||2
print|||22|||57|||27|||2
(|||137|||57|||28|||2
)|||137|||57|||31|||2
(|||139|||57|||32|||2
)|||138|||57|||38|||2
)|||139|||57|||41|||2
)|||140|||57|||42|||2
}|||44|||57|||47|||2
)|||141|||58|||10|||2
{|||45|||58|||11|||2
)|||142|||58|||28|||2
{|||46|||58|||29|||2
if|||17|||58|||30|||2
)|||143|||58|||37|||2
}|||45|||58|||45|||2
if|||18|||58|||46|||2
)|||144|||58|||51|||2
.|||93|||58|||53|||2
.|||94|||58|||55|||2
print|||23|||58|||56|||2
(|||145|||58|||57|||2
"|||55|||58|||60|||2
"|||56|||58|||61|||2
)|||145|||58|||62|||2
}|||46|||58|||67|||2
)|||146|||59|||15|||2
?|||2|||59|||16|||2
|||||2|||59|||28|||2
)|||147|||59|||34|||2
.|||95|||59|||39|||2
.|||96|||59|||41|||2
print|||24|||59|||42|||2
(|||148|||59|||43|||2
)|||148|||59|||45|||2
i|||1|||0|||3|||3
i|||2|||0|||7|||3
i|||3|||0|||11|||3
i|||4|||0|||20|||3
i|||5|||1|||8|||3
i|||6|||1|||12|||3
i|||7|||1|||16|||3
i|||8|||1|||21|||3
i|||9|||2|||3|||3
i|||10|||2|||7|||3
i|||11|||2|||11|||3
i|||12|||2|||21|||3
i|||13|||3|||3|||3
i|||14|||3|||7|||3
i|||15|||3|||11|||3
i|||16|||3|||21|||3
i|||17|||4|||8|||3
i|||18|||4|||12|||3
i|||19|||4|||16|||3
i|||20|||4|||21|||3
i|||21|||5|||20|||3
i|||22|||5|||24|||3
i|||23|||5|||30|||3
i|||24|||5|||41|||3
i|||25|||6|||3|||3
i|||26|||6|||11|||3
i|||27|||6|||15|||3
i|||28|||6|||26|||3
i|||29|||7|||8|||3
i|||30|||7|||12|||3
i|||31|||7|||18|||3
i|||32|||7|||25|||3
i|||33|||8|||14|||3
i|||34|||8|||18|||3
i|||35|||8|||22|||3
i|||36|||11|||11|||3
i|||37|||11|||15|||3
i|||38|||11|||21|||3
i|||39|||11|||28|||3
i|||40|||11|||37|||3
i|||41|||12|||11|||3
i|||42|||12|||15|||3
i|||43|||12|||21|||3
i|||44|||12|||28|||3
i|||45|||12|||37|||3
i|||46|||14|||12|||3
i|||47|||14|||16|||3
i|||48|||14|||22|||3
i|||49|||14|||29|||3
i|||50|||15|||3|||3
i|||51|||15|||9|||3
i|||52|||15|||17|||3
i|||53|||15|||25|||3
i|||54|||15|||30|||3
i|||55|||15|||39|||3
i|||56|||15|||50|||3
i|||57|||16|||15|||3
i|||58|||16|||19|||3
i|||59|||16|||27|||3
i|||60|||16|||42|||3
i|||61|||18|||16|||3
i|||62|||18|||20|||3
i|||63|||18|||24|||3
i|||64|||19|||10|||3
i|||65|||19|||14|||3
i|||66|||19|||22|||3
i|||67|||19|||38|||3
i|||68|||20|||3|||3
i|||69|||20|||7|||3
i|||70|||20|||15|||3
j|||1|||20|||21|||3
j|||2|||20|||25|||3
i|||71|||20|||31|||3
j|||3|||20|||35|||3
j|||4|||20|||42|||3
j|||5|||20|||47|||3
j|||6|||20|||58|||3
j|||7|||20|||63|||3
j|||8|||20|||68|||3
j|||9|||20|||75|||3
i|||72|||21|||3|||3
i|||73|||21|||7|||3
i|||74|||21|||15|||3
i|||75|||21|||22|||3
j|||10|||21|||27|||3
i|||76|||21|||29|||3
j|||11|||21|||33|||3
j|||12|||21|||39|||3
j|||13|||21|||46|||3
j|||14|||21|||56|||3
i|||77|||21|||63|||3
i|||78|||21|||68|||3
i|||79|||22|||3|||3
i|||80|||22|||7|||3
i|||81|||22|||13|||3
i|||82|||22|||22|||3
j|||15|||22|||25|||3
i|||83|||22|||27|||3
j|||16|||22|||33|||3
j|||17|||22|||39|||3
j|||18|||22|||46|||3
j|||19|||22|||53|||3
j|||20|||22|||59|||3
i|||84|||23|||3|||3
i|||85|||23|||7|||3
i|||86|||23|||11|||3
j|||21|||23|||23|||3
j|||22|||23|||27|||3
i|||87|||23|||29|||3
j|||23|||23|||31|||3
i|||88|||23|||52|||3
j|||24|||23|||54|||3
j|||25|||23|||58|||3
i|||89|||24|||20|||3
i|||90|||24|||24|||3
i|||91|||24|||28|||3
i|||92|||24|||37|||3
i|||93|||24|||43|||3
i|||94|||26|||17|||3
i|||95|||26|||21|||3
i|||96|||26|||29|||3
i|||97|||26|||38|||3
i|||98|||27|||10|||3
i|||99|||27|||14|||3
i|||100|||27|||22|||3
i|||101|||27|||39|||3
i|||102|||28|||3|||3
i|||103|||28|||7|||3
i|||104|||28|||11|||3
j|||26|||28|||23|||3
j|||27|||28|||27|||3
i|||105|||28|||29|||3
j|||28|||28|||33|||3
i|||106|||28|||38|||3
j|||29|||28|||40|||3
i|||107|||28|||60|||3
i|||108|||30|||1|||3
i|||109|||30|||7|||3
i|||110|||30|||18|||3
i|||111|||30|||24|||3
i|||112|||31|||5|||3
i|||113|||31|||11|||3
i|||114|||31|||18|||3
i|||115|||31|||20|||3
i|||116|||32|||1|||3
i|||117|||32|||7|||3
i|||118|||32|||18|||3
i|||119|||32|||24|||3
i|||120|||33|||1|||3
i|||121|||33|||7|||3
i|||122|||33|||18|||3
i|||123|||33|||24|||3
i|||124|||34|||5|||3
i|||125|||34|||11|||3
i|||126|||34|||18|||3
i|||127|||34|||20|||3
i|||128|||35|||18|||3
i|||129|||35|||24|||3
i|||130|||35|||39|||3
i|||131|||35|||46|||3
i|||132|||36|||1|||3
i|||133|||36|||11|||3
i|||134|||36|||24|||3
i|||135|||36|||31|||3
i|||136|||37|||5|||3
i|||137|||37|||11|||3
i|||138|||37|||22|||3
i|||139|||37|||25|||3
i|||140|||38|||11|||3
i|||141|||38|||17|||3
i|||142|||38|||48|||3
i|||143|||41|||8|||3
i|||144|||41|||14|||3
i|||145|||41|||25|||3
i|||146|||41|||34|||3
i|||147|||41|||37|||3
i|||148|||42|||8|||3
i|||149|||42|||14|||3
i|||150|||42|||25|||3
i|||151|||42|||34|||3
i|||152|||42|||37|||3
i|||153|||44|||9|||3
i|||154|||44|||15|||3
i|||155|||44|||26|||3
i|||156|||44|||34|||3
i|||157|||45|||1|||3
i|||158|||45|||9|||3
i|||159|||45|||22|||3
i|||160|||45|||27|||3
i|||161|||45|||36|||3
i|||162|||45|||47|||3
i|||163|||45|||54|||3
i|||164|||46|||12|||3
i|||165|||46|||18|||3
i|||166|||46|||39|||3
i|||167|||46|||49|||3
i|||168|||48|||13|||3
i|||169|||48|||19|||3
i|||170|||48|||28|||3
i|||171|||49|||8|||3
i|||172|||49|||14|||3
i|||173|||49|||36|||3
i|||174|||49|||43|||3
i|||175|||50|||1|||3
i|||176|||50|||7|||3
j|||30|||50|||17|||3
j|||31|||50|||23|||3
i|||177|||50|||29|||3
j|||32|||50|||38|||3
j|||33|||50|||43|||3
j|||34|||50|||54|||3
j|||35|||50|||59|||3
j|||36|||50|||64|||3
j|||37|||50|||71|||3
j|||38|||50|||79|||3
i|||178|||50|||83|||3
i|||179|||51|||1|||3
i|||180|||51|||7|||3
i|||181|||51|||19|||3
j|||39|||51|||21|||3
i|||182|||51|||23|||3
j|||40|||51|||29|||3
j|||41|||51|||40|||3
j|||42|||51|||50|||3
j|||43|||51|||52|||3
i|||183|||51|||61|||3
i|||184|||51|||66|||3
i|||185|||51|||81|||3
i|||186|||52|||1|||3
i|||187|||52|||7|||3
i|||188|||52|||19|||3
j|||44|||52|||22|||3
i|||189|||52|||24|||3
j|||45|||52|||30|||3
j|||46|||52|||36|||3
j|||47|||52|||44|||3
j|||48|||52|||51|||3
j|||49|||52|||54|||3
j|||50|||52|||60|||3
i|||190|||52|||67|||3
i|||191|||53|||1|||3
i|||192|||53|||7|||3
j|||51|||53|||17|||3
j|||52|||53|||23|||3
i|||193|||53|||25|||3
i|||194|||53|||45|||3
j|||53|||53|||47|||3
j|||54|||53|||51|||3
j|||55|||53|||56|||3
i|||195|||53|||68|||3
i|||196|||54|||17|||3
i|||197|||54|||23|||3
i|||198|||54|||33|||3
i|||199|||54|||39|||3
i|||200|||54|||44|||3
i|||201|||56|||14|||3
i|||202|||56|||20|||3
i|||203|||56|||35|||3
i|||204|||56|||44|||3
i|||205|||57|||8|||3
i|||206|||57|||14|||3
i|||207|||57|||37|||3
i|||208|||57|||44|||3
i|||209|||58|||1|||3
i|||210|||58|||7|||3
j|||56|||58|||17|||3
j|||57|||58|||23|||3
i|||211|||58|||25|||3
i|||212|||58|||32|||3
j|||58|||58|||34|||3
j|||59|||58|||42|||3
i|||213|||58|||58|||3
i|||214|||58|||64|||3
sum|||1|||1|||1|||4
sum|||2|||1|||19|||4
fact|||1|||4|||1|||4
fact|||2|||4|||19|||4
arr|||1|||5|||3|||4
arr|||2|||5|||26|||4
arr|||3|||5|||39|||4
arr|||4|||6|||5|||4
arr|||5|||6|||24|||4
sum|||3|||7|||1|||4
arr|||6|||7|||14|||4
sum|||4|||7|||21|||4
arr|||7|||7|||23|||4
a|||1|||8|||1|||4
b|||1|||8|||5|||4
c|||1|||8|||9|||4
a|||2|||8|||32|||4
c|||2|||8|||38|||4
a|||3|||8|||40|||4
b|||2|||8|||42|||4
a|||4|||8|||44|||4
b|||3|||8|||46|||4
b|||4|||8|||48|||4
c|||3|||8|||50|||4
num|||1|||9|||1|||4
count|||1|||9|||5|||4
num|||2|||9|||12|||4
num|||3|||9|||16|||4
count|||2|||9|||20|||4
rev|||1|||10|||1|||4
num|||4|||10|||5|||4
num|||5|||10|||12|||4
num|||6|||10|||16|||4
rev|||2|||10|||20|||4
rev|||3|||10|||22|||4
num|||7|||10|||26|||4
max|||1|||11|||1|||4
arr|||8|||11|||3|||4
arr|||9|||11|||17|||4
arr|||10|||11|||26|||4
max|||2|||11|||31|||4
max|||3|||11|||33|||4
arr|||11|||11|||35|||4
min|||1|||12|||1|||4
arr|||12|||12|||3|||4
arr|||13|||12|||17|||4
arr|||14|||12|||26|||4
min|||2|||12|||31|||4
min|||3|||12|||33|||4
arr|||15|||12|||35|||4
a|||5|||13|||1|||4
b|||5|||13|||5|||4
t|||1|||13|||12|||4
b|||6|||13|||14|||4
t|||2|||13|||18|||4
b|||7|||13|||20|||4
b|||8|||13|||22|||4
a|||6|||13|||24|||4
b|||9|||13|||26|||4
a|||7|||13|||28|||4
t|||3|||13|||30|||4
n|||1|||14|||1|||4
flag|||1|||14|||5|||4
n|||2|||14|||18|||4
n|||3|||14|||27|||4
flag|||2|||14|||33|||4
temp|||1|||15|||7|||4
arr|||16|||15|||11|||4
temp|||2|||15|||21|||4
arr|||17|||15|||23|||4
arr|||18|||15|||28|||4
arr|||19|||15|||33|||4
arr|||20|||15|||35|||4
arr|||21|||15|||44|||4
arr|||22|||15|||46|||4
temp|||3|||15|||55|||4
str|||1|||16|||1|||4
vc|||1|||16|||8|||4
str|||2|||16|||21|||4
str|||3|||16|||38|||4
vc|||2|||16|||49|||4
num|||8|||17|||1|||4
rev|||4|||17|||5|||4
temp|||4|||17|||9|||4
num|||9|||17|||11|||4
temp|||5|||17|||16|||4
temp|||6|||17|||20|||4
rev|||5|||17|||24|||4
rev|||6|||17|||26|||4
temp|||7|||17|||30|||4
x|||1|||18|||1|||4
y|||1|||18|||5|||4
res|||1|||18|||9|||4
y|||2|||18|||22|||4
res|||2|||18|||27|||4
x|||2|||18|||29|||4
s|||1|||19|||1|||4
s|||2|||19|||16|||4
s|||3|||19|||34|||4
arr|||23|||20|||9|||4
arr|||24|||20|||27|||4
arr|||25|||20|||40|||4
arr|||26|||20|||45|||4
t|||4|||20|||54|||4
arr|||27|||20|||56|||4
arr|||28|||20|||61|||4
arr|||29|||20|||66|||4
arr|||30|||20|||73|||4
t|||5|||20|||80|||4
arr|||31|||21|||9|||4
min|||4|||21|||20|||4
arr|||32|||21|||35|||4
arr|||33|||21|||44|||4
arr|||34|||21|||49|||4
min|||5|||21|||51|||4
min|||6|||21|||54|||4
t|||6|||21|||59|||4
arr|||35|||21|||61|||4
arr|||36|||21|||66|||4
arr|||37|||21|||71|||4
min|||7|||21|||73|||4
arr|||38|||21|||76|||4
min|||8|||21|||78|||4
t|||7|||21|||81|||4
arr|||39|||22|||9|||4
key|||1|||22|||18|||4
arr|||40|||22|||20|||4
arr|||41|||22|||37|||4
key|||2|||22|||42|||4
arr|||42|||22|||44|||4
arr|||43|||22|||51|||4
arr|||44|||22|||57|||4
key|||3|||22|||64|||4
c|||4|||23|||16|||4
c|||5|||23|||41|||4
c|||6|||23|||47|||4
c|||7|||23|||49|||4
n|||4|||24|||1|||4
r|||1|||24|||5|||4
num|||10|||24|||9|||4
den|||1|||24|||13|||4
r|||2|||24|||26|||4
num|||11|||24|||32|||4
n|||5|||24|||35|||4
den|||2|||24|||40|||4
num|||12|||24|||55|||4
den|||3|||24|||57|||4
num|||13|||25|||1|||4
sum|||5|||25|||5|||4
num|||14|||25|||12|||4
num|||15|||25|||16|||4
sum|||6|||25|||20|||4
num|||16|||25|||22|||4
str|||4|||26|||1|||4
wc|||1|||26|||10|||4
str|||5|||26|||23|||4
str|||6|||26|||34|||4
wc|||2|||26|||44|||4
str|||7|||27|||1|||4
str|||8|||27|||16|||4
char|||1|||27|||32|||4
str|||9|||27|||35|||4
f|||1|||28|||16|||4
f|||2|||28|||44|||4
f|||3|||28|||50|||4
a|||8|||29|||1|||4
b|||10|||29|||5|||4
lcm|||1|||29|||9|||4
a|||9|||29|||12|||4
b|||11|||29|||14|||4
a|||10|||29|||17|||4
b|||12|||29|||19|||4
lcm|||2|||29|||24|||4
a|||11|||29|||26|||4
lcm|||3|||29|||30|||4
b|||13|||29|||32|||4
lcm|||4|||29|||36|||4
lcm|||5|||29|||46|||4
sum|||7|||31|||1|||4
sum|||8|||31|||16|||4
fact|||3|||34|||1|||4
fact|||4|||34|||16|||4
arr|||45|||35|||3|||4
arr|||46|||35|||26|||4
arr|||47|||35|||37|||4
arr|||48|||36|||3|||4
arr|||49|||36|||22|||4
sum|||9|||37|||1|||4
arr|||50|||37|||13|||4
sum|||10|||37|||18|||4
arr|||51|||37|||20|||4
a|||12|||38|||1|||4
b|||14|||38|||5|||4
c|||8|||38|||9|||4
a|||13|||38|||28|||4
c|||9|||38|||34|||4
a|||14|||38|||36|||4
b|||15|||38|||38|||4
a|||15|||38|||40|||4
b|||16|||38|||42|||4
b|||17|||38|||44|||4
c|||10|||38|||46|||4
num|||17|||39|||1|||4
count|||3|||39|||5|||4
num|||18|||39|||11|||4
count|||4|||39|||16|||4
num|||19|||39|||19|||4
rev|||7|||40|||1|||4
num|||20|||40|||5|||4
num|||21|||40|||11|||4
rev|||8|||40|||16|||4
rev|||9|||40|||18|||4
num|||22|||40|||22|||4
num|||23|||40|||26|||4
max|||4|||41|||1|||4
arr|||52|||41|||3|||4
arr|||53|||41|||16|||4
arr|||54|||41|||23|||4
max|||5|||41|||28|||4
max|||6|||41|||30|||4
arr|||55|||41|||32|||4
min|||9|||42|||1|||4
arr|||56|||42|||3|||4
arr|||57|||42|||16|||4
arr|||58|||42|||23|||4
min|||10|||42|||28|||4
min|||11|||42|||30|||4
arr|||59|||42|||32|||4
a|||16|||43|||1|||4
b|||18|||43|||5|||4
t|||8|||43|||9|||4
b|||19|||43|||13|||4
t|||9|||43|||18|||4
b|||20|||43|||20|||4
b|||21|||43|||22|||4
a|||17|||43|||24|||4
b|||22|||43|||26|||4
a|||18|||43|||28|||4
t|||10|||43|||30|||4
n|||6|||44|||1|||4
flag|||3|||44|||5|||4
n|||7|||44|||17|||4
n|||8|||44|||24|||4
flag|||4|||44|||30|||4
temp|||8|||45|||5|||4
arr|||60|||45|||11|||4
temp|||9|||45|||18|||4
arr|||61|||45|||20|||4
arr|||62|||45|||25|||4
arr|||63|||45|||30|||4
arr|||64|||45|||32|||4
arr|||65|||45|||41|||4
arr|||66|||45|||43|||4
temp|||10|||45|||52|||4
str|||10|||46|||1|||4
vc|||3|||46|||8|||4
str|||11|||46|||20|||4
str|||12|||46|||35|||4
vc|||4|||46|||46|||4
num|||24|||47|||1|||4
rev|||10|||47|||5|||4
temp|||11|||47|||9|||4
num|||25|||47|||11|||4
temp|||12|||47|||15|||4
rev|||11|||47|||20|||4
rev|||12|||47|||22|||4
temp|||13|||47|||26|||4
temp|||14|||47|||30|||4
x|||3|||48|||1|||4
y|||3|||48|||5|||4
res|||3|||48|||9|||4
y|||4|||48|||21|||4
res|||4|||48|||24|||4
x|||4|||48|||26|||4
s|||4|||49|||1|||4
s|||5|||49|||16|||4
s|||6|||49|||32|||4
arr|||67|||50|||9|||4
arr|||68|||50|||25|||4
arr|||69|||50|||36|||4
arr|||70|||50|||41|||4
t|||11|||50|||50|||4
arr|||71|||50|||52|||4
arr|||72|||50|||57|||4
arr|||73|||50|||62|||4
arr|||74|||50|||69|||4
t|||12|||50|||76|||4
arr|||75|||51|||9|||4
min|||12|||51|||17|||4
arr|||76|||51|||31|||4
arr|||77|||51|||38|||4
arr|||78|||51|||43|||4
min|||13|||51|||45|||4
min|||14|||51|||48|||4
t|||13|||51|||57|||4
arr|||79|||51|||59|||4
arr|||80|||51|||64|||4
arr|||81|||51|||69|||4
min|||15|||51|||71|||4
arr|||82|||51|||74|||4
min|||16|||51|||76|||4
t|||14|||51|||79|||4
arr|||83|||52|||9|||4
key|||4|||52|||15|||4
arr|||84|||52|||17|||4
arr|||85|||52|||34|||4
key|||5|||52|||39|||4
arr|||86|||52|||42|||4
arr|||87|||52|||49|||4
arr|||88|||52|||58|||4
key|||6|||52|||65|||4
c|||11|||53|||13|||4
c|||12|||53|||34|||4
c|||13|||53|||40|||4
c|||14|||53|||42|||4
n|||9|||54|||1|||4
r|||3|||54|||5|||4
num|||26|||54|||9|||4
den|||4|||54|||13|||4
r|||4|||54|||25|||4
num|||27|||54|||28|||4
n|||10|||54|||31|||4
den|||5|||54|||36|||4
num|||28|||54|||54|||4
den|||6|||54|||56|||4
num|||29|||55|||1|||4
sum|||11|||55|||5|||4
num|||30|||55|||11|||4
sum|||12|||55|||16|||4
num|||31|||55|||18|||4
num|||32|||55|||22|||4
str|||13|||56|||1|||4
wc|||3|||56|||10|||4
str|||14|||56|||22|||4
str|||15|||56|||31|||4
wc|||4|||56|||41|||4
str|||16|||57|||1|||4
str|||17|||57|||16|||4
char|||2|||57|||30|||4
str|||18|||57|||33|||4
f|||4|||58|||13|||4
f|||5|||58|||38|||4
f|||6|||58|||48|||4
a|||19|||59|||1|||4
b|||23|||59|||5|||4
lcm|||6|||59|||9|||4
a|||20|||59|||12|||4
b|||24|||59|||14|||4
a|||21|||59|||17|||4
b|||25|||59|||19|||4
lcm|||7|||59|||23|||4
a|||22|||59|||25|||4
lcm|||8|||59|||29|||4
b|||26|||59|||31|||4
lcm|||9|||59|||35|||4
lcm|||10|||59|||44|||4
int|||1|||0|||2|||5
int|||2|||1|||0|||5
int|||3|||1|||7|||5
int|||4|||2|||2|||5
int|||5|||3|||2|||5
int|||6|||4|||0|||5
int|||7|||4|||7|||5
int|||8|||5|||0|||5
int|||9|||5|||19|||5
int|||10|||6|||2|||5
int|||11|||7|||0|||5
int|||12|||7|||7|||5
int|||13|||8|||0|||5
int|||14|||8|||13|||5
int|||15|||9|||0|||5
int|||16|||10|||0|||5
int|||17|||11|||0|||5
int|||18|||11|||10|||5
int|||19|||12|||0|||5
int|||20|||12|||10|||5
int|||21|||13|||0|||5
int|||22|||13|||11|||5
int|||23|||14|||0|||5
int|||24|||14|||11|||5
int|||25|||15|||2|||5
String|||1|||16|||0|||5
int|||26|||16|||7|||5
int|||27|||16|||14|||5
int|||28|||17|||0|||5
int|||29|||18|||0|||5
int|||30|||18|||15|||5
String|||2|||19|||0|||5
int|||31|||19|||9|||5
int|||32|||19|||32|||5
int|||33|||20|||2|||5
int|||34|||20|||20|||5
int|||35|||20|||53|||5
int|||36|||21|||2|||5
int|||37|||21|||19|||5
int|||38|||21|||26|||5
int|||39|||21|||58|||5
int|||40|||22|||2|||5
int|||41|||22|||17|||5
int|||42|||23|||2|||5
int|||43|||23|||15|||5
int|||44|||23|||22|||5
int|||45|||24|||0|||5
int|||46|||24|||19|||5
int|||47|||25|||0|||5
String|||3|||26|||0|||5
int|||48|||26|||9|||5
int|||49|||26|||16|||5
String|||4|||27|||0|||5
int|||50|||27|||9|||5
int|||51|||28|||2|||5
int|||52|||28|||15|||5
int|||53|||28|||22|||5
int|||54|||29|||0|||5
int|||55|||30|||0|||5
int|||56|||31|||0|||5
int|||57|||32|||0|||5
int|||58|||33|||0|||5
int|||59|||34|||0|||5
int|||60|||35|||0|||5
int|||61|||35|||17|||5
int|||62|||36|||0|||5
int|||63|||37|||0|||5
int|||64|||38|||0|||5
int|||65|||39|||0|||5
int|||66|||40|||0|||5
int|||67|||41|||0|||5
int|||68|||42|||0|||5
int|||69|||43|||0|||5
int|||70|||44|||0|||5
int|||71|||45|||0|||5
String|||5|||46|||0|||5
int|||72|||46|||7|||5
int|||73|||47|||0|||5
int|||74|||48|||0|||5
String|||6|||49|||0|||5
int|||75|||49|||7|||5
int|||76|||49|||30|||5
int|||77|||50|||0|||5
int|||78|||50|||16|||5
int|||79|||50|||49|||5
int|||80|||51|||0|||5
int|||81|||51|||16|||5
int|||82|||51|||56|||5
int|||83|||52|||0|||5
int|||84|||52|||14|||5
int|||85|||53|||0|||5
int|||86|||53|||12|||5
int|||87|||54|||0|||5
int|||88|||55|||0|||5
String|||7|||56|||0|||5
int|||89|||56|||9|||5
String|||8|||57|||0|||5
int|||90|||57|||7|||5
int|||91|||58|||0|||5
int|||92|||58|||12|||5
int|||93|||59|||0|||5
for|||1|||0|||0|||6
(|||1|||0|||1|||6
for|||2|||1|||5|||6
(|||3|||1|||6|||6
for|||3|||2|||0|||6
(|||4|||2|||1|||6
for|||4|||3|||0|||6
(|||6|||3|||1|||6
for|||5|||4|||5|||6
(|||8|||4|||6|||6
for|||6|||5|||17|||6
(|||9|||5|||18|||6
for|||7|||6|||0|||6
(|||11|||6|||1|||6
for|||8|||7|||5|||6
(|||13|||7|||6|||6
for|||9|||8|||11|||6
(|||14|||8|||12|||6
for|||10|||9|||9|||6
(|||16|||9|||10|||6
for|||11|||10|||9|||6
(|||17|||10|||10|||6
for|||12|||11|||8|||6
(|||18|||11|||9|||6
(|||19|||11|||25|||6
for|||13|||12|||8|||6
(|||20|||12|||9|||6
(|||21|||12|||25|||6
for|||14|||13|||9|||6
(|||22|||13|||10|||6
for|||15|||14|||9|||6
(|||23|||14|||10|||6
(|||24|||14|||26|||6
for|||16|||15|||0|||6
(|||25|||15|||1|||6
for|||17|||16|||12|||6
(|||26|||16|||13|||6
(|||28|||16|||31|||6
for|||18|||17|||13|||6
(|||31|||17|||14|||6
for|||19|||18|||13|||6
(|||32|||18|||14|||6
for|||20|||19|||7|||6
(|||33|||19|||8|||6
for|||21|||20|||0|||6
(|||38|||20|||1|||6
for|||22|||20|||18|||6
(|||39|||20|||19|||6
(|||40|||20|||39|||6
for|||23|||21|||0|||6
(|||41|||21|||1|||6
for|||24|||21|||24|||6
(|||42|||21|||25|||6
(|||43|||21|||43|||6
for|||25|||22|||0|||6
(|||44|||22|||1|||6
while|||1|||22|||31|||6
(|||45|||22|||32|||6
for|||26|||23|||0|||6
(|||46|||23|||1|||6
for|||27|||23|||20|||6
(|||47|||23|||21|||6
for|||28|||24|||17|||6
(|||52|||24|||18|||6
for|||29|||25|||9|||6
(|||56|||25|||10|||6
for|||30|||26|||14|||6
(|||57|||26|||15|||6
(|||59|||26|||33|||6
for|||31|||27|||7|||6
(|||61|||27|||8|||6
for|||32|||28|||0|||6
(|||67|||28|||1|||6
for|||33|||28|||20|||6
(|||68|||28|||21|||6
(|||69|||28|||37|||6
(|||70|||28|||49|||6
(|||72|||29|||11|||6
for|||34|||29|||21|||6
(|||73|||29|||22|||6
while|||2|||30|||5|||6
(|||75|||30|||6|||6
while|||3|||31|||9|||6
(|||77|||31|||10|||6
while|||4|||32|||5|||6
(|||78|||32|||6|||6
while|||5|||33|||5|||6
(|||80|||33|||6|||6
while|||6|||34|||9|||6
(|||82|||34|||10|||6
while|||7|||35|||22|||6
(|||83|||35|||23|||6
while|||8|||36|||9|||6
(|||85|||36|||10|||6
while|||9|||37|||9|||6
(|||87|||37|||10|||6
while|||10|||38|||15|||6
(|||88|||38|||16|||6
while|||11|||39|||9|||6
(|||90|||39|||10|||6
while|||12|||40|||9|||6
(|||91|||40|||10|||6
while|||13|||41|||12|||6
(|||92|||41|||13|||6
(|||93|||41|||22|||6
while|||14|||42|||12|||6
(|||94|||42|||13|||6
(|||95|||42|||22|||6
while|||15|||43|||11|||6
(|||96|||43|||12|||6
while|||16|||44|||13|||6
(|||97|||44|||14|||6
(|||98|||44|||23|||6
while|||17|||45|||7|||6
(|||99|||45|||8|||6
while|||18|||46|||16|||6
(|||100|||46|||17|||6
(|||102|||46|||28|||6
while|||19|||47|||13|||6
(|||105|||47|||14|||6
while|||20|||48|||17|||6
(|||106|||48|||18|||6
while|||21|||49|||12|||6
(|||107|||49|||13|||6
while|||22|||50|||5|||6
(|||112|||50|||6|||6
while|||23|||50|||21|||6
(|||113|||50|||22|||6
(|||114|||50|||35|||6
while|||24|||51|||5|||6
(|||115|||51|||6|||6
while|||25|||51|||27|||6
(|||116|||51|||28|||6
(|||117|||51|||37|||6
while|||26|||52|||5|||6
(|||118|||52|||6|||6
while|||27|||52|||28|||6
(|||119|||52|||29|||6
while|||28|||53|||5|||6
(|||120|||53|||6|||6
while|||29|||53|||21|||6
(|||121|||53|||22|||6
while|||30|||54|||21|||6
(|||126|||54|||22|||6
while|||31|||55|||9|||6
(|||130|||55|||10|||6
while|||32|||56|||18|||6
(|||131|||56|||19|||6
(|||133|||56|||30|||6
while|||33|||57|||12|||6
(|||135|||57|||13|||6
while|||34|||58|||5|||6
(|||141|||58|||6|||6
while|||35|||58|||21|||6
(|||142|||58|||22|||6
(|||143|||58|||31|||6
(|||144|||58|||47|||6
(|||146|||59|||11|||6
while|||36|||59|||21|||6
(|||147|||59|||22|||6
;|||1|||0|||6|||7
;|||2|||0|||10|||7
;|||3|||0|||25|||7
;|||4|||1|||4|||7
;|||5|||1|||11|||7
;|||6|||1|||15|||7
;|||7|||1|||22|||7
;|||8|||2|||6|||7
;|||9|||2|||10|||7
;|||10|||2|||26|||7
;|||11|||3|||6|||7
;|||12|||3|||10|||7
;|||13|||3|||26|||7
;|||14|||4|||4|||7
;|||15|||4|||11|||7
;|||16|||4|||15|||7
;|||17|||4|||22|||7
;|||18|||5|||16|||7
;|||19|||5|||23|||7
;|||20|||5|||29|||7
;|||21|||5|||47|||7
;|||22|||6|||10|||7
;|||23|||6|||14|||7
;|||24|||6|||32|||7
;|||25|||7|||4|||7
;|||26|||7|||11|||7
;|||27|||7|||17|||7
;|||28|||7|||27|||7
;|||29|||8|||10|||7
;|||30|||8|||17|||7
;|||31|||8|||21|||7
;|||32|||8|||37|||7
;|||33|||8|||43|||7
;|||34|||8|||47|||7
;|||35|||8|||51|||7
;|||36|||9|||8|||7
;|||37|||9|||11|||7
;|||38|||9|||15|||7
;|||39|||9|||22|||7
;|||40|||10|||8|||7
;|||41|||10|||11|||7
;|||42|||10|||15|||7
;|||43|||10|||29|||7
;|||44|||11|||7|||7
;|||45|||11|||14|||7
;|||46|||11|||20|||7
;|||47|||11|||39|||7
;|||48|||12|||7|||7
;|||49|||12|||14|||7
;|||50|||12|||20|||7
;|||51|||12|||39|||7
;|||52|||13|||8|||7
;|||53|||13|||13|||7
;|||54|||13|||17|||7
;|||55|||13|||32|||7
;|||56|||14|||8|||7
;|||57|||14|||15|||7
;|||58|||14|||21|||7
;|||59|||14|||36|||7
;|||60|||15|||8|||7
;|||61|||15|||16|||7
;|||62|||15|||27|||7
;|||63|||15|||43|||7
;|||64|||15|||56|||7
;|||65|||16|||6|||7
;|||66|||16|||11|||7
;|||67|||16|||18|||7
;|||68|||16|||26|||7
;|||69|||16|||51|||7
;|||70|||17|||12|||7
;|||71|||17|||15|||7
;|||72|||17|||19|||7
;|||73|||17|||33|||7
;|||74|||18|||12|||7
;|||75|||18|||19|||7
;|||76|||18|||23|||7
;|||77|||18|||30|||7
;|||78|||19|||6|||7
;|||79|||19|||13|||7
;|||80|||19|||21|||7
;|||81|||19|||44|||7
;|||82|||20|||6|||7
;|||83|||20|||14|||7
;|||84|||20|||24|||7
;|||85|||20|||34|||7
;|||86|||20|||60|||7
;|||87|||20|||72|||7
;|||88|||20|||81|||7
;|||89|||21|||6|||7
;|||90|||21|||14|||7
;|||91|||21|||23|||7
;|||92|||21|||32|||7
;|||93|||21|||38|||7
;|||94|||21|||57|||7
;|||95|||21|||65|||7
;|||96|||21|||75|||7
;|||97|||21|||82|||7
;|||98|||22|||6|||7
;|||99|||22|||12|||7
;|||100|||22|||30|||7
;|||101|||22|||56|||7
;|||102|||22|||65|||7
;|||103|||23|||6|||7
;|||104|||23|||10|||7
;|||105|||23|||19|||7
;|||106|||23|||26|||7
;|||107|||23|||30|||7
;|||108|||23|||46|||7
;|||109|||23|||62|||7
;|||110|||23|||71|||7
;|||111|||24|||16|||7
;|||112|||24|||23|||7
;|||113|||24|||27|||7
;|||114|||24|||39|||7
;|||115|||24|||47|||7
;|||116|||24|||59|||7
;|||117|||25|||8|||7
;|||118|||25|||11|||7
;|||119|||25|||15|||7
;|||120|||25|||25|||7
;|||121|||26|||8|||7
;|||122|||26|||13|||7
;|||123|||26|||20|||7
;|||124|||26|||28|||7
;|||125|||26|||46|||7
;|||126|||27|||6|||7
;|||127|||27|||13|||7
;|||128|||27|||21|||7
;|||129|||27|||45|||7
;|||130|||28|||6|||7
;|||131|||28|||10|||7
;|||132|||28|||19|||7
;|||133|||28|||26|||7
;|||134|||28|||32|||7
;|||135|||28|||47|||7
;|||136|||28|||65|||7
;|||137|||29|||20|||7
;|||138|||29|||23|||7
;|||139|||29|||35|||7
;|||140|||29|||39|||7
;|||141|||29|||48|||7
;|||142|||30|||4|||7
;|||143|||30|||23|||7
;|||144|||30|||26|||7
;|||145|||31|||8|||7
;|||146|||31|||19|||7
;|||147|||31|||22|||7
;|||148|||32|||4|||7
;|||149|||32|||23|||7
;|||150|||32|||27|||7
;|||151|||33|||4|||7
;|||152|||33|||23|||7
;|||153|||33|||27|||7
;|||154|||34|||8|||7
;|||155|||34|||19|||7
;|||156|||34|||22|||7
;|||157|||35|||16|||7
;|||158|||35|||21|||7
;|||159|||35|||45|||7
;|||160|||35|||48|||7
;|||161|||36|||8|||7
;|||162|||36|||30|||7
;|||163|||36|||33|||7
;|||164|||37|||8|||7
;|||165|||37|||24|||7
;|||166|||37|||27|||7
;|||167|||38|||14|||7
;|||168|||38|||33|||7
;|||169|||38|||39|||7
;|||170|||38|||43|||7
;|||171|||38|||47|||7
;|||172|||38|||50|||7
;|||173|||39|||8|||7
;|||174|||39|||18|||7
;|||175|||39|||22|||7
;|||176|||40|||8|||7
;|||177|||40|||25|||7
;|||178|||40|||29|||7
;|||179|||41|||11|||7
;|||180|||41|||36|||7
;|||181|||41|||39|||7
;|||182|||42|||11|||7
;|||183|||42|||36|||7
;|||184|||42|||39|||7
;|||185|||43|||10|||7
;|||186|||43|||21|||7
;|||187|||43|||27|||7
;|||188|||43|||31|||7
;|||189|||44|||12|||7
;|||190|||44|||33|||7
;|||191|||44|||36|||7
;|||192|||45|||6|||7
;|||193|||45|||24|||7
;|||194|||45|||40|||7
;|||195|||45|||53|||7
;|||196|||45|||56|||7
;|||197|||46|||6|||7
;|||198|||46|||15|||7
;|||199|||46|||48|||7
;|||200|||46|||51|||7
;|||201|||47|||12|||7
;|||202|||47|||29|||7
;|||203|||47|||33|||7
;|||204|||48|||16|||7
;|||205|||48|||27|||7
;|||206|||48|||30|||7
;|||207|||49|||6|||7
;|||208|||49|||11|||7
;|||209|||49|||42|||7
;|||210|||49|||45|||7
;|||211|||50|||4|||7
;|||212|||50|||20|||7
;|||213|||50|||56|||7
;|||214|||50|||68|||7
;|||215|||50|||77|||7
;|||216|||50|||81|||7
;|||217|||50|||85|||7
;|||218|||51|||4|||7
;|||219|||51|||26|||7
;|||220|||51|||51|||7
;|||221|||51|||54|||7
;|||222|||51|||63|||7
;|||223|||51|||73|||7
;|||224|||51|||80|||7
;|||225|||51|||83|||7
;|||226|||52|||4|||7
;|||227|||52|||27|||7
;|||228|||52|||53|||7
;|||229|||52|||56|||7
;|||230|||52|||66|||7
;|||231|||52|||69|||7
;|||232|||53|||4|||7
;|||233|||53|||20|||7
;|||234|||53|||39|||7
;|||235|||53|||55|||7
;|||236|||53|||58|||7
;|||237|||53|||67|||7
;|||238|||53|||70|||7
;|||239|||54|||20|||7
;|||240|||54|||35|||7
;|||241|||54|||43|||7
;|||242|||54|||46|||7
;|||243|||54|||58|||7
;|||244|||55|||8|||7
;|||245|||55|||21|||7
;|||246|||55|||25|||7
;|||247|||56|||8|||7
;|||248|||56|||17|||7
;|||249|||56|||43|||7
;|||250|||56|||46|||7
;|||251|||57|||6|||7
;|||252|||57|||11|||7
;|||253|||57|||43|||7
;|||254|||57|||46|||7
;|||255|||58|||4|||7
;|||256|||58|||20|||7
;|||257|||58|||41|||7
;|||258|||58|||44|||7
;|||259|||58|||63|||7
;|||260|||58|||66|||7
;|||261|||59|||20|||7
;|||262|||59|||37|||7
System|||1|||0|||14|||8
out|||1|||0|||16|||8
System|||2|||2|||15|||8
out|||2|||2|||17|||8
System|||3|||3|||15|||8
out|||3|||3|||17|||8
System|||4|||5|||33|||8
out|||4|||5|||35|||8
System|||5|||6|||18|||8
out|||5|||6|||20|||8
System|||6|||8|||26|||8
out|||6|||8|||28|||8
System|||7|||19|||25|||8
out|||7|||19|||27|||8
System|||8|||23|||35|||8
out|||8|||23|||37|||8
System|||9|||23|||64|||8
out|||9|||23|||66|||8
System|||10|||24|||49|||8
out|||10|||24|||51|||8
System|||11|||27|||25|||8
out|||11|||27|||27|||8
System|||12|||28|||54|||8
out|||12|||28|||56|||8
System|||13|||29|||40|||8
out|||13|||29|||42|||8
System|||14|||30|||12|||8
out|||14|||30|||14|||8
System|||15|||32|||12|||8
out|||15|||32|||14|||8
System|||16|||33|||12|||8
out|||16|||33|||14|||8
System|||17|||35|||31|||8
out|||17|||35|||33|||8
System|||18|||36|||16|||8
out|||18|||36|||18|||8
System|||19|||38|||22|||8
out|||19|||38|||24|||8
System|||20|||49|||23|||8
out|||20|||49|||25|||8
System|||21|||53|||28|||8
out|||21|||53|||30|||8
System|||22|||53|||60|||8
out|||22|||53|||62|||8
System|||23|||54|||48|||8
out|||23|||54|||50|||8
System|||24|||57|||23|||8
out|||24|||57|||25|||8
System|||25|||58|||52|||8
out|||25|||58|||54|||8
System|||26|||59|||38|||8
out|||26|||59|||40|||8
1|||1|||0|||5|||9
5|||1|||0|||9|||9
0|||1|||1|||3|||9
1|||2|||1|||10|||9
5|||2|||1|||14|||9
2|||1|||2|||5|||9
10|||1|||2|||9|||9
2|||2|||2|||13|||9
1|||3|||3|||5|||9
10|||2|||3|||9|||9
2|||3|||3|||13|||9
1|||4|||4|||3|||9
1|||5|||4|||10|||9
5|||3|||4|||14|||9
1|||6|||5|||6|||9
2|||4|||5|||8|||9
3|||1|||5|||10|||9
4|||1|||5|||12|||9
5|||4|||5|||14|||9
0|||2|||5|||22|||9
1|||7|||6|||9|||9
0|||3|||6|||13|||9
0|||4|||7|||3|||9
0|||5|||7|||10|||9
0|||6|||8|||3|||9
1|||8|||8|||7|||9
0|||7|||8|||16|||9
5|||5|||8|||20|||9
12345|||1|||9|||3|||9
0|||8|||9|||7|||9
0|||9|||9|||14|||9
10|||3|||9|||18|||9
0|||10|||10|||3|||9
1234|||1|||10|||7|||9
0|||11|||10|||14|||9
10|||4|||10|||18|||9
10|||5|||10|||24|||9
10|||6|||10|||28|||9
0|||12|||11|||5|||9
1|||9|||11|||13|||9
0|||13|||12|||5|||9
1|||10|||12|||13|||9
24|||1|||13|||3|||9
36|||1|||13|||7|||9
0|||14|||13|||16|||9
17|||1|||14|||3|||9
1|||11|||14|||7|||9
2|||5|||14|||14|||9
2|||6|||14|||20|||9
0|||15|||14|||31|||9
0|||16|||14|||35|||9
0|||17|||15|||5|||9
2|||7|||15|||15|||9
1|||12|||15|||41|||9
1|||13|||15|||52|||9
0|||18|||16|||10|||9
0|||19|||16|||17|||9
1|||14|||16|||47|||9
121|||1|||17|||3|||9
0|||20|||17|||7|||9
0|||21|||17|||18|||9
10|||7|||17|||22|||9
10|||8|||17|||28|||9
10|||9|||17|||32|||9
2|||8|||18|||3|||9
3|||2|||18|||7|||9
1|||15|||18|||11|||9
0|||22|||18|||18|||9
0|||23|||19|||12|||9
0|||24|||20|||5|||9
1|||16|||20|||13|||9
0|||25|||20|||23|||9
1|||17|||20|||33|||9
1|||18|||20|||49|||9
1|||19|||20|||70|||9
1|||20|||20|||77|||9
0|||26|||21|||5|||9
1|||21|||21|||13|||9
1|||22|||21|||31|||9
1|||23|||22|||5|||9
1|||24|||22|||29|||9
0|||27|||22|||35|||9
1|||25|||22|||48|||9
1|||26|||22|||61|||9
0|||28|||23|||5|||9
5|||6|||23|||9|||9
1|||27|||23|||18|||9
0|||29|||23|||25|||9
1|||28|||23|||60|||9
5|||7|||24|||3|||9
2|||9|||24|||7|||9
1|||29|||24|||11|||9
1|||30|||24|||15|||9
0|||30|||24|||22|||9
1|||31|||24|||45|||9
123|||1|||25|||3|||9
0|||31|||25|||7|||9
0|||32|||25|||14|||9
10|||10|||25|||18|||9
10|||11|||25|||24|||9
1|||32|||26|||12|||9
0|||33|||26|||19|||9
0|||34|||27|||12|||9
32|||1|||27|||42|||9
2|||10|||28|||5|||9
50|||1|||28|||9|||9
1|||33|||28|||18|||9
2|||11|||28|||25|||9
2|||12|||28|||31|||9
0|||35|||28|||42|||9
0|||36|||28|||46|||9
1|||34|||28|||52|||9
12|||1|||29|||3|||9
18|||1|||29|||7|||9
0|||37|||29|||28|||9
0|||38|||29|||34|||9
1|||35|||30|||3|||9
5|||8|||30|||9|||9
0|||39|||31|||3|||9
1|||36|||31|||7|||9
5|||9|||31|||13|||9
2|||13|||32|||3|||9
10|||12|||32|||9|||9
2|||14|||32|||26|||9
1|||37|||33|||3|||9
10|||13|||33|||9|||9
2|||15|||33|||26|||9
1|||38|||34|||3|||9
1|||39|||34|||7|||9
5|||10|||34|||13|||9
1|||40|||35|||6|||9
2|||16|||35|||8|||9
3|||3|||35|||10|||9
4|||2|||35|||12|||9
5|||11|||35|||14|||9
0|||40|||35|||20|||9
1|||41|||36|||7|||9
0|||41|||36|||13|||9
0|||42|||37|||3|||9
0|||43|||37|||7|||9
0|||44|||38|||3|||9
1|||42|||38|||7|||9
0|||45|||38|||13|||9
5|||12|||38|||19|||9
12345|||2|||39|||3|||9
0|||46|||39|||7|||9
0|||47|||39|||13|||9
10|||14|||39|||21|||9
0|||48|||40|||3|||9
1234|||2|||40|||7|||9
0|||49|||40|||13|||9
10|||15|||40|||20|||9
10|||16|||40|||24|||9
10|||17|||40|||28|||9
0|||50|||41|||5|||9
1|||43|||41|||10|||9
0|||51|||42|||5|||9
1|||44|||42|||10|||9
24|||2|||43|||3|||9
36|||2|||43|||7|||9
0|||52|||43|||15|||9
17|||2|||44|||3|||9
1|||45|||44|||7|||9
2|||17|||44|||11|||9
2|||18|||44|||19|||9
0|||53|||44|||28|||9
0|||54|||44|||32|||9
0|||55|||45|||3|||9
2|||19|||45|||15|||9
1|||46|||45|||38|||9
1|||47|||45|||49|||9
0|||56|||46|||10|||9
0|||57|||46|||14|||9
1|||48|||46|||44|||9
121|||2|||47|||3|||9
0|||58|||47|||7|||9
0|||59|||47|||17|||9
10|||18|||47|||24|||9
10|||19|||47|||28|||9
10|||20|||47|||32|||9
2|||20|||48|||3|||9
3|||4|||48|||7|||9
1|||49|||48|||11|||9
0|||60|||48|||15|||9
0|||61|||49|||10|||9
0|||62|||50|||3|||9
1|||50|||50|||13|||9
0|||63|||50|||19|||9
1|||51|||50|||31|||9
1|||52|||50|||45|||9
1|||53|||50|||66|||9
1|||54|||50|||73|||9
0|||64|||51|||3|||9
1|||55|||51|||13|||9
1|||56|||51|||25|||9
1|||57|||52|||3|||9
1|||58|||52|||26|||9
0|||65|||52|||32|||9
1|||59|||52|||46|||9
1|||60|||52|||62|||9
0|||66|||53|||3|||9
5|||13|||53|||9|||9
1|||61|||53|||15|||9
0|||67|||53|||19|||9
1|||62|||53|||53|||9
5|||14|||54|||3|||9
2|||21|||54|||7|||9
1|||63|||54|||11|||9
1|||64|||54|||15|||9
0|||68|||54|||19|||9
1|||65|||54|||41|||9
123|||2|||55|||3|||9
0|||69|||55|||7|||9
0|||70|||55|||13|||9
10|||21|||55|||20|||9
10|||22|||55|||24|||9
1|||66|||56|||12|||9
0|||71|||56|||16|||9
0|||72|||57|||10|||9
32|||2|||57|||40|||9
2|||22|||58|||3|||9
50|||2|||58|||9|||9
1|||67|||58|||15|||9
2|||23|||58|||19|||9
2|||24|||58|||27|||9
0|||73|||58|||36|||9
0|||74|||58|||40|||9
1|||68|||58|||50|||9
12|||2|||59|||3|||9
18|||2|||59|||7|||9
0|||75|||59|||27|||9
0|||76|||59|||33|||9
