System|||1|||0|||14|||0
.|||1|||0|||15|||0
out|||1|||0|||16|||0
.|||2|||0|||17|||0
print|||1|||0|||18|||0
(|||2|||0|||19|||0
"|||1|||0|||22|||0
"|||2|||0|||23|||0
System|||2|||2|||15|||0
.|||3|||2|||16|||0
out|||2|||2|||17|||0
.|||4|||2|||18|||0
print|||2|||2|||19|||0
(|||5|||2|||20|||0
"|||3|||2|||23|||0
"|||4|||2|||24|||0
System|||3|||3|||15|||0
.|||5|||3|||16|||0
out|||3|||3|||17|||0
.|||6|||3|||18|||0
print|||3|||3|||19|||0
(|||7|||3|||20|||0
"|||5|||3|||23|||0
"|||6|||3|||24|||0
[|||1|||5|||1|||0
System|||4|||5|||33|||0
.|||8|||5|||34|||0
out|||4|||5|||35|||0
.|||9|||5|||36|||0
print|||4|||5|||37|||0
(|||10|||5|||38|||0
[|||2|||5|||40|||0
"|||7|||5|||44|||0
"|||8|||5|||45|||0
System|||5|||6|||18|||0
.|||11|||6|||19|||0
out|||5|||6|||20|||0
.|||12|||6|||21|||0
print|||5|||6|||22|||0
(|||12|||6|||23|||0
[|||3|||6|||25|||0
"|||9|||6|||29|||0
"|||10|||6|||30|||0
[|||4|||7|||24|||0
System|||6|||8|||26|||0
.|||14|||8|||27|||0
out|||6|||8|||28|||0
.|||15|||8|||29|||0
print|||6|||8|||30|||0
(|||15|||8|||31|||0
"|||11|||8|||34|||0
"|||12|||8|||35|||0
[|||6|||11|||27|||0
[|||7|||11|||36|||0
[|||9|||12|||27|||0
[|||10|||12|||36|||0
[|||11|||15|||24|||0
[|||12|||15|||29|||0
[|||13|||15|||34|||0
[|||14|||15|||45|||0
"|||13|||16|||3|||0
"|||14|||16|||5|||0
"|||15|||16|||32|||0
"|||16|||16|||34|||0
.|||22|||16|||35|||0
indexOf|||1|||16|||36|||0
.|||23|||16|||39|||0
charAt|||1|||16|||40|||0
"|||17|||19|||3|||0
"|||18|||19|||5|||0
System|||7|||19|||25|||0
.|||25|||19|||26|||0
out|||7|||19|||27|||0
.|||26|||19|||28|||0
print|||7|||19|||29|||0
.|||27|||19|||35|||0
charAt|||2|||19|||36|||0
"|||19|||19|||41|||0
"|||20|||19|||42|||0
[|||15|||20|||41|||0
[|||16|||20|||46|||0
[|||17|||20|||57|||0
[|||18|||20|||62|||0
[|||19|||20|||67|||0
[|||20|||20|||74|||0
[|||21|||21|||45|||0
[|||22|||21|||50|||0
[|||23|||21|||62|||0
[|||24|||21|||67|||0
[|||25|||21|||72|||0
[|||26|||21|||77|||0
[|||27|||22|||21|||0
[|||28|||22|||38|||0
[|||29|||22|||45|||0
[|||30|||22|||52|||0
[|||31|||22|||58|||0
System|||8|||23|||35|||0
.|||33|||23|||36|||0
out|||8|||23|||37|||0
.|||34|||23|||38|||0
print|||8|||23|||39|||0
(|||48|||23|||40|||0
"|||21|||23|||43|||0
"|||22|||23|||44|||0
System|||9|||23|||64|||0
.|||35|||23|||65|||0
out|||9|||23|||66|||0
.|||36|||23|||67|||0
println|||1|||23|||68|||0
(|||51|||23|||69|||0
System|||10|||24|||49|||0
.|||37|||24|||50|||0
out|||10|||24|||51|||0
.|||38|||24|||52|||0
print|||9|||24|||53|||0
"|||23|||26|||3|||0
"|||24|||26|||7|||0
.|||40|||26|||35|||0
charAt|||3|||26|||36|||0
'|||1|||26|||41|||0
'|||2|||26|||42|||0
"|||25|||27|||3|||0
"|||26|||27|||5|||0
System|||11|||27|||25|||0
.|||42|||27|||26|||0
out|||11|||27|||27|||0
.|||43|||27|||28|||0
print|||10|||27|||29|||0
.|||44|||27|||36|||0
charAt|||4|||27|||37|||0
System|||12|||28|||54|||0
.|||45|||28|||55|||0
out|||12|||28|||56|||0
.|||46|||28|||57|||0
print|||11|||28|||58|||0
(|||71|||28|||59|||0
"|||27|||28|||62|||0
"|||28|||28|||63|||0
System|||13|||29|||40|||0
.|||47|||29|||41|||0
out|||13|||29|||42|||0
.|||48|||29|||43|||0
print|||12|||29|||44|||0
(|||74|||29|||45|||0
System|||14|||30|||12|||0
.|||49|||30|||13|||0
out|||14|||30|||14|||0
.|||50|||30|||15|||0
print|||13|||30|||16|||0
(|||76|||30|||17|||0
"|||29|||30|||20|||0
"|||30|||30|||21|||0
System|||15|||32|||12|||0
.|||51|||32|||13|||0
out|||15|||32|||14|||0
.|||52|||32|||15|||0
print|||14|||32|||16|||0
(|||79|||32|||17|||0
"|||31|||32|||20|||0
"|||32|||32|||21|||0
System|||16|||33|||12|||0
.|||53|||33|||13|||0
out|||16|||33|||14|||0
.|||54|||33|||15|||0
print|||15|||33|||16|||0
(|||81|||33|||17|||0
"|||33|||33|||20|||0
"|||34|||33|||21|||0
[|||32|||35|||1|||0
System|||17|||35|||31|||0
.|||56|||35|||32|||0
out|||17|||35|||33|||0
.|||57|||35|||34|||0
print|||16|||35|||35|||0
(|||84|||35|||36|||0
[|||33|||35|||38|||0
"|||35|||35|||42|||0
"|||36|||35|||43|||0
System|||18|||36|||16|||0
.|||59|||36|||17|||0
out|||18|||36|||18|||0
.|||60|||36|||19|||0
print|||17|||36|||20|||0
(|||86|||36|||21|||0
[|||34|||36|||23|||0
"|||37|||36|||27|||0
"|||38|||36|||28|||0
[|||35|||37|||21|||0
System|||19|||38|||22|||0
.|||62|||38|||23|||0
out|||19|||38|||24|||0
.|||63|||38|||25|||0
print|||18|||38|||26|||0
(|||89|||38|||27|||0
"|||39|||38|||30|||0
"|||40|||38|||31|||0
[|||37|||41|||24|||0
[|||38|||41|||33|||0
[|||40|||42|||24|||0
[|||41|||42|||33|||0
[|||42|||45|||21|||0
[|||43|||45|||26|||0
[|||44|||45|||31|||0
[|||45|||45|||42|||0
"|||41|||46|||3|||0
"|||42|||46|||5|||0
"|||43|||46|||29|||0
"|||44|||46|||31|||0
.|||70|||46|||32|||0
indexOf|||2|||46|||33|||0
.|||71|||46|||36|||0
charAt|||5|||46|||37|||0
"|||45|||49|||3|||0
"|||46|||49|||5|||0
System|||20|||49|||23|||0
.|||73|||49|||24|||0
out|||20|||49|||25|||0
.|||74|||49|||26|||0
print|||19|||49|||27|||0
.|||75|||49|||33|||0
charAt|||6|||49|||34|||0
"|||47|||49|||39|||0
"|||48|||49|||40|||0
[|||46|||50|||37|||0
[|||47|||50|||42|||0
[|||48|||50|||53|||0
[|||49|||50|||58|||0
[|||50|||50|||63|||0
[|||51|||50|||70|||0
[|||52|||51|||39|||0
[|||53|||51|||44|||0
[|||54|||51|||60|||0
[|||55|||51|||65|||0
[|||56|||51|||70|||0
[|||57|||51|||75|||0
[|||58|||52|||18|||0
[|||59|||52|||35|||0
[|||60|||52|||43|||0
[|||61|||52|||50|||0
[|||62|||52|||59|||0
System|||21|||53|||28|||0
.|||81|||53|||29|||0
out|||21|||53|||30|||0
.|||82|||53|||31|||0
print|||20|||53|||32|||0
(|||122|||53|||33|||0
"|||49|||53|||36|||0
"|||50|||53|||37|||0
System|||22|||53|||60|||0
.|||83|||53|||61|||0
out|||22|||53|||62|||0
.|||84|||53|||63|||0
println|||2|||53|||64|||0
(|||125|||53|||65|||0
System|||23|||54|||48|||0
.|||85|||54|||49|||0
out|||23|||54|||50|||0
.|||86|||54|||51|||0
print|||21|||54|||52|||0
"|||51|||56|||3|||0
"|||52|||56|||7|||0
.|||88|||56|||32|||0
charAt|||7|||56|||33|||0
'|||3|||56|||38|||0
'|||4|||56|||39|||0
"|||53|||57|||3|||0
"|||54|||57|||5|||0
System|||24|||57|||23|||0
.|||90|||57|||24|||0
out|||24|||57|||25|||0
.|||91|||57|||26|||0
print|||22|||57|||27|||0
.|||92|||57|||34|||0
charAt|||8|||57|||35|||0
System|||25|||58|||52|||0
.|||93|||58|||53|||0
out|||25|||58|||54|||0
.|||94|||58|||55|||0
print|||23|||58|||56|||0
(|||145|||58|||57|||0
"|||55|||58|||60|||0
"|||56|||58|||61|||0
System|||26|||59|||38|||0
.|||95|||59|||39|||0
out|||26|||59|||40|||0
.|||96|||59|||41|||0
print|||24|||59|||42|||0
(|||148|||59|||43|||0
sum|||1|||1|||1|||1
sum|||2|||1|||19|||1
fact|||1|||4|||1|||1
fact|||2|||4|||19|||1
arr|||1|||5|||3|||1
arr|||2|||5|||26|||1
arr|||3|||5|||39|||1
arr|||4|||6|||5|||1
arr|||5|||6|||24|||1
sum|||3|||7|||1|||1
arr|||6|||7|||14|||1
sum|||4|||7|||21|||1
arr|||7|||7|||23|||1
a|||1|||8|||1|||1
b|||1|||8|||5|||1
c|||1|||8|||9|||1
a|||2|||8|||32|||1
c|||2|||8|||38|||1
a|||3|||8|||40|||1
b|||2|||8|||42|||1
a|||4|||8|||44|||1
b|||3|||8|||46|||1
b|||4|||8|||48|||1
c|||3|||8|||50|||1
num|||1|||9|||1|||1
count|||1|||9|||5|||1
num|||2|||9|||12|||1
num|||3|||9|||16|||1
count|||2|||9|||20|||1
rev|||1|||10|||1|||1
num|||4|||10|||5|||1
num|||5|||10|||12|||1
num|||6|||10|||16|||1
rev|||2|||10|||20|||1
rev|||3|||10|||22|||1
num|||7|||10|||26|||1
max|||1|||11|||1|||1
arr|||8|||11|||3|||1
arr|||9|||11|||17|||1
arr|||10|||11|||26|||1
max|||2|||11|||31|||1
max|||3|||11|||33|||1
arr|||11|||11|||35|||1
min|||1|||12|||1|||1
arr|||12|||12|||3|||1
arr|||13|||12|||17|||1
arr|||14|||12|||26|||1
min|||2|||12|||31|||1
min|||3|||12|||33|||1
arr|||15|||12|||35|||1
a|||5|||13|||1|||1
b|||5|||13|||5|||1
t|||1|||13|||12|||1
b|||6|||13|||14|||1
t|||2|||13|||18|||1
b|||7|||13|||20|||1
b|||8|||13|||22|||1
a|||6|||13|||24|||1
b|||9|||13|||26|||1
a|||7|||13|||28|||1
t|||3|||13|||30|||1
n|||1|||14|||1|||1
flag|||1|||14|||5|||1
n|||2|||14|||18|||1
n|||3|||14|||27|||1
flag|||2|||14|||33|||1
temp|||1|||15|||7|||1
arr|||16|||15|||11|||1
temp|||2|||15|||21|||1
arr|||17|||15|||23|||1
arr|||18|||15|||28|||1
arr|||19|||15|||33|||1
arr|||20|||15|||35|||1
arr|||21|||15|||44|||1
arr|||22|||15|||46|||1
temp|||3|||15|||55|||1
str|||1|||16|||1|||1
hello|||1|||16|||4|||1
vc|||1|||16|||8|||1
str|||2|||16|||21|||1
aeiou|||1|||16|||33|||1
str|||3|||16|||38|||1
vc|||2|||16|||49|||1
num|||8|||17|||1|||1
rev|||4|||17|||5|||1
temp|||4|||17|||9|||1
num|||9|||17|||11|||1
temp|||5|||17|||16|||1
temp|||6|||17|||20|||1
rev|||5|||17|||24|||1
rev|||6|||17|||26|||1
temp|||7|||17|||30|||1
x|||1|||18|||1|||1
y|||1|||18|||5|||1
res|||1|||18|||9|||1
y|||2|||18|||22|||1
res|||2|||18|||27|||1
x|||2|||18|||29|||1
s|||1|||19|||1|||1
abc|||1|||19|||4|||1
s|||2|||19|||16|||1
s|||3|||19|||34|||1
arr|||23|||20|||9|||1
j|||1|||20|||21|||1
j|||2|||20|||25|||1
arr|||24|||20|||27|||1
j|||3|||20|||35|||1
arr|||25|||20|||40|||1
j|||4|||20|||42|||1
arr|||26|||20|||45|||1
j|||5|||20|||47|||1
t|||4|||20|||54|||1
arr|||27|||20|||56|||1
j|||6|||20|||58|||1
arr|||28|||20|||61|||1
j|||7|||20|||63|||1
arr|||29|||20|||66|||1
j|||8|||20|||68|||1
arr|||30|||20|||73|||1
j|||9|||20|||75|||1
t|||5|||20|||80|||1
arr|||31|||21|||9|||1
min|||4|||21|||20|||1
j|||10|||21|||27|||1
j|||11|||21|||33|||1
arr|||32|||21|||35|||1
j|||12|||21|||39|||1
arr|||33|||21|||44|||1
j|||13|||21|||46|||1
arr|||34|||21|||49|||1
min|||5|||21|||51|||1
min|||6|||21|||54|||1
j|||14|||21|||56|||1
t|||6|||21|||59|||1
arr|||35|||21|||61|||1
arr|||36|||21|||66|||1
arr|||37|||21|||71|||1
min|||7|||21|||73|||1
arr|||38|||21|||76|||1
min|||8|||21|||78|||1
t|||7|||21|||81|||1
arr|||39|||22|||9|||1
key|||1|||22|||18|||1
arr|||40|||22|||20|||1
j|||15|||22|||25|||1
j|||16|||22|||33|||1
arr|||41|||22|||37|||1
j|||17|||22|||39|||1
key|||2|||22|||42|||1
arr|||42|||22|||44|||1
j|||18|||22|||46|||1
arr|||43|||22|||51|||1
j|||19|||22|||53|||1
arr|||44|||22|||57|||1
j|||20|||22|||59|||1
key|||3|||22|||64|||1
c|||4|||23|||16|||1
j|||21|||23|||23|||1
j|||22|||23|||27|||1
j|||23|||23|||31|||1
c|||5|||23|||41|||1
c|||6|||23|||47|||1
c|||7|||23|||49|||1
j|||24|||23|||54|||1
j|||25|||23|||58|||1
n|||4|||24|||1|||1
r|||1|||24|||5|||1
num|||10|||24|||9|||1
den|||1|||24|||13|||1
r|||2|||24|||26|||1
num|||11|||24|||32|||1
n|||5|||24|||35|||1
den|||2|||24|||40|||1
num|||12|||24|||55|||1
den|||3|||24|||57|||1
num|||13|||25|||1|||1
sum|||5|||25|||5|||1
num|||14|||25|||12|||1
num|||15|||25|||16|||1
sum|||6|||25|||20|||1
num|||16|||25|||22|||1
str|||4|||26|||1|||1
Hello|||1|||26|||4|||1
world|||1|||26|||5|||1
Java|||1|||26|||6|||1
wc|||1|||26|||10|||1
str|||5|||26|||23|||1
str|||6|||26|||34|||1
wc|||2|||26|||44|||1
str|||7|||27|||1|||1
hello|||2|||27|||4|||1
str|||8|||27|||16|||1
char|||1|||27|||32|||1
str|||9|||27|||35|||1
f|||1|||28|||16|||1
j|||26|||28|||23|||1
j|||27|||28|||27|||1
j|||28|||28|||33|||1
j|||29|||28|||40|||1
f|||2|||28|||44|||1
f|||3|||28|||50|||1
a|||8|||29|||1|||1
b|||10|||29|||5|||1
lcm|||1|||29|||9|||1
a|||9|||29|||12|||1
b|||11|||29|||14|||1
a|||10|||29|||17|||1
b|||12|||29|||19|||1
lcm|||2|||29|||24|||1
a|||11|||29|||26|||1
lcm|||3|||29|||30|||1
b|||13|||29|||32|||1
lcm|||4|||29|||36|||1
lcm|||5|||29|||46|||1
sum|||7|||31|||1|||1
sum|||8|||31|||16|||1
fact|||3|||34|||1|||1
fact|||4|||34|||16|||1
arr|||45|||35|||3|||1
arr|||46|||35|||26|||1
arr|||47|||35|||37|||1
arr|||48|||36|||3|||1
arr|||49|||36|||22|||1
sum|||9|||37|||1|||1
arr|||50|||37|||13|||1
sum|||10|||37|||18|||1
arr|||51|||37|||20|||1
a|||12|||38|||1|||1
b|||14|||38|||5|||1
c|||8|||38|||9|||1
a|||13|||38|||28|||1
c|||9|||38|||34|||1
a|||14|||38|||36|||1
b|||15|||38|||38|||1
a|||15|||38|||40|||1
b|||16|||38|||42|||1
b|||17|||38|||44|||1
c|||10|||38|||46|||1
num|||17|||39|||1|||1
count|||3|||39|||5|||1
num|||18|||39|||11|||1
count|||4|||39|||16|||1
num|||19|||39|||19|||1
rev|||7|||40|||1|||1
num|||20|||40|||5|||1
num|||21|||40|||11|||1
rev|||8|||40|||16|||1
rev|||9|||40|||18|||1
num|||22|||40|||22|||1
num|||23|||40|||26|||1
max|||4|||41|||1|||1
arr|||52|||41|||3|||1
arr|||53|||41|||16|||1
arr|||54|||41|||23|||1
max|||5|||41|||28|||1
max|||6|||41|||30|||1
arr|||55|||41|||32|||1
min|||9|||42|||1|||1
arr|||56|||42|||3|||1
arr|||57|||42|||16|||1
arr|||58|||42|||23|||1
min|||10|||42|||28|||1
min|||11|||42|||30|||1
arr|||59|||42|||32|||1
a|||16|||43|||1|||1
b|||18|||43|||5|||1
t|||8|||43|||9|||1
b|||19|||43|||13|||1
t|||9|||43|||18|||1
b|||20|||43|||20|||1
b|||21|||43|||22|||1
a|||17|||43|||24|||1
b|||22|||43|||26|||1
a|||18|||43|||28|||1
t|||10|||43|||30|||1
n|||6|||44|||1|||1
flag|||3|||44|||5|||1
n|||7|||44|||17|||1
n|||8|||44|||24|||1
flag|||4|||44|||30|||1
temp|||8|||45|||5|||1
arr|||60|||45|||11|||1
temp|||9|||45|||18|||1
arr|||61|||45|||20|||1
arr|||62|||45|||25|||1
arr|||63|||45|||30|||1
arr|||64|||45|||32|||1
arr|||65|||45|||41|||1
arr|||66|||45|||43|||1
temp|||10|||45|||52|||1
str|||10|||46|||1|||1
hello|||3|||46|||4|||1
vc|||3|||46|||8|||1
str|||11|||46|||20|||1
aeiou|||2|||46|||30|||1
str|||12|||46|||35|||1
vc|||4|||46|||46|||1
num|||24|||47|||1|||1
rev|||10|||47|||5|||1
temp|||11|||47|||9|||1
num|||25|||47|||11|||1
temp|||12|||47|||15|||1
rev|||11|||47|||20|||1
rev|||12|||47|||22|||1
temp|||13|||47|||26|||1
temp|||14|||47|||30|||1
x|||3|||48|||1|||1
y|||3|||48|||5|||1
res|||3|||48|||9|||1
y|||4|||48|||21|||1
res|||4|||48|||24|||1
x|||4|||48|||26|||1
s|||4|||49|||1|||1
abc|||2|||49|||4|||1
s|||5|||49|||16|||1
s|||6|||49|||32|||1
arr|||67|||50|||9|||1
j|||30|||50|||17|||1
j|||31|||50|||23|||1
arr|||68|||50|||25|||1
arr|||69|||50|||36|||1
j|||32|||50|||38|||1
arr|||70|||50|||41|||1
j|||33|||50|||43|||1
t|||11|||50|||50|||1
arr|||71|||50|||52|||1
j|||34|||50|||54|||1
arr|||72|||50|||57|||1
j|||35|||50|||59|||1
arr|||73|||50|||62|||1
j|||36|||50|||64|||1
arr|||74|||50|||69|||1
j|||37|||50|||71|||1
t|||12|||50|||76|||1
j|||38|||50|||79|||1
arr|||75|||51|||9|||1
min|||12|||51|||17|||1
j|||39|||51|||21|||1
j|||40|||51|||29|||1
arr|||76|||51|||31|||1
arr|||77|||51|||38|||1
j|||41|||51|||40|||1
arr|||78|||51|||43|||1
min|||13|||51|||45|||1
min|||14|||51|||48|||1
j|||42|||51|||50|||1
j|||43|||51|||52|||1
t|||13|||51|||57|||1
arr|||79|||51|||59|||1
arr|||80|||51|||64|||1
arr|||81|||51|||69|||1
min|||15|||51|||71|||1
arr|||82|||51|||74|||1
min|||16|||51|||76|||1
t|||14|||51|||79|||1
arr|||83|||52|||9|||1
key|||4|||52|||15|||1
arr|||84|||52|||17|||1
j|||44|||52|||22|||1
j|||45|||52|||30|||1
arr|||85|||52|||34|||1
j|||46|||52|||36|||1
key|||5|||52|||39|||1
arr|||86|||52|||42|||1
j|||47|||52|||44|||1
arr|||87|||52|||49|||1
j|||48|||52|||51|||1
j|||49|||52|||54|||1
arr|||88|||52|||58|||1
j|||50|||52|||60|||1
key|||6|||52|||65|||1
c|||11|||53|||13|||1
j|||51|||53|||17|||1
j|||52|||53|||23|||1
c|||12|||53|||34|||1
c|||13|||53|||40|||1
c|||14|||53|||42|||1
j|||53|||53|||47|||1
j|||54|||53|||51|||1
j|||55|||53|||56|||1
n|||9|||54|||1|||1
r|||3|||54|||5|||1
num|||26|||54|||9|||1
den|||4|||54|||13|||1
r|||4|||54|||25|||1
num|||27|||54|||28|||1
n|||10|||54|||31|||1
den|||5|||54|||36|||1
num|||28|||54|||54|||1
den|||6|||54|||56|||1
num|||29|||55|||1|||1
sum|||11|||55|||5|||1
num|||30|||55|||11|||1
sum|||12|||55|||16|||1
num|||31|||55|||18|||1
num|||32|||55|||22|||1
str|||13|||56|||1|||1
Hello|||2|||56|||4|||1
world|||2|||56|||5|||1
Java|||2|||56|||6|||1
wc|||3|||56|||10|||1
str|||14|||56|||22|||1
str|||15|||56|||31|||1
wc|||4|||56|||41|||1
str|||16|||57|||1|||1
hello|||4|||57|||4|||1
str|||17|||57|||16|||1
char|||2|||57|||30|||1
str|||18|||57|||33|||1
f|||4|||58|||13|||1
j|||56|||58|||17|||1
j|||57|||58|||23|||1
j|||58|||58|||34|||1
f|||5|||58|||38|||1
j|||59|||58|||42|||1
f|||6|||58|||48|||1
a|||19|||59|||1|||1
b|||23|||59|||5|||1
lcm|||6|||59|||9|||1
a|||20|||59|||12|||1
b|||24|||59|||14|||1
a|||21|||59|||17|||1
b|||25|||59|||19|||1
lcm|||7|||59|||23|||1
a|||22|||59|||25|||1
lcm|||8|||59|||29|||1
b|||26|||59|||31|||1
lcm|||9|||59|||35|||1
lcm|||10|||59|||44|||1
i|||1|||0|||3|||2
i|||2|||0|||7|||2
i|||3|||0|||11|||2
i|||4|||0|||20|||2
i|||5|||1|||8|||2
i|||6|||1|||12|||2
i|||7|||1|||16|||2
i|||8|||1|||21|||2
i|||9|||2|||3|||2
i|||10|||2|||7|||2
i|||11|||2|||11|||2
i|||12|||2|||21|||2
i|||13|||3|||3|||2
i|||14|||3|||7|||2
i|||15|||3|||11|||2
i|||16|||3|||21|||2
i|||17|||4|||8|||2
i|||18|||4|||12|||2
i|||19|||4|||16|||2
i|||20|||4|||21|||2
i|||21|||5|||20|||2
i|||22|||5|||24|||2
i|||23|||5|||30|||2
i|||24|||5|||41|||2
i|||25|||6|||3|||2
i|||26|||6|||11|||2
i|||27|||6|||15|||2
i|||28|||6|||26|||2
i|||29|||7|||8|||2
i|||30|||7|||12|||2
i|||31|||7|||18|||2
i|||32|||7|||25|||2
i|||33|||8|||14|||2
i|||34|||8|||18|||2
i|||35|||8|||22|||2
i|||36|||11|||11|||2
i|||37|||11|||15|||2
i|||38|||11|||21|||2
i|||39|||11|||28|||2
i|||40|||11|||37|||2
i|||41|||12|||11|||2
i|||42|||12|||15|||2
i|||43|||12|||21|||2
i|||44|||12|||28|||2
i|||45|||12|||37|||2
i|||46|||14|||12|||2
i|||47|||14|||16|||2
i|||48|||14|||22|||2
i|||49|||14|||29|||2
i|||50|||15|||3|||2
i|||51|||15|||9|||2
i|||52|||15|||17|||2
i|||53|||15|||25|||2
i|||54|||15|||30|||2
i|||55|||15|||39|||2
i|||56|||15|||50|||2
i|||57|||16|||15|||2
i|||58|||16|||19|||2
i|||59|||16|||27|||2
i|||60|||16|||42|||2
i|||61|||18|||16|||2
i|||62|||18|||20|||2
i|||63|||18|||24|||2
i|||64|||19|||10|||2
i|||65|||19|||14|||2
i|||66|||19|||22|||2
i|||67|||19|||38|||2
i|||68|||20|||3|||2
i|||69|||20|||7|||2
i|||70|||20|||15|||2
i|||71|||20|||31|||2
i|||72|||21|||3|||2
i|||73|||21|||7|||2
i|||74|||21|||15|||2
i|||75|||21|||22|||2
i|||76|||21|||29|||2
i|||77|||21|||63|||2
i|||78|||21|||68|||2
i|||79|||22|||3|||2
i|||80|||22|||7|||2
i|||81|||22|||13|||2
i|||82|||22|||22|||2
i|||83|||22|||27|||2
i|||84|||23|||3|||2
i|||85|||23|||7|||2
i|||86|||23|||11|||2
i|||87|||23|||29|||2
i|||88|||23|||52|||2
i|||89|||24|||20|||2
i|||90|||24|||24|||2
i|||91|||24|||28|||2
i|||92|||24|||37|||2
i|||93|||24|||43|||2
i|||94|||26|||17|||2
i|||95|||26|||21|||2
i|||96|||26|||29|||2
i|||97|||26|||38|||2
i|||98|||27|||10|||2
i|||99|||27|||14|||2
i|||100|||27|||22|||2
i|||101|||27|||39|||2
i|||102|||28|||3|||2
i|||103|||28|||7|||2
i|||104|||28|||11|||2
i|||105|||28|||29|||2
i|||106|||28|||38|||2
i|||107|||28|||60|||2
i|||108|||30|||1|||2
i|||109|||30|||7|||2
i|||110|||30|||18|||2
i|||111|||30|||24|||2
i|||112|||31|||5|||2
i|||113|||31|||11|||2
i|||114|||31|||18|||2
i|||115|||31|||20|||2
i|||116|||32|||1|||2
i|||117|||32|||7|||2
i|||118|||32|||18|||2
i|||119|||32|||24|||2
i|||120|||33|||1|||2
i|||121|||33|||7|||2
i|||122|||33|||18|||2
i|||123|||33|||24|||2
i|||124|||34|||5|||2
i|||125|||34|||11|||2
i|||126|||34|||18|||2
i|||127|||34|||20|||2
i|||128|||35|||18|||2
i|||129|||35|||24|||2
i|||130|||35|||39|||2
i|||131|||35|||46|||2
i|||132|||36|||1|||2
i|||133|||36|||11|||2
i|||134|||36|||24|||2
i|||135|||36|||31|||2
i|||136|||37|||5|||2
i|||137|||37|||11|||2
i|||138|||37|||22|||2
i|||139|||37|||25|||2
i|||140|||38|||11|||2
i|||141|||38|||17|||2
i|||142|||38|||48|||2
i|||143|||41|||8|||2
i|||144|||41|||14|||2
i|||145|||41|||25|||2
i|||146|||41|||34|||2
i|||147|||41|||37|||2
i|||148|||42|||8|||2
i|||149|||42|||14|||2
i|||150|||42|||25|||2
i|||151|||42|||34|||2
i|||152|||42|||37|||2
i|||153|||44|||9|||2
i|||154|||44|||15|||2
i|||155|||44|||26|||2
i|||156|||44|||34|||2
i|||157|||45|||1|||2
i|||158|||45|||9|||2
i|||159|||45|||22|||2
i|||160|||45|||27|||2
i|||161|||45|||36|||2
i|||162|||45|||47|||2
i|||163|||45|||54|||2
i|||164|||46|||12|||2
i|||165|||46|||18|||2
i|||166|||46|||39|||2
i|||167|||46|||49|||2
i|||168|||48|||13|||2
i|||169|||48|||19|||2
i|||170|||48|||28|||2
i|||171|||49|||8|||2
i|||172|||49|||14|||2
i|||173|||49|||36|||2
i|||174|||49|||43|||2
i|||175|||50|||1|||2
i|||176|||50|||7|||2
i|||177|||50|||29|||2
i|||178|||50|||83|||2
i|||179|||51|||1|||2
i|||180|||51|||7|||2
i|||181|||51|||19|||2
i|||182|||51|||23|||2
i|||183|||51|||61|||2
i|||184|||51|||66|||2
i|||185|||51|||81|||2
i|||186|||52|||1|||2
i|||187|||52|||7|||2
i|||188|||52|||19|||2
i|||189|||52|||24|||2
i|||190|||52|||67|||2
i|||191|||53|||1|||2
i|||192|||53|||7|||2
i|||193|||53|||25|||2
i|||194|||53|||45|||2
i|||195|||53|||68|||2
i|||196|||54|||17|||2
i|||197|||54|||23|||2
i|||198|||54|||33|||2
i|||199|||54|||39|||2
i|||200|||54|||44|||2
i|||201|||56|||14|||2
i|||202|||56|||20|||2
i|||203|||56|||35|||2
i|||204|||56|||44|||2
i|||205|||57|||8|||2
i|||206|||57|||14|||2
i|||207|||57|||37|||2
i|||208|||57|||44|||2
i|||209|||58|||1|||2
i|||210|||58|||7|||2
i|||211|||58|||25|||2
i|||212|||58|||32|||2
i|||213|||58|||58|||2
i|||214|||58|||64|||2
;|||1|||0|||6|||3
;|||2|||0|||10|||3
;|||3|||0|||25|||3
;|||4|||1|||4|||3
;|||5|||1|||11|||3
;|||6|||1|||15|||3
;|||7|||1|||22|||3
;|||8|||2|||6|||3
;|||9|||2|||10|||3
;|||10|||2|||26|||3
;|||11|||3|||6|||3
;|||12|||3|||10|||3
;|||13|||3|||26|||3
;|||14|||4|||4|||3
;|||15|||4|||11|||3
;|||16|||4|||15|||3
;|||17|||4|||22|||3
;|||18|||5|||16|||3
;|||19|||5|||23|||3
;|||20|||5|||29|||3
;|||21|||5|||47|||3
;|||22|||6|||10|||3
;|||23|||6|||14|||3
;|||24|||6|||32|||3
;|||25|||7|||4|||3
;|||26|||7|||11|||3
;|||27|||7|||17|||3
;|||28|||7|||27|||3
,|||5|||8|||4|||3
,|||6|||8|||8|||3
;|||29|||8|||10|||3
;|||30|||8|||17|||3
;|||31|||8|||21|||3
;|||32|||8|||37|||3
;|||33|||8|||43|||3
;|||34|||8|||47|||3
;|||35|||8|||51|||3
,|||7|||9|||4|||3
;|||36|||9|||8|||3
;|||37|||9|||11|||3
;|||38|||9|||15|||3
;|||39|||9|||22|||3
,|||8|||10|||4|||3
;|||40|||10|||8|||3
;|||41|||10|||11|||3
;|||42|||10|||15|||3
;|||43|||10|||29|||3
;|||44|||11|||7|||3
;|||45|||11|||14|||3
;|||46|||11|||20|||3
;|||47|||11|||39|||3
;|||48|||12|||7|||3
;|||49|||12|||14|||3
;|||50|||12|||20|||3
;|||51|||12|||39|||3
,|||9|||13|||4|||3
;|||52|||13|||8|||3
;|||53|||13|||13|||3
;|||54|||13|||17|||3
,|||10|||13|||21|||3
,|||11|||13|||27|||3
;|||55|||13|||32|||3
,|||12|||14|||4|||3
;|||56|||14|||8|||3
;|||57|||14|||15|||3
;|||58|||14|||21|||3
;|||59|||14|||36|||3
,|||13|||15|||6|||3
;|||60|||15|||8|||3
;|||61|||15|||16|||3
;|||62|||15|||27|||3
;|||63|||15|||43|||3
;|||64|||15|||56|||3
;|||65|||16|||6|||3
;|||66|||16|||11|||3
;|||67|||16|||18|||3
;|||68|||16|||26|||3
;|||69|||16|||51|||3
,|||14|||17|||4|||3
,|||15|||17|||8|||3
;|||70|||17|||12|||3
;|||71|||17|||15|||3
;|||72|||17|||19|||3
;|||73|||17|||33|||3
,|||16|||18|||4|||3
,|||17|||18|||8|||3
;|||74|||18|||12|||3
;|||75|||18|||19|||3
;|||76|||18|||23|||3
;|||77|||18|||30|||3
;|||78|||19|||6|||3
;|||79|||19|||13|||3
;|||80|||19|||21|||3
;|||81|||19|||44|||3
;|||82|||20|||6|||3
;|||83|||20|||14|||3
;|||84|||20|||24|||3
;|||85|||20|||34|||3
;|||86|||20|||60|||3
;|||87|||20|||72|||3
;|||88|||20|||81|||3
;|||89|||21|||6|||3
;|||90|||21|||14|||3
;|||91|||21|||23|||3
;|||92|||21|||32|||3
;|||93|||21|||38|||3
;|||94|||21|||57|||3
;|||95|||21|||65|||3
;|||96|||21|||75|||3
;|||97|||21|||82|||3
;|||98|||22|||6|||3
;|||99|||22|||12|||3
,|||18|||22|||24|||3
;|||100|||22|||30|||3
;|||101|||22|||56|||3
;|||102|||22|||65|||3
;|||103|||23|||6|||3
;|||104|||23|||10|||3
;|||105|||23|||19|||3
;|||106|||23|||26|||3
;|||107|||23|||30|||3
;|||108|||23|||46|||3
;|||109|||23|||62|||3
;|||110|||23|||71|||3
,|||19|||24|||4|||3
,|||20|||24|||8|||3
,|||21|||24|||12|||3
;|||111|||24|||16|||3
;|||112|||24|||23|||3
;|||113|||24|||27|||3
;|||114|||24|||39|||3
;|||115|||24|||47|||3
;|||116|||24|||59|||3
,|||22|||25|||4|||3
;|||117|||25|||8|||3
;|||118|||25|||11|||3
;|||119|||25|||15|||3
;|||120|||25|||25|||3
;|||121|||26|||8|||3
;|||122|||26|||13|||3
;|||123|||26|||20|||3
;|||124|||26|||28|||3
;|||125|||26|||46|||3
;|||126|||27|||6|||3
;|||127|||27|||13|||3
;|||128|||27|||21|||3
;|||129|||27|||45|||3
;|||130|||28|||6|||3
;|||131|||28|||10|||3
;|||132|||28|||19|||3
;|||133|||28|||26|||3
;|||134|||28|||32|||3
;|||135|||28|||47|||3
;|||136|||28|||65|||3
,|||23|||29|||4|||3
,|||24|||29|||8|||3
;|||137|||29|||20|||3
;|||138|||29|||23|||3
;|||139|||29|||35|||3
;|||140|||29|||39|||3
;|||141|||29|||48|||3
;|||142|||30|||4|||3
;|||143|||30|||23|||3
;|||144|||30|||26|||3
,|||25|||31|||4|||3
;|||145|||31|||8|||3
;|||146|||31|||19|||3
;|||147|||31|||22|||3
;|||148|||32|||4|||3
;|||149|||32|||23|||3
;|||150|||32|||27|||3
;|||151|||33|||4|||3
;|||152|||33|||23|||3
;|||153|||33|||27|||3
,|||26|||34|||4|||3
;|||154|||34|||8|||3
;|||155|||34|||19|||3
;|||156|||34|||22|||3
;|||157|||35|||16|||3
;|||158|||35|||21|||3
;|||159|||35|||45|||3
;|||160|||35|||48|||3
;|||161|||36|||8|||3
;|||162|||36|||30|||3
;|||163|||36|||33|||3
,|||31|||37|||4|||3
;|||164|||37|||8|||3
;|||165|||37|||24|||3
;|||166|||37|||27|||3
,|||32|||38|||4|||3
,|||33|||38|||8|||3
,|||34|||38|||10|||3
;|||167|||38|||14|||3
;|||168|||38|||33|||3
;|||169|||38|||39|||3
;|||170|||38|||43|||3
;|||171|||38|||47|||3
;|||172|||38|||50|||3
,|||35|||39|||4|||3
;|||173|||39|||8|||3
;|||174|||39|||18|||3
;|||175|||39|||22|||3
,|||36|||40|||4|||3
;|||176|||40|||8|||3
;|||177|||40|||25|||3
;|||178|||40|||29|||3
,|||37|||41|||7|||3
;|||179|||41|||11|||3
;|||180|||41|||36|||3
;|||181|||41|||39|||3
,|||38|||42|||7|||3
;|||182|||42|||11|||3
;|||183|||42|||36|||3
;|||184|||42|||39|||3
,|||39|||43|||4|||3
,|||40|||43|||8|||3
;|||185|||43|||10|||3
;|||186|||43|||21|||3
;|||187|||43|||27|||3
;|||188|||43|||31|||3
,|||41|||44|||4|||3
,|||42|||44|||8|||3
;|||189|||44|||12|||3
;|||190|||44|||33|||3
;|||191|||44|||36|||3
,|||43|||45|||4|||3
;|||192|||45|||6|||3
;|||193|||45|||24|||3
;|||194|||45|||40|||3
;|||195|||45|||53|||3
;|||196|||45|||56|||3
;|||197|||46|||6|||3
,|||44|||46|||11|||3
;|||198|||46|||15|||3
;|||199|||46|||48|||3
;|||200|||46|||51|||3
,|||45|||47|||4|||3
,|||46|||47|||8|||3
;|||201|||47|||12|||3
;|||202|||47|||29|||3
;|||203|||47|||33|||3
,|||47|||48|||4|||3
,|||48|||48|||8|||3
,|||49|||48|||12|||3
;|||204|||48|||16|||3
;|||205|||48|||27|||3
;|||206|||48|||30|||3
;|||207|||49|||6|||3
;|||208|||49|||11|||3
;|||209|||49|||42|||3
;|||210|||49|||45|||3
;|||211|||50|||4|||3
;|||212|||50|||20|||3
;|||213|||50|||56|||3
;|||214|||50|||68|||3
;|||215|||50|||77|||3
;|||216|||50|||81|||3
;|||217|||50|||85|||3
;|||218|||51|||4|||3
,|||50|||51|||20|||3
;|||219|||51|||26|||3
;|||220|||51|||51|||3
;|||221|||51|||54|||3
;|||222|||51|||63|||3
;|||223|||51|||73|||3
;|||224|||51|||80|||3
;|||225|||51|||83|||3
;|||226|||52|||4|||3
,|||51|||52|||21|||3
;|||227|||52|||27|||3
;|||228|||52|||53|||3
;|||229|||52|||56|||3
;|||230|||52|||66|||3
;|||231|||52|||69|||3
;|||232|||53|||4|||3
,|||52|||53|||16|||3
;|||233|||53|||20|||3
;|||234|||53|||39|||3
;|||235|||53|||55|||3
;|||236|||53|||58|||3
;|||237|||53|||67|||3
;|||238|||53|||70|||3
,|||53|||54|||4|||3
,|||54|||54|||8|||3
,|||55|||54|||12|||3
,|||56|||54|||16|||3
;|||239|||54|||20|||3
;|||240|||54|||35|||3
;|||241|||54|||43|||3
;|||242|||54|||46|||3
;|||243|||54|||58|||3
,|||57|||55|||4|||3
;|||244|||55|||8|||3
;|||245|||55|||21|||3
;|||246|||55|||25|||3
;|||247|||56|||8|||3
,|||58|||56|||13|||3
;|||248|||56|||17|||3
;|||249|||56|||43|||3
;|||250|||56|||46|||3
;|||251|||57|||6|||3
;|||252|||57|||11|||3
;|||253|||57|||43|||3
;|||254|||57|||46|||3
;|||255|||58|||4|||3
,|||59|||58|||16|||3
;|||256|||58|||20|||3
;|||257|||58|||41|||3
;|||258|||58|||44|||3
;|||259|||58|||63|||3
;|||260|||58|||66|||3
,|||60|||59|||4|||3
,|||61|||59|||8|||3
;|||261|||59|||20|||3
;|||262|||59|||37|||3
<=|||1|||0|||8|||4
++|||1|||0|||12|||4
+|||1|||0|||21|||4
<=|||2|||1|||13|||4
++|||2|||1|||17|||4
+=|||1|||1|||20|||4
<=|||3|||2|||8|||4
+=|||2|||2|||12|||4
+|||2|||2|||22|||4
<=|||4|||3|||8|||4
+=|||3|||3|||12|||4
+|||3|||3|||22|||4
<=|||5|||4|||13|||4
++|||3|||4|||17|||4
<|||1|||5|||25|||4
.|||7|||5|||27|||4
length|||1|||5|||28|||4
++|||4|||5|||31|||4
+|||4|||5|||43|||4
.|||10|||6|||6|||4
length|||2|||6|||7|||4
-|||1|||6|||8|||4
>=|||1|||6|||12|||4
--|||1|||6|||16|||4
+|||5|||6|||28|||4
<|||2|||7|||13|||4
.|||13|||7|||15|||4
length|||3|||7|||16|||4
++|||5|||7|||19|||4
+=|||4|||7|||22|||4
<|||3|||8|||19|||4
++|||6|||8|||23|||4
+|||6|||8|||33|||4
+|||7|||8|||41|||4
>|||1|||9|||13|||4
/=|||1|||9|||17|||4
++|||7|||9|||21|||4
>|||2|||10|||13|||4
/=|||2|||10|||17|||4
*|||1|||10|||23|||4
+|||8|||10|||25|||4
%|||1|||10|||27|||4
[|||5|||11|||4|||4
<|||4|||11|||16|||4
.|||16|||11|||18|||4
length|||4|||11|||19|||4
++|||8|||11|||22|||4
>|||3|||11|||30|||4
[|||8|||12|||4|||4
<|||5|||12|||16|||4
.|||17|||12|||18|||4
length|||5|||12|||19|||4
++|||9|||12|||22|||4
<|||6|||12|||30|||4
!=|||1|||13|||15|||4
%|||2|||13|||25|||4
<=|||6|||14|||17|||4
/|||1|||14|||19|||4
++|||10|||14|||23|||4
%|||3|||14|||28|||4
==|||1|||14|||30|||4
<|||7|||15|||10|||4
.|||18|||15|||12|||4
length|||6|||15|||13|||4
/|||2|||15|||14|||4
++|||11|||15|||18|||4
.|||19|||15|||36|||4
length|||7|||15|||37|||4
-|||2|||15|||38|||4
-|||3|||15|||40|||4
.|||20|||15|||47|||4
length|||8|||15|||48|||4
-|||4|||15|||49|||4
-|||5|||15|||51|||4
<|||8|||16|||20|||4
.|||21|||16|||22|||4
length|||9|||16|||23|||4
(|||27|||16|||24|||4
++|||12|||16|||28|||4
(|||30|||16|||41|||4
!=|||2|||16|||45|||4
-|||6|||16|||46|||4
++|||13|||16|||50|||4
>|||4|||17|||17|||4
/=|||3|||17|||21|||4
*|||2|||17|||27|||4
+|||9|||17|||29|||4
%|||4|||17|||31|||4
<|||9|||18|||21|||4
++|||14|||18|||25|||4
<|||10|||19|||15|||4
.|||24|||19|||17|||4
length|||10|||19|||18|||4
(|||34|||19|||19|||4
++|||15|||19|||23|||4
(|||37|||19|||37|||4
+|||10|||19|||40|||4
<|||11|||20|||8|||4
.|||28|||20|||10|||4
length|||11|||20|||11|||4
-|||7|||20|||12|||4
++|||16|||20|||16|||4
<|||12|||20|||26|||4
.|||29|||20|||28|||4
length|||12|||20|||29|||4
-|||8|||20|||30|||4
-|||9|||20|||32|||4
++|||17|||20|||36|||4
>|||5|||20|||44|||4
+|||11|||20|||48|||4
+|||12|||20|||69|||4
+|||13|||20|||76|||4
<|||13|||21|||8|||4
.|||30|||21|||10|||4
length|||13|||21|||11|||4
-|||10|||21|||12|||4
++|||18|||21|||16|||4
+|||14|||21|||30|||4
<|||14|||21|||34|||4
.|||31|||21|||36|||4
length|||14|||21|||37|||4
++|||19|||21|||40|||4
<|||15|||21|||48|||4
<|||16|||22|||8|||4
.|||32|||22|||10|||4
length|||15|||22|||11|||4
++|||20|||22|||14|||4
-|||11|||22|||28|||4
>=|||2|||22|||34|||4
>|||6|||22|||41|||4
+|||15|||22|||47|||4
--|||2|||22|||54|||4
+|||16|||22|||60|||4
<|||17|||23|||8|||4
++|||21|||23|||12|||4
<=|||7|||23|||28|||4
++|||22|||23|||32|||4
+|||17|||23|||42|||4
*|||3|||23|||50|||4
-|||12|||23|||53|||4
/|||3|||23|||56|||4
+|||18|||23|||59|||4
<|||18|||24|||25|||4
++|||23|||24|||29|||4
-|||13|||24|||36|||4
+|||19|||24|||44|||4
/|||4|||24|||56|||4
>|||7|||25|||13|||4
/=|||4|||25|||17|||4
+=|||5|||25|||21|||4
%|||5|||25|||23|||4
<|||19|||26|||22|||4
.|||39|||26|||24|||4
length|||16|||26|||25|||4
(|||58|||26|||26|||4
++|||24|||26|||30|||4
(|||60|||26|||37|||4
==|||2|||26|||40|||4
++|||25|||26|||45|||4
<|||20|||27|||15|||4
.|||41|||27|||17|||4
length|||17|||27|||18|||4
(|||62|||27|||19|||4
++|||26|||27|||23|||4
(|||66|||27|||38|||4
-|||14|||27|||41|||4
<=|||8|||28|||8|||4
++|||27|||28|||12|||4
<=|||9|||28|||28|||4
/|||5|||28|||30|||4
++|||28|||28|||34|||4
%|||6|||28|||39|||4
==|||3|||28|||41|||4
==|||4|||28|||51|||4
+|||20|||28|||61|||4
>|||8|||29|||13|||4
%|||7|||29|||25|||4
!=|||3|||29|||27|||4
%|||8|||29|||31|||4
!=|||4|||29|||33|||4
++|||29|||29|||37|||4
<=|||10|||30|||8|||4
+|||21|||30|||19|||4
++|||30|||30|||25|||4
<=|||11|||31|||12|||4
+=|||6|||31|||17|||4
++|||31|||31|||21|||4
<=|||12|||32|||8|||4
+|||22|||32|||19|||4
+=|||7|||32|||25|||4
<=|||13|||33|||8|||4
+|||23|||33|||19|||4
+=|||8|||33|||25|||4
<=|||14|||34|||12|||4
++|||32|||34|||21|||4
<|||21|||35|||25|||4
.|||55|||35|||27|||4
length|||18|||35|||28|||4
+|||24|||35|||41|||4
++|||33|||35|||47|||4
.|||58|||36|||4|||4
length|||19|||36|||5|||4
-|||15|||36|||6|||4
>=|||3|||36|||12|||4
+|||25|||36|||26|||4
--|||3|||36|||32|||4
<|||22|||37|||12|||4
.|||61|||37|||14|||4
length|||20|||37|||15|||4
+=|||9|||37|||19|||4
++|||34|||37|||26|||4
<|||23|||38|||18|||4
+|||26|||38|||29|||4
+|||27|||38|||37|||4
++|||35|||38|||49|||4
>|||9|||39|||12|||4
++|||36|||39|||17|||4
/=|||5|||39|||20|||4
>|||10|||40|||12|||4
*|||4|||40|||19|||4
+|||28|||40|||21|||4
%|||9|||40|||23|||4
/=|||6|||40|||27|||4
[|||36|||41|||4|||4
<|||24|||41|||15|||4
.|||64|||41|||17|||4
length|||21|||41|||18|||4
>|||11|||41|||27|||4
++|||37|||41|||38|||4
[|||39|||42|||4|||4
<|||25|||42|||15|||4
.|||65|||42|||17|||4
length|||22|||42|||18|||4
<|||26|||42|||27|||4
++|||38|||42|||38|||4
!=|||5|||43|||14|||4
%|||10|||43|||25|||4
<=|||15|||44|||16|||4
/|||6|||44|||18|||4
%|||11|||44|||25|||4
==|||5|||44|||27|||4
++|||39|||44|||35|||4
<|||27|||45|||10|||4
.|||66|||45|||12|||4
length|||23|||45|||13|||4
/|||7|||45|||14|||4
.|||67|||45|||33|||4
length|||24|||45|||34|||4
-|||16|||45|||35|||4
-|||17|||45|||37|||4
.|||68|||45|||44|||4
length|||25|||45|||45|||4
-|||18|||45|||46|||4
-|||19|||45|||48|||4
++|||40|||45|||55|||4
<|||28|||46|||19|||4
.|||69|||46|||21|||4
length|||26|||46|||22|||4
(|||101|||46|||23|||4
(|||104|||46|||38|||4
!=|||6|||46|||42|||4
-|||20|||46|||43|||4
++|||41|||46|||47|||4
++|||42|||46|||50|||4
>|||12|||47|||16|||4
*|||5|||47|||23|||4
+|||29|||47|||25|||4
%|||12|||47|||27|||4
/=|||7|||47|||31|||4
<|||29|||48|||20|||4
++|||43|||48|||29|||4
<|||30|||49|||15|||4
.|||72|||49|||17|||4
length|||27|||49|||18|||4
(|||108|||49|||19|||4
(|||111|||49|||35|||4
+|||30|||49|||38|||4
++|||44|||49|||44|||4
<|||31|||50|||8|||4
.|||76|||50|||10|||4
length|||28|||50|||11|||4
-|||21|||50|||12|||4
<|||32|||50|||24|||4
.|||77|||50|||26|||4
length|||29|||50|||27|||4
-|||22|||50|||28|||4
-|||23|||50|||30|||4
>|||13|||50|||40|||4
+|||31|||50|||44|||4
+|||32|||50|||65|||4
+|||33|||50|||72|||4
++|||45|||50|||80|||4
++|||46|||50|||84|||4
<|||33|||51|||8|||4
.|||78|||51|||10|||4
length|||30|||51|||11|||4
-|||24|||51|||12|||4
+|||34|||51|||24|||4
<|||34|||51|||30|||4
.|||79|||51|||32|||4
length|||31|||51|||33|||4
<|||35|||51|||42|||4
++|||47|||51|||53|||4
++|||48|||51|||82|||4
<|||36|||52|||8|||4
.|||80|||52|||10|||4
length|||32|||52|||11|||4
-|||25|||52|||25|||4
>=|||4|||52|||31|||4
>|||14|||52|||38|||4
+|||35|||52|||45|||4
--|||4|||52|||55|||4
+|||36|||52|||61|||4
++|||49|||52|||68|||4
<|||37|||53|||8|||4
<=|||16|||53|||24|||4
+|||37|||53|||35|||4
*|||6|||53|||43|||4
-|||26|||53|||46|||4
/|||8|||53|||49|||4
+|||38|||53|||52|||4
++|||50|||53|||57|||4
++|||51|||53|||69|||4
<|||38|||54|||24|||4
-|||27|||54|||32|||4
+|||39|||54|||40|||4
++|||52|||54|||45|||4
/|||9|||54|||55|||4
>|||15|||55|||12|||4
+=|||10|||55|||17|||4
%|||13|||55|||19|||4
/=|||8|||55|||23|||4
<|||39|||56|||21|||4
.|||87|||56|||23|||4
length|||33|||56|||24|||4
(|||132|||56|||25|||4
(|||134|||56|||34|||4
==|||6|||56|||37|||4
++|||53|||56|||42|||4
++|||54|||56|||45|||4
<|||40|||57|||15|||4
.|||89|||57|||17|||4
length|||34|||57|||18|||4
(|||136|||57|||19|||4
(|||140|||57|||36|||4
-|||28|||57|||39|||4
++|||55|||57|||45|||4
<=|||17|||58|||8|||4
<=|||18|||58|||24|||4
/|||10|||58|||26|||4
%|||14|||58|||33|||4
==|||7|||58|||35|||4
++|||56|||58|||43|||4
==|||8|||58|||49|||4
+|||40|||58|||59|||4
++|||57|||58|||65|||4
>|||16|||59|||13|||4
%|||15|||59|||24|||4
!=|||7|||59|||26|||4
%|||16|||59|||30|||4
!=|||8|||59|||32|||4
++|||58|||59|||36|||4
for|||1|||0|||0|||5
(|||1|||0|||1|||5
for|||2|||1|||5|||5
(|||3|||1|||6|||5
for|||3|||2|||0|||5
(|||4|||2|||1|||5
for|||4|||3|||0|||5
(|||6|||3|||1|||5
for|||5|||4|||5|||5
(|||8|||4|||6|||5
for|||6|||5|||17|||5
(|||9|||5|||18|||5
for|||7|||6|||0|||5
(|||11|||6|||1|||5
for|||8|||7|||5|||5
(|||13|||7|||6|||5
for|||9|||8|||11|||5
(|||14|||8|||12|||5
for|||10|||9|||9|||5
(|||16|||9|||10|||5
for|||11|||10|||9|||5
(|||17|||10|||10|||5
for|||12|||11|||8|||5
(|||18|||11|||9|||5
for|||13|||12|||8|||5
(|||20|||12|||9|||5
for|||14|||13|||9|||5
(|||22|||13|||10|||5
for|||15|||14|||9|||5
(|||23|||14|||10|||5
for|||16|||15|||0|||5
(|||25|||15|||1|||5
for|||17|||16|||12|||5
(|||26|||16|||13|||5
for|||18|||17|||13|||5
(|||31|||17|||14|||5
for|||19|||18|||13|||5
(|||32|||18|||14|||5
for|||20|||19|||7|||5
(|||33|||19|||8|||5
for|||21|||20|||0|||5
(|||38|||20|||1|||5
for|||22|||20|||18|||5
(|||39|||20|||19|||5
for|||23|||21|||0|||5
(|||41|||21|||1|||5
for|||24|||21|||24|||5
(|||42|||21|||25|||5
for|||25|||22|||0|||5
(|||44|||22|||1|||5
while|||1|||22|||31|||5
(|||45|||22|||32|||5
for|||26|||23|||0|||5
(|||46|||23|||1|||5
for|||27|||23|||20|||5
(|||47|||23|||21|||5
for|||28|||24|||17|||5
(|||52|||24|||18|||5
for|||29|||25|||9|||5
(|||56|||25|||10|||5
for|||30|||26|||14|||5
(|||57|||26|||15|||5
for|||31|||27|||7|||5
(|||61|||27|||8|||5
for|||32|||28|||0|||5
(|||67|||28|||1|||5
for|||33|||28|||20|||5
(|||68|||28|||21|||5
for|||34|||29|||21|||5
(|||73|||29|||22|||5
while|||2|||30|||5|||5
(|||75|||30|||6|||5
while|||3|||31|||9|||5
(|||77|||31|||10|||5
while|||4|||32|||5|||5
(|||78|||32|||6|||5
while|||5|||33|||5|||5
(|||80|||33|||6|||5
while|||6|||34|||9|||5
(|||82|||34|||10|||5
while|||7|||35|||22|||5
(|||83|||35|||23|||5
while|||8|||36|||9|||5
(|||85|||36|||10|||5
while|||9|||37|||9|||5
(|||87|||37|||10|||5
while|||10|||38|||15|||5
(|||88|||38|||16|||5
while|||11|||39|||9|||5
(|||90|||39|||10|||5
while|||12|||40|||9|||5
(|||91|||40|||10|||5
while|||13|||41|||12|||5
(|||92|||41|||13|||5
while|||14|||42|||12|||5
(|||94|||42|||13|||5
while|||15|||43|||11|||5
(|||96|||43|||12|||5
while|||16|||44|||13|||5
(|||97|||44|||14|||5
while|||17|||45|||7|||5
(|||99|||45|||8|||5
while|||18|||46|||16|||5
(|||100|||46|||17|||5
while|||19|||47|||13|||5
(|||105|||47|||14|||5
while|||20|||48|||17|||5
(|||106|||48|||18|||5
while|||21|||49|||12|||5
(|||107|||49|||13|||5
while|||22|||50|||5|||5
(|||112|||50|||6|||5
while|||23|||50|||21|||5
(|||113|||50|||22|||5
while|||24|||51|||5|||5
(|||115|||51|||6|||5
while|||25|||51|||27|||5
(|||116|||51|||28|||5
while|||26|||52|||5|||5
(|||118|||52|||6|||5
while|||27|||52|||28|||5
(|||119|||52|||29|||5
while|||28|||53|||5|||5
(|||120|||53|||6|||5
while|||29|||53|||21|||5
(|||121|||53|||22|||5
while|||30|||54|||21|||5
(|||126|||54|||22|||5
while|||31|||55|||9|||5
(|||130|||55|||10|||5
while|||32|||56|||18|||5
(|||131|||56|||19|||5
while|||33|||57|||12|||5
(|||135|||57|||13|||5
while|||34|||58|||5|||5
(|||141|||58|||6|||5
while|||35|||58|||21|||5
(|||142|||58|||22|||5
while|||36|||59|||21|||5
(|||147|||59|||22|||5
int|||1|||0|||2|||6
int|||2|||1|||0|||6
int|||3|||1|||7|||6
int|||4|||2|||2|||6
int|||5|||3|||2|||6
int|||6|||4|||0|||6
int|||7|||4|||7|||6
int|||8|||5|||0|||6
int|||9|||5|||19|||6
int|||10|||6|||2|||6
int|||11|||7|||0|||6
int|||12|||7|||7|||6
int|||13|||8|||0|||6
int|||14|||8|||13|||6
int|||15|||9|||0|||6
int|||16|||10|||0|||6
int|||17|||11|||0|||6
int|||18|||11|||10|||6
int|||19|||12|||0|||6
int|||20|||12|||10|||6
int|||21|||13|||0|||6
int|||22|||13|||11|||6
int|||23|||14|||0|||6
int|||24|||14|||11|||6
int|||25|||15|||2|||6
String|||1|||16|||0|||6
int|||26|||16|||7|||6
int|||27|||16|||14|||6
int|||28|||17|||0|||6
int|||29|||18|||0|||6
int|||30|||18|||15|||6
String|||2|||19|||0|||6
int|||31|||19|||9|||6
int|||32|||19|||32|||6
int|||33|||20|||2|||6
int|||34|||20|||20|||6
int|||35|||20|||53|||6
int|||36|||21|||2|||6
int|||37|||21|||19|||6
int|||38|||21|||26|||6
int|||39|||21|||58|||6
int|||40|||22|||2|||6
int|||41|||22|||17|||6
int|||42|||23|||2|||6
int|||43|||23|||15|||6
int|||44|||23|||22|||6
int|||45|||24|||0|||6
int|||46|||24|||19|||6
int|||47|||25|||0|||6
String|||3|||26|||0|||6
int|||48|||26|||9|||6
int|||49|||26|||16|||6
String|||4|||27|||0|||6
int|||50|||27|||9|||6
int|||51|||28|||2|||6
int|||52|||28|||15|||6
int|||53|||28|||22|||6
int|||54|||29|||0|||6
int|||55|||30|||0|||6
int|||56|||31|||0|||6
int|||57|||32|||0|||6
int|||58|||33|||0|||6
int|||59|||34|||0|||6
int|||60|||35|||0|||6
int|||61|||35|||17|||6
int|||62|||36|||0|||6
int|||63|||37|||0|||6
int|||64|||38|||0|||6
int|||65|||39|||0|||6
int|||66|||40|||0|||6
int|||67|||41|||0|||6
int|||68|||42|||0|||6
int|||69|||43|||0|||6
int|||70|||44|||0|||6
int|||71|||45|||0|||6
String|||5|||46|||0|||6
int|||72|||46|||7|||6
int|||73|||47|||0|||6
int|||74|||48|||0|||6
String|||6|||49|||0|||6
int|||75|||49|||7|||6
int|||76|||49|||30|||6
int|||77|||50|||0|||6
int|||78|||50|||16|||6
int|||79|||50|||49|||6
int|||80|||51|||0|||6
int|||81|||51|||16|||6
int|||82|||51|||56|||6
int|||83|||52|||0|||6
int|||84|||52|||14|||6
int|||85|||53|||0|||6
int|||86|||53|||12|||6
int|||87|||54|||0|||6
int|||88|||55|||0|||6
String|||7|||56|||0|||6
int|||89|||56|||9|||6
String|||8|||57|||0|||6
int|||90|||57|||7|||6
int|||91|||58|||0|||6
int|||92|||58|||12|||6
int|||93|||59|||0|||6
)|||1|||0|||13|||7
)|||2|||0|||24|||7
)|||3|||1|||18|||7
)|||4|||2|||14|||7
)|||5|||2|||25|||7
)|||6|||3|||14|||7
)|||7|||3|||25|||7
)|||8|||4|||18|||7
*=|||1|||4|||20|||7
]|||1|||5|||2|||7
{|||1|||5|||5|||7
,|||1|||5|||7|||7
,|||2|||5|||9|||7
,|||3|||5|||11|||7
,|||4|||5|||13|||7
}|||1|||5|||15|||7
)|||9|||5|||32|||7
]|||2|||5|||42|||7
)|||10|||5|||46|||7
)|||11|||6|||17|||7
]|||3|||6|||27|||7
)|||12|||6|||31|||7
)|||13|||7|||20|||7
]|||4|||7|||26|||7
)|||14|||8|||24|||7
{|||2|||8|||25|||7
)|||15|||8|||36|||7
=|||16|||8|||39|||7
=|||17|||8|||45|||7
=|||18|||8|||49|||7
}|||2|||8|||52|||7
)|||16|||9|||19|||7
)|||17|||10|||19|||7
=|||23|||10|||21|||7
]|||5|||11|||6|||7
)|||18|||11|||23|||7
if|||1|||11|||24|||7
(|||19|||11|||25|||7
]|||6|||11|||29|||7
)|||19|||11|||32|||7
=|||26|||11|||34|||7
]|||7|||11|||38|||7
]|||8|||12|||6|||7
)|||20|||12|||23|||7
if|||2|||12|||24|||7
(|||21|||12|||25|||7
]|||9|||12|||29|||7
)|||21|||12|||32|||7
=|||29|||12|||34|||7
]|||10|||12|||38|||7
=|||34|||13|||29|||7
)|||22|||13|||31|||7
)|||23|||14|||24|||7
if|||3|||14|||25|||7
(|||24|||14|||26|||7
)|||24|||14|||32|||7
=|||38|||14|||34|||7
)|||25|||15|||19|||7
{|||3|||15|||20|||7
=|||40|||15|||22|||7
]|||11|||15|||26|||7
]|||12|||15|||31|||7
=|||41|||15|||32|||7
]|||13|||15|||42|||7
]|||14|||15|||53|||7
=|||42|||15|||54|||7
}|||3|||15|||57|||7
)|||26|||16|||25|||7
)|||27|||16|||29|||7
if|||4|||16|||30|||7
(|||28|||16|||31|||7
(|||29|||16|||37|||7
)|||28|||16|||43|||7
)|||29|||16|||44|||7
)|||30|||16|||48|||7
)|||31|||17|||23|||7
=|||49|||17|||25|||7
)|||32|||18|||26|||7
*=|||2|||18|||28|||7
)|||33|||19|||20|||7
)|||34|||19|||24|||7
(|||35|||19|||30|||7
(|||36|||19|||31|||7
)|||35|||19|||33|||7
)|||36|||19|||39|||7
)|||37|||19|||43|||7
)|||38|||20|||17|||7
)|||39|||20|||37|||7
if|||5|||20|||38|||7
(|||40|||20|||39|||7
]|||15|||20|||43|||7
]|||16|||20|||50|||7
)|||40|||20|||51|||7
{|||4|||20|||52|||7
=|||58|||20|||55|||7
]|||17|||20|||59|||7
]|||18|||20|||64|||7
=|||59|||20|||65|||7
]|||19|||20|||71|||7
]|||20|||20|||78|||7
=|||60|||20|||79|||7
}|||4|||20|||82|||7
)|||41|||21|||17|||7
{|||5|||21|||18|||7
)|||42|||21|||41|||7
if|||6|||21|||42|||7
(|||43|||21|||43|||7
]|||21|||21|||47|||7
]|||22|||21|||52|||7
)|||43|||21|||53|||7
=|||64|||21|||55|||7
=|||65|||21|||60|||7
]|||23|||21|||64|||7
]|||24|||21|||69|||7
=|||66|||21|||70|||7
]|||25|||21|||74|||7
]|||26|||21|||79|||7
=|||67|||21|||80|||7
}|||5|||21|||83|||7
)|||44|||22|||15|||7
{|||6|||22|||16|||7
]|||27|||22|||23|||7
&&|||1|||22|||36|||7
]|||28|||22|||40|||7
)|||45|||22|||43|||7
]|||29|||22|||49|||7
=|||71|||22|||50|||7
]|||30|||22|||55|||7
]|||31|||22|||62|||7
=|||72|||22|||63|||7
}|||6|||22|||66|||7
)|||46|||23|||13|||7
{|||7|||23|||14|||7
)|||47|||23|||33|||7
{|||8|||23|||34|||7
)|||48|||23|||45|||7
=|||76|||23|||48|||7
(|||49|||23|||51|||7
)|||49|||23|||55|||7
(|||50|||23|||57|||7
)|||50|||23|||61|||7
}|||7|||23|||63|||7
)|||51|||23|||70|||7
}|||8|||23|||72|||7
)|||52|||24|||30|||7
{|||9|||24|||31|||7
*=|||3|||24|||33|||7
(|||53|||24|||34|||7
)|||53|||24|||38|||7
*=|||4|||24|||41|||7
(|||54|||24|||42|||7
)|||54|||24|||46|||7
}|||9|||24|||48|||7
(|||55|||24|||54|||7
)|||55|||24|||58|||7
)|||56|||25|||19|||7
)|||57|||26|||27|||7
)|||58|||26|||31|||7
if|||7|||26|||32|||7
(|||59|||26|||33|||7
)|||59|||26|||39|||7
)|||60|||26|||43|||7
)|||61|||27|||20|||7
)|||62|||27|||24|||7
(|||63|||27|||30|||7
(|||64|||27|||31|||7
)|||63|||27|||33|||7
(|||65|||27|||34|||7
)|||64|||27|||40|||7
)|||65|||27|||43|||7
)|||66|||27|||44|||7
)|||67|||28|||13|||7
{|||10|||28|||14|||7
)|||68|||28|||35|||7
if|||8|||28|||36|||7
(|||69|||28|||37|||7
)|||69|||28|||43|||7
=|||92|||28|||45|||7
if|||9|||28|||48|||7
(|||70|||28|||49|||7
)|||70|||28|||53|||7
)|||71|||28|||64|||7
}|||10|||28|||66|||7
(|||72|||29|||11|||7
)|||72|||29|||15|||7
?|||1|||29|||16|||7
:|||1|||29|||18|||7
|||||1|||29|||29|||7
)|||73|||29|||38|||7
)|||74|||29|||47|||7
)|||75|||30|||10|||7
{|||11|||30|||11|||7
)|||76|||30|||22|||7
}|||11|||30|||27|||7
)|||77|||31|||14|||7
{|||12|||31|||15|||7
}|||12|||31|||23|||7
)|||78|||32|||10|||7
{|||13|||32|||11|||7
)|||79|||32|||22|||7
}|||13|||32|||28|||7
)|||80|||33|||10|||7
{|||14|||33|||11|||7
)|||81|||33|||22|||7
}|||14|||33|||28|||7
)|||82|||34|||14|||7
{|||15|||34|||15|||7
*=|||5|||34|||17|||7
}|||15|||34|||23|||7
]|||32|||35|||2|||7
{|||16|||35|||5|||7
,|||27|||35|||7|||7
,|||28|||35|||9|||7
,|||29|||35|||11|||7
,|||30|||35|||13|||7
}|||16|||35|||15|||7
)|||83|||35|||29|||7
{|||17|||35|||30|||7
]|||33|||35|||40|||7
)|||84|||35|||44|||7
}|||17|||35|||49|||7
)|||85|||36|||14|||7
{|||18|||36|||15|||7
]|||34|||36|||25|||7
)|||86|||36|||29|||7
}|||18|||36|||34|||7
)|||87|||37|||16|||7
{|||19|||37|||17|||7
]|||35|||37|||23|||7
}|||19|||37|||28|||7
)|||88|||38|||20|||7
{|||20|||38|||21|||7
)|||89|||38|||32|||7
=|||111|||38|||35|||7
=|||112|||38|||41|||7
=|||113|||38|||45|||7
}|||20|||38|||51|||7
)|||90|||39|||14|||7
{|||21|||39|||15|||7
}|||21|||39|||23|||7
)|||91|||40|||14|||7
{|||22|||40|||15|||7
=|||118|||40|||17|||7
}|||22|||40|||30|||7
]|||36|||41|||6|||7
)|||92|||41|||19|||7
{|||23|||41|||20|||7
if|||10|||41|||21|||7
(|||93|||41|||22|||7
]|||37|||41|||26|||7
)|||93|||41|||29|||7
=|||121|||41|||31|||7
]|||38|||41|||35|||7
}|||23|||41|||40|||7
]|||39|||42|||6|||7
)|||94|||42|||19|||7
{|||24|||42|||20|||7
if|||11|||42|||21|||7
(|||95|||42|||22|||7
]|||40|||42|||26|||7
)|||95|||42|||29|||7
=|||124|||42|||31|||7
]|||41|||42|||35|||7
}|||24|||42|||40|||7
)|||96|||43|||16|||7
{|||25|||43|||17|||7
=|||128|||43|||23|||7
=|||129|||43|||29|||7
}|||25|||43|||32|||7
)|||97|||44|||20|||7
{|||26|||44|||21|||7
if|||12|||44|||22|||7
(|||98|||44|||23|||7
)|||98|||44|||29|||7
=|||133|||44|||31|||7
}|||26|||44|||37|||7
)|||99|||45|||16|||7
{|||27|||45|||17|||7
=|||135|||45|||19|||7
]|||42|||45|||23|||7
]|||43|||45|||28|||7
=|||136|||45|||29|||7
]|||44|||45|||39|||7
]|||45|||45|||50|||7
=|||137|||45|||51|||7
}|||27|||45|||57|||7
)|||100|||46|||24|||7
)|||101|||46|||25|||7
{|||28|||46|||26|||7
if|||13|||46|||27|||7
(|||102|||46|||28|||7
(|||103|||46|||34|||7
)|||102|||46|||40|||7
)|||103|||46|||41|||7
)|||104|||46|||45|||7
}|||28|||46|||52|||7
)|||105|||47|||18|||7
{|||29|||47|||19|||7
=|||144|||47|||21|||7
}|||29|||47|||34|||7
)|||106|||48|||22|||7
{|||30|||48|||23|||7
*=|||6|||48|||25|||7
}|||30|||48|||31|||7
)|||107|||49|||20|||7
)|||108|||49|||21|||7
{|||31|||49|||22|||7
(|||109|||49|||28|||7
(|||110|||49|||29|||7
)|||109|||49|||31|||7
)|||110|||49|||37|||7
)|||111|||49|||41|||7
}|||31|||49|||46|||7
)|||112|||50|||14|||7
{|||32|||50|||15|||7
)|||113|||50|||32|||7
{|||33|||50|||33|||7
if|||14|||50|||34|||7
(|||114|||50|||35|||7
]|||46|||50|||39|||7
]|||47|||50|||46|||7
)|||114|||50|||47|||7
{|||34|||50|||48|||7
=|||153|||50|||51|||7
]|||48|||50|||55|||7
]|||49|||50|||60|||7
=|||154|||50|||61|||7
]|||50|||50|||67|||7
]|||51|||50|||74|||7
=|||155|||50|||75|||7
}|||32|||50|||78|||7
}|||33|||50|||82|||7
}|||34|||50|||86|||7
)|||115|||51|||14|||7
{|||35|||51|||15|||7
)|||116|||51|||34|||7
{|||36|||51|||35|||7
if|||15|||51|||36|||7
(|||117|||51|||37|||7
]|||52|||51|||41|||7
]|||53|||51|||46|||7
)|||117|||51|||47|||7
=|||159|||51|||49|||7
}|||35|||51|||55|||7
=|||160|||51|||58|||7
]|||54|||51|||62|||7
]|||55|||51|||67|||7
=|||161|||51|||68|||7
]|||56|||51|||72|||7
]|||57|||51|||77|||7
=|||162|||51|||78|||7
}|||36|||51|||84|||7
)|||118|||52|||12|||7
{|||37|||52|||13|||7
]|||58|||52|||20|||7
&&|||2|||52|||33|||7
]|||59|||52|||37|||7
)|||119|||52|||40|||7
{|||38|||52|||41|||7
]|||60|||52|||47|||7
=|||166|||52|||48|||7
]|||61|||52|||52|||7
}|||37|||52|||57|||7
]|||62|||52|||63|||7
=|||167|||52|||64|||7
}|||38|||52|||70|||7
)|||120|||53|||10|||7
{|||39|||53|||11|||7
)|||121|||53|||26|||7
{|||40|||53|||27|||7
)|||122|||53|||38|||7
=|||171|||53|||41|||7
(|||123|||53|||44|||7
)|||123|||53|||48|||7
(|||124|||53|||50|||7
)|||124|||53|||54|||7
}|||39|||53|||59|||7
)|||125|||53|||66|||7
}|||40|||53|||71|||7
)|||126|||54|||26|||7
{|||41|||54|||27|||7
*=|||7|||54|||29|||7
(|||127|||54|||30|||7
)|||127|||54|||34|||7
*=|||8|||54|||37|||7
(|||128|||54|||38|||7
)|||128|||54|||42|||7
}|||41|||54|||47|||7
(|||129|||54|||53|||7
)|||129|||54|||57|||7
)|||130|||55|||14|||7
{|||42|||55|||15|||7
}|||42|||55|||26|||7
)|||131|||56|||26|||7
)|||132|||56|||27|||7
{|||43|||56|||28|||7
if|||16|||56|||29|||7
(|||133|||56|||30|||7
)|||133|||56|||36|||7
)|||134|||56|||40|||7
}|||43|||56|||47|||7
)|||135|||57|||20|||7
)|||136|||57|||21|||7
{|||44|||57|||22|||7
(|||137|||57|||28|||7
(|||138|||57|||29|||7
)|||137|||57|||31|||7
(|||139|||57|||32|||7
)|||138|||57|||38|||7
)|||139|||57|||41|||7
)|||140|||57|||42|||7
}|||44|||57|||47|||7
)|||141|||58|||10|||7
{|||45|||58|||11|||7
)|||142|||58|||28|||7
{|||46|||58|||29|||7
if|||17|||58|||30|||7
(|||143|||58|||31|||7
)|||143|||58|||37|||7
=|||187|||58|||39|||7
}|||45|||58|||45|||7
if|||18|||58|||46|||7
(|||144|||58|||47|||7
)|||144|||58|||51|||7
)|||145|||58|||62|||7
}|||46|||58|||67|||7
(|||146|||59|||11|||7
)|||146|||59|||15|||7
?|||2|||59|||16|||7
:|||2|||59|||18|||7
|||||2|||59|||28|||7
)|||147|||59|||34|||7
)|||148|||59|||45|||7
=|||1|||0|||4|||8
=|||2|||1|||2|||8
=|||3|||1|||9|||8
=|||4|||2|||4|||8
=|||5|||3|||4|||8
=|||6|||4|||2|||8
=|||7|||4|||9|||8
=|||8|||5|||4|||8
=|||9|||5|||21|||8
=|||10|||6|||4|||8
=|||11|||7|||2|||8
=|||12|||7|||9|||8
=|||13|||8|||2|||8
=|||14|||8|||6|||8
=|||15|||8|||15|||8
=|||19|||9|||2|||8
=|||20|||9|||6|||8
=|||21|||10|||2|||8
=|||22|||10|||6|||8
=|||24|||11|||2|||8
=|||25|||11|||12|||8
=|||27|||12|||2|||8
=|||28|||12|||12|||8
=|||30|||13|||2|||8
=|||31|||13|||6|||8
=|||32|||13|||19|||8
=|||33|||13|||23|||8
=|||35|||14|||2|||8
=|||36|||14|||6|||8
=|||37|||14|||13|||8
=|||39|||15|||4|||8
=|||43|||16|||2|||8
=|||44|||16|||9|||8
=|||45|||16|||16|||8
=|||46|||17|||2|||8
=|||47|||17|||6|||8
=|||48|||17|||10|||8
=|||50|||18|||2|||8
=|||51|||18|||6|||8
=|||52|||18|||10|||8
=|||53|||18|||17|||8
=|||54|||19|||2|||8
=|||55|||19|||11|||8
=|||56|||20|||4|||8
=|||57|||20|||22|||8
=|||61|||21|||4|||8
=|||62|||21|||21|||8
=|||63|||21|||28|||8
=|||68|||22|||4|||8
=|||69|||22|||19|||8
=|||70|||22|||26|||8
=|||73|||23|||4|||8
=|||74|||23|||17|||8
=|||75|||23|||24|||8
=|||77|||24|||2|||8
=|||78|||24|||6|||8
=|||79|||24|||10|||8
=|||80|||24|||14|||8
=|||81|||24|||21|||8
=|||82|||25|||2|||8
=|||83|||25|||6|||8
=|||84|||26|||2|||8
=|||85|||26|||11|||8
=|||86|||26|||18|||8
=|||87|||27|||2|||8
=|||88|||27|||11|||8
=|||89|||28|||4|||8
=|||90|||28|||17|||8
=|||91|||28|||24|||8
=|||93|||29|||2|||8
=|||94|||29|||6|||8
=|||95|||29|||10|||8
=|||96|||30|||2|||8
=|||97|||31|||2|||8
=|||98|||31|||6|||8
=|||99|||32|||2|||8
=|||100|||33|||2|||8
=|||101|||34|||2|||8
=|||102|||34|||6|||8
=|||103|||35|||4|||8
=|||104|||35|||19|||8
=|||105|||36|||2|||8
=|||106|||37|||2|||8
=|||107|||37|||6|||8
=|||108|||38|||2|||8
=|||109|||38|||6|||8
=|||110|||38|||12|||8
=|||114|||39|||2|||8
=|||115|||39|||6|||8
=|||116|||40|||2|||8
=|||117|||40|||6|||8
=|||119|||41|||2|||8
=|||120|||41|||9|||8
=|||122|||42|||2|||8
=|||123|||42|||9|||8
=|||125|||43|||2|||8
=|||126|||43|||6|||8
=|||127|||43|||19|||8
=|||130|||44|||2|||8
=|||131|||44|||6|||8
=|||132|||44|||10|||8
=|||134|||45|||2|||8
=|||138|||46|||2|||8
=|||139|||46|||9|||8
=|||140|||46|||13|||8
=|||141|||47|||2|||8
=|||142|||47|||6|||8
=|||143|||47|||10|||8
=|||145|||48|||2|||8
=|||146|||48|||6|||8
=|||147|||48|||10|||8
=|||148|||48|||14|||8
=|||149|||49|||2|||8
=|||150|||49|||9|||8
=|||151|||50|||2|||8
=|||152|||50|||18|||8
=|||156|||51|||2|||8
=|||157|||51|||18|||8
=|||158|||51|||22|||8
=|||163|||52|||2|||8
=|||164|||52|||16|||8
=|||165|||52|||23|||8
=|||168|||53|||2|||8
=|||169|||53|||14|||8
=|||170|||53|||18|||8
=|||172|||54|||2|||8
=|||173|||54|||6|||8
=|||174|||54|||10|||8
=|||175|||54|||14|||8
=|||176|||54|||18|||8
=|||177|||55|||2|||8
=|||178|||55|||6|||8
=|||179|||56|||2|||8
=|||180|||56|||11|||8
=|||181|||56|||15|||8
=|||182|||57|||2|||8
=|||183|||57|||9|||8
=|||184|||58|||2|||8
=|||185|||58|||14|||8
=|||186|||58|||18|||8
=|||188|||59|||2|||8
=|||189|||59|||6|||8
=|||190|||59|||10|||8
1|||1|||0|||5|||9
5|||1|||0|||9|||9
0|||1|||1|||3|||9
1|||2|||1|||10|||9
5|||2|||1|||14|||9
2|||1|||2|||5|||9
10|||1|||2|||9|||9
2|||2|||2|||13|||9
1|||3|||3|||5|||9
10|||2|||3|||9|||9
2|||3|||3|||13|||9
1|||4|||4|||3|||9
1|||5|||4|||10|||9
5|||3|||4|||14|||9
1|||6|||5|||6|||9
2|||4|||5|||8|||9
3|||1|||5|||10|||9
4|||1|||5|||12|||9
5|||4|||5|||14|||9
0|||2|||5|||22|||9
1|||7|||6|||9|||9
0|||3|||6|||13|||9
0|||4|||7|||3|||9
0|||5|||7|||10|||9
0|||6|||8|||3|||9
1|||8|||8|||7|||9
0|||7|||8|||16|||9
5|||5|||8|||20|||9
12345|||1|||9|||3|||9
0|||8|||9|||7|||9
0|||9|||9|||14|||9
10|||3|||9|||18|||9
0|||10|||10|||3|||9
1234|||1|||10|||7|||9
0|||11|||10|||14|||9
10|||4|||10|||18|||9
10|||5|||10|||24|||9
10|||6|||10|||28|||9
0|||12|||11|||5|||9
1|||9|||11|||13|||9
0|||13|||12|||5|||9
1|||10|||12|||13|||9
24|||1|||13|||3|||9
36|||1|||13|||7|||9
0|||14|||13|||16|||9
17|||1|||14|||3|||9
1|||11|||14|||7|||9
2|||5|||14|||14|||9
2|||6|||14|||20|||9
0|||15|||14|||31|||9
0|||16|||14|||35|||9
0|||17|||15|||5|||9
2|||7|||15|||15|||9
1|||12|||15|||41|||9
1|||13|||15|||52|||9
0|||18|||16|||10|||9
0|||19|||16|||17|||9
1|||14|||16|||47|||9
121|||1|||17|||3|||9
0|||20|||17|||7|||9
0|||21|||17|||18|||9
10|||7|||17|||22|||9
10|||8|||17|||28|||9
10|||9|||17|||32|||9
2|||8|||18|||3|||9
3|||2|||18|||7|||9
1|||15|||18|||11|||9
0|||22|||18|||18|||9
0|||23|||19|||12|||9
0|||24|||20|||5|||9
1|||16|||20|||13|||9
0|||25|||20|||23|||9
1|||17|||20|||33|||9
1|||18|||20|||49|||9
1|||19|||20|||70|||9
1|||20|||20|||77|||9
0|||26|||21|||5|||9
1|||21|||21|||13|||9
1|||22|||21|||31|||9
1|||23|||22|||5|||9
1|||24|||22|||29|||9
0|||27|||22|||35|||9
1|||25|||22|||48|||9
1|||26|||22|||61|||9
0|||28|||23|||5|||9
5|||6|||23|||9|||9
1|||27|||23|||18|||9
0|||29|||23|||25|||9
1|||28|||23|||60|||9
5|||7|||24|||3|||9
2|||9|||24|||7|||9
1|||29|||24|||11|||9
1|||30|||24|||15|||9
0|||30|||24|||22|||9
1|||31|||24|||45|||9
123|||1|||25|||3|||9
0|||31|||25|||7|||9
0|||32|||25|||14|||9
10|||10|||25|||18|||9
10|||11|||25|||24|||9
1|||32|||26|||12|||9
0|||33|||26|||19|||9
0|||34|||27|||12|||9
32|||1|||27|||42|||9
2|||10|||28|||5|||9
50|||1|||28|||9|||9
1|||33|||28|||18|||9
2|||11|||28|||25|||9
2|||12|||28|||31|||9
0|||35|||28|||42|||9
0|||36|||28|||46|||9
1|||34|||28|||52|||9
12|||1|||29|||3|||9
18|||1|||29|||7|||9
0|||37|||29|||28|||9
0|||38|||29|||34|||9
1|||35|||30|||3|||9
5|||8|||30|||9|||9
0|||39|||31|||3|||9
1|||36|||31|||7|||9
5|||9|||31|||13|||9
2|||13|||32|||3|||9
10|||12|||32|||9|||9
2|||14|||32|||26|||9
1|||37|||33|||3|||9
10|||13|||33|||9|||9
2|||15|||33|||26|||9
1|||38|||34|||3|||9
1|||39|||34|||7|||9
5|||10|||34|||13|||9
1|||40|||35|||6|||9
2|||16|||35|||8|||9
3|||3|||35|||10|||9
4|||2|||35|||12|||9
5|||11|||35|||14|||9
0|||40|||35|||20|||9
1|||41|||36|||7|||9
0|||41|||36|||13|||9
0|||42|||37|||3|||9
0|||43|||37|||7|||9
0|||44|||38|||3|||9
1|||42|||38|||7|||9
0|||45|||38|||13|||9
5|||12|||38|||19|||9
12345|||2|||39|||3|||9
0|||46|||39|||7|||9
0|||47|||39|||13|||9
10|||14|||39|||21|||9
0|||48|||40|||3|||9
1234|||2|||40|||7|||9
0|||49|||40|||13|||9
10|||15|||40|||20|||9
10|||16|||40|||24|||9
10|||17|||40|||28|||9
0|||50|||41|||5|||9
1|||43|||41|||10|||9
0|||51|||42|||5|||9
1|||44|||42|||10|||9
24|||2|||43|||3|||9
36|||2|||43|||7|||9
0|||52|||43|||15|||9
17|||2|||44|||3|||9
1|||45|||44|||7|||9
2|||17|||44|||11|||9
2|||18|||44|||19|||9
0|||53|||44|||28|||9
0|||54|||44|||32|||9
0|||55|||45|||3|||9
2|||19|||45|||15|||9
1|||46|||45|||38|||9
1|||47|||45|||49|||9
0|||56|||46|||10|||9
0|||57|||46|||14|||9
1|||48|||46|||44|||9
121|||2|||47|||3|||9
0|||58|||47|||7|||9
0|||59|||47|||17|||9
10|||18|||47|||24|||9
10|||19|||47|||28|||9
10|||20|||47|||32|||9
2|||20|||48|||3|||9
3|||4|||48|||7|||9
1|||49|||48|||11|||9
0|||60|||48|||15|||9
0|||61|||49|||10|||9
0|||62|||50|||3|||9
1|||50|||50|||13|||9
0|||63|||50|||19|||9
1|||51|||50|||31|||9
1|||52|||50|||45|||9
1|||53|||50|||66|||9
1|||54|||50|||73|||9
0|||64|||51|||3|||9
1|||55|||51|||13|||9
1|||56|||51|||25|||9
1|||57|||52|||3|||9
1|||58|||52|||26|||9
0|||65|||52|||32|||9
1|||59|||52|||46|||9
1|||60|||52|||62|||9
0|||66|||53|||3|||9
5|||13|||53|||9|||9
1|||61|||53|||15|||9
0|||67|||53|||19|||9
1|||62|||53|||53|||9
5|||14|||54|||3|||9
2|||21|||54|||7|||9
1|||63|||54|||11|||9
1|||64|||54|||15|||9
0|||68|||54|||19|||9
1|||65|||54|||41|||9
123|||2|||55|||3|||9
0|||69|||55|||7|||9
0|||70|||55|||13|||9
10|||21|||55|||20|||9
10|||22|||55|||24|||9
1|||66|||56|||12|||9
0|||71|||56|||16|||9
0|||72|||57|||10|||9
32|||2|||57|||40|||9
2|||22|||58|||3|||9
50|||2|||58|||9|||9
1|||67|||58|||15|||9
2|||23|||58|||19|||9
2|||24|||58|||27|||9
0|||73|||58|||36|||9
0|||74|||58|||40|||9
1|||68|||58|||50|||9
12|||2|||59|||3|||9
18|||2|||59|||7|||9
0|||75|||59|||27|||9
0|||76|||59|||33|||9
