sum|||1|||1|||1|||0
sum|||2|||1|||19|||0
fact|||1|||4|||1|||0
fact|||2|||4|||19|||0
sum|||3|||7|||1|||0
sum|||4|||7|||21|||0
a|||1|||8|||1|||0
b|||1|||8|||5|||0
c|||1|||8|||9|||0
a|||2|||8|||32|||0
c|||2|||8|||38|||0
a|||3|||8|||40|||0
b|||2|||8|||42|||0
a|||4|||8|||44|||0
b|||3|||8|||46|||0
b|||4|||8|||48|||0
c|||3|||8|||50|||0
num|||1|||9|||1|||0
12345|||1|||9|||3|||0
count|||1|||9|||5|||0
num|||2|||9|||12|||0
num|||3|||9|||16|||0
count|||2|||9|||20|||0
rev|||1|||10|||1|||0
num|||4|||10|||5|||0
num|||5|||10|||12|||0
num|||6|||10|||16|||0
rev|||2|||10|||20|||0
rev|||3|||10|||22|||0
num|||7|||10|||26|||0
max|||1|||11|||1|||0
max|||2|||11|||31|||0
max|||3|||11|||33|||0
min|||1|||12|||1|||0
min|||2|||12|||31|||0
min|||3|||12|||33|||0
a|||5|||13|||1|||0
b|||5|||13|||5|||0
t|||1|||13|||12|||0
b|||6|||13|||14|||0
t|||2|||13|||18|||0
b|||7|||13|||20|||0
b|||8|||13|||22|||0
a|||6|||13|||24|||0
b|||9|||13|||26|||0
a|||7|||13|||28|||0
t|||3|||13|||30|||0
n|||1|||14|||1|||0
flag|||1|||14|||5|||0
n|||2|||14|||18|||0
n|||3|||14|||27|||0
flag|||2|||14|||33|||0
temp|||1|||15|||7|||0
temp|||2|||15|||21|||0
temp|||3|||15|||55|||0
str|||1|||16|||1|||0
vc|||1|||16|||8|||0
str|||2|||16|||21|||0
str|||3|||16|||38|||0
vc|||2|||16|||49|||0
num|||8|||17|||1|||0
rev|||4|||17|||5|||0
temp|||4|||17|||9|||0
num|||9|||17|||11|||0
temp|||5|||17|||16|||0
temp|||6|||17|||20|||0
rev|||5|||17|||24|||0
rev|||6|||17|||26|||0
temp|||7|||17|||30|||0
x|||1|||18|||1|||0
y|||1|||18|||5|||0
res|||1|||18|||9|||0
y|||2|||18|||22|||0
res|||2|||18|||27|||0
x|||2|||18|||29|||0
s|||1|||19|||1|||0
abc|||1|||19|||4|||0
s|||2|||19|||16|||0
s|||3|||19|||34|||0
t|||4|||20|||54|||0
t|||5|||20|||80|||0
min|||4|||21|||20|||0
min|||5|||21|||51|||0
min|||6|||21|||54|||0
t|||6|||21|||59|||0
min|||7|||21|||73|||0
min|||8|||21|||78|||0
t|||7|||21|||81|||0
key|||1|||22|||18|||0
key|||2|||22|||42|||0
key|||3|||22|||64|||0
c|||4|||23|||16|||0
c|||5|||23|||41|||0
c|||6|||23|||47|||0
c|||7|||23|||49|||0
n|||4|||24|||1|||0
r|||1|||24|||5|||0
num|||10|||24|||9|||0
den|||1|||24|||13|||0
r|||2|||24|||26|||0
num|||11|||24|||32|||0
n|||5|||24|||35|||0
den|||2|||24|||40|||0
num|||12|||24|||55|||0
den|||3|||24|||57|||0
num|||13|||25|||1|||0
sum|||5|||25|||5|||0
num|||14|||25|||12|||0
num|||15|||25|||16|||0
sum|||6|||25|||20|||0
num|||16|||25|||22|||0
str|||4|||26|||1|||0
wc|||1|||26|||10|||0
str|||5|||26|||23|||0
str|||6|||26|||34|||0
wc|||2|||26|||44|||0
str|||7|||27|||1|||0
str|||8|||27|||16|||0
char|||1|||27|||32|||0
str|||9|||27|||35|||0
f|||1|||28|||16|||0
f|||2|||28|||44|||0
f|||3|||28|||50|||0
a|||8|||29|||1|||0
b|||10|||29|||5|||0
lcm|||1|||29|||9|||0
a|||9|||29|||12|||0
b|||11|||29|||14|||0
a|||10|||29|||17|||0
b|||12|||29|||19|||0
lcm|||2|||29|||24|||0
a|||11|||29|||26|||0
lcm|||3|||29|||30|||0
b|||13|||29|||32|||0
lcm|||4|||29|||36|||0
lcm|||5|||29|||46|||0
sum|||7|||31|||1|||0
sum|||8|||31|||16|||0
fact|||3|||34|||1|||0
fact|||4|||34|||16|||0
sum|||9|||37|||1|||0
sum|||10|||37|||18|||0
a|||12|||38|||1|||0
b|||14|||38|||5|||0
c|||8|||38|||9|||0
a|||13|||38|||28|||0
c|||9|||38|||34|||0
a|||14|||38|||36|||0
b|||15|||38|||38|||0
a|||15|||38|||40|||0
b|||16|||38|||42|||0
b|||17|||38|||44|||0
c|||10|||38|||46|||0
num|||17|||39|||1|||0
12345|||2|||39|||3|||0
count|||3|||39|||5|||0
num|||18|||39|||11|||0
count|||4|||39|||16|||0
num|||19|||39|||19|||0
rev|||7|||40|||1|||0
num|||20|||40|||5|||0
num|||21|||40|||11|||0
rev|||8|||40|||16|||0
rev|||9|||40|||18|||0
num|||22|||40|||22|||0
num|||23|||40|||26|||0
max|||4|||41|||1|||0
max|||5|||41|||28|||0
max|||6|||41|||30|||0
min|||9|||42|||1|||0
min|||10|||42|||28|||0
min|||11|||42|||30|||0
a|||16|||43|||1|||0
b|||18|||43|||5|||0
t|||8|||43|||9|||0
b|||19|||43|||13|||0
t|||9|||43|||18|||0
b|||20|||43|||20|||0
b|||21|||43|||22|||0
a|||17|||43|||24|||0
b|||22|||43|||26|||0
a|||18|||43|||28|||0
t|||10|||43|||30|||0
n|||6|||44|||1|||0
flag|||3|||44|||5|||0
n|||7|||44|||17|||0
n|||8|||44|||24|||0
flag|||4|||44|||30|||0
temp|||8|||45|||5|||0
temp|||9|||45|||18|||0
temp|||10|||45|||52|||0
str|||10|||46|||1|||0
vc|||3|||46|||8|||0
str|||11|||46|||20|||0
str|||12|||46|||35|||0
vc|||4|||46|||46|||0
num|||24|||47|||1|||0
rev|||10|||47|||5|||0
temp|||11|||47|||9|||0
num|||25|||47|||11|||0
temp|||12|||47|||15|||0
rev|||11|||47|||20|||0
rev|||12|||47|||22|||0
temp|||13|||47|||26|||0
temp|||14|||47|||30|||0
x|||3|||48|||1|||0
y|||3|||48|||5|||0
res|||3|||48|||9|||0
y|||4|||48|||21|||0
res|||4|||48|||24|||0
x|||4|||48|||26|||0
s|||4|||49|||1|||0
abc|||2|||49|||4|||0
s|||5|||49|||16|||0
s|||6|||49|||32|||0
t|||11|||50|||50|||0
t|||12|||50|||76|||0
min|||12|||51|||17|||0
min|||13|||51|||45|||0
min|||14|||51|||48|||0
t|||13|||51|||57|||0
min|||15|||51|||71|||0
min|||16|||51|||76|||0
t|||14|||51|||79|||0
key|||4|||52|||15|||0
key|||5|||52|||39|||0
key|||6|||52|||65|||0
c|||11|||53|||13|||0
c|||12|||53|||34|||0
c|||13|||53|||40|||0
c|||14|||53|||42|||0
n|||9|||54|||1|||0
r|||3|||54|||5|||0
num|||26|||54|||9|||0
den|||4|||54|||13|||0
r|||4|||54|||25|||0
num|||27|||54|||28|||0
n|||10|||54|||31|||0
den|||5|||54|||36|||0
num|||28|||54|||54|||0
den|||6|||54|||56|||0
num|||29|||55|||1|||0
sum|||11|||55|||5|||0
num|||30|||55|||11|||0
sum|||12|||55|||16|||0
num|||31|||55|||18|||0
num|||32|||55|||22|||0
str|||13|||56|||1|||0
wc|||3|||56|||10|||0
str|||14|||56|||22|||0
str|||15|||56|||31|||0
wc|||4|||56|||41|||0
str|||16|||57|||1|||0
str|||17|||57|||16|||0
char|||2|||57|||30|||0
str|||18|||57|||33|||0
f|||4|||58|||13|||0
f|||5|||58|||38|||0
f|||6|||58|||48|||0
a|||19|||59|||1|||0
b|||23|||59|||5|||0
lcm|||6|||59|||9|||0
a|||20|||59|||12|||0
b|||24|||59|||14|||0
a|||21|||59|||17|||0
b|||25|||59|||19|||0
lcm|||7|||59|||23|||0
a|||22|||59|||25|||0
lcm|||8|||59|||29|||0
b|||26|||59|||31|||0
lcm|||9|||59|||35|||0
lcm|||10|||59|||44|||0
for|||1|||0|||0|||1
(|||1|||0|||1|||1
System|||1|||0|||14|||1
.|||1|||0|||15|||1
out|||1|||0|||16|||1
.|||2|||0|||17|||1
print|||1|||0|||18|||1
(|||2|||0|||19|||1
+|||1|||0|||21|||1
"|||1|||0|||22|||1
"|||2|||0|||23|||1
for|||2|||1|||5|||1
(|||3|||1|||6|||1
for|||3|||2|||0|||1
(|||4|||2|||1|||1
System|||2|||2|||15|||1
.|||3|||2|||16|||1
out|||2|||2|||17|||1
.|||4|||2|||18|||1
print|||2|||2|||19|||1
(|||5|||2|||20|||1
+|||2|||2|||22|||1
"|||3|||2|||23|||1
"|||4|||2|||24|||1
for|||4|||3|||0|||1
(|||6|||3|||1|||1
System|||3|||3|||15|||1
.|||5|||3|||16|||1
out|||3|||3|||17|||1
.|||6|||3|||18|||1
print|||3|||3|||19|||1
(|||7|||3|||20|||1
+|||3|||3|||22|||1
"|||5|||3|||23|||1
"|||6|||3|||24|||1
for|||5|||4|||5|||1
(|||8|||4|||6|||1
[|||1|||5|||1|||1
]|||1|||5|||2|||1
{|||1|||5|||5|||1
for|||6|||5|||17|||1
(|||9|||5|||18|||1
.|||7|||5|||27|||1
length|||1|||5|||28|||1
System|||4|||5|||33|||1
.|||8|||5|||34|||1
out|||4|||5|||35|||1
.|||9|||5|||36|||1
print|||4|||5|||37|||1
(|||10|||5|||38|||1
[|||2|||5|||40|||1
]|||2|||5|||42|||1
+|||4|||5|||43|||1
"|||7|||5|||44|||1
"|||8|||5|||45|||1
for|||7|||6|||0|||1
(|||11|||6|||1|||1
.|||10|||6|||6|||1
length|||2|||6|||7|||1
-|||1|||6|||8|||1
System|||5|||6|||18|||1
.|||11|||6|||19|||1
out|||5|||6|||20|||1
.|||12|||6|||21|||1
print|||5|||6|||22|||1
(|||12|||6|||23|||1
[|||3|||6|||25|||1
]|||3|||6|||27|||1
+|||5|||6|||28|||1
"|||9|||6|||29|||1
"|||10|||6|||30|||1
for|||8|||7|||5|||1
(|||13|||7|||6|||1
.|||13|||7|||15|||1
length|||3|||7|||16|||1
[|||4|||7|||24|||1
]|||4|||7|||26|||1
for|||9|||8|||11|||1
(|||14|||8|||12|||1
System|||6|||8|||26|||1
.|||14|||8|||27|||1
out|||6|||8|||28|||1
.|||15|||8|||29|||1
print|||6|||8|||30|||1
(|||15|||8|||31|||1
+|||6|||8|||33|||1
"|||11|||8|||34|||1
"|||12|||8|||35|||1
+|||7|||8|||41|||1
for|||10|||9|||9|||1
(|||16|||9|||10|||1
1234|||1|||10|||7|||1
for|||11|||10|||9|||1
(|||17|||10|||10|||1
*|||1|||10|||23|||1
+|||8|||10|||25|||1
%|||1|||10|||27|||1
[|||5|||11|||4|||1
]|||5|||11|||6|||1
for|||12|||11|||8|||1
(|||18|||11|||9|||1
.|||16|||11|||18|||1
length|||4|||11|||19|||1
if|||1|||11|||24|||1
(|||19|||11|||25|||1
[|||6|||11|||27|||1
]|||6|||11|||29|||1
[|||7|||11|||36|||1
]|||7|||11|||38|||1
[|||8|||12|||4|||1
]|||8|||12|||6|||1
for|||13|||12|||8|||1
(|||20|||12|||9|||1
.|||17|||12|||18|||1
length|||5|||12|||19|||1
if|||2|||12|||24|||1
(|||21|||12|||25|||1
[|||9|||12|||27|||1
]|||9|||12|||29|||1
[|||10|||12|||36|||1
]|||10|||12|||38|||1
for|||14|||13|||9|||1
(|||22|||13|||10|||1
,|||10|||13|||21|||1
%|||2|||13|||25|||1
,|||11|||13|||27|||1
for|||15|||14|||9|||1
(|||23|||14|||10|||1
/|||1|||14|||19|||1
if|||3|||14|||25|||1
(|||24|||14|||26|||1
%|||3|||14|||28|||1
for|||16|||15|||0|||1
(|||25|||15|||1|||1
.|||18|||15|||12|||1
length|||6|||15|||13|||1
/|||2|||15|||14|||1
[|||11|||15|||24|||1
]|||11|||15|||26|||1
[|||12|||15|||29|||1
]|||12|||15|||31|||1
[|||13|||15|||34|||1
.|||19|||15|||36|||1
length|||7|||15|||37|||1
-|||2|||15|||38|||1
-|||3|||15|||40|||1
]|||13|||15|||42|||1
[|||14|||15|||45|||1
.|||20|||15|||47|||1
length|||8|||15|||48|||1
-|||4|||15|||49|||1
-|||5|||15|||51|||1
]|||14|||15|||53|||1
"|||13|||16|||3|||1
hello|||1|||16|||4|||1
"|||14|||16|||5|||1
for|||17|||16|||12|||1
(|||26|||16|||13|||1
.|||21|||16|||22|||1
length|||9|||16|||23|||1
(|||27|||16|||24|||1
if|||4|||16|||30|||1
(|||28|||16|||31|||1
"|||15|||16|||32|||1
aeiou|||1|||16|||33|||1
"|||16|||16|||34|||1
.|||22|||16|||35|||1
indexOf|||1|||16|||36|||1
(|||29|||16|||37|||1
.|||23|||16|||39|||1
charAt|||1|||16|||40|||1
(|||30|||16|||41|||1
-|||6|||16|||46|||1
for|||18|||17|||13|||1
(|||31|||17|||14|||1
*|||2|||17|||27|||1
+|||9|||17|||29|||1
%|||4|||17|||31|||1
for|||19|||18|||13|||1
(|||32|||18|||14|||1
"|||17|||19|||3|||1
"|||18|||19|||5|||1
for|||20|||19|||7|||1
(|||33|||19|||8|||1
.|||24|||19|||17|||1
length|||10|||19|||18|||1
(|||34|||19|||19|||1
System|||7|||19|||25|||1
.|||25|||19|||26|||1
out|||7|||19|||27|||1
.|||26|||19|||28|||1
print|||7|||19|||29|||1
(|||35|||19|||30|||1
(|||36|||19|||31|||1
.|||27|||19|||35|||1
charAt|||2|||19|||36|||1
(|||37|||19|||37|||1
+|||10|||19|||40|||1
"|||19|||19|||41|||1
"|||20|||19|||42|||1
for|||21|||20|||0|||1
(|||38|||20|||1|||1
.|||28|||20|||10|||1
length|||11|||20|||11|||1
-|||7|||20|||12|||1
for|||22|||20|||18|||1
(|||39|||20|||19|||1
.|||29|||20|||28|||1
length|||12|||20|||29|||1
-|||8|||20|||30|||1
-|||9|||20|||32|||1
if|||5|||20|||38|||1
(|||40|||20|||39|||1
[|||15|||20|||41|||1
]|||15|||20|||43|||1
[|||16|||20|||46|||1
+|||11|||20|||48|||1
]|||16|||20|||50|||1
[|||17|||20|||57|||1
]|||17|||20|||59|||1
[|||18|||20|||62|||1
]|||18|||20|||64|||1
[|||19|||20|||67|||1
+|||12|||20|||69|||1
]|||19|||20|||71|||1
[|||20|||20|||74|||1
+|||13|||20|||76|||1
]|||20|||20|||78|||1
for|||23|||21|||0|||1
(|||41|||21|||1|||1
.|||30|||21|||10|||1
length|||13|||21|||11|||1
-|||10|||21|||12|||1
for|||24|||21|||24|||1
(|||42|||21|||25|||1
+|||14|||21|||30|||1
.|||31|||21|||36|||1
length|||14|||21|||37|||1
if|||6|||21|||42|||1
(|||43|||21|||43|||1
[|||21|||21|||45|||1
]|||21|||21|||47|||1
[|||22|||21|||50|||1
]|||22|||21|||52|||1
[|||23|||21|||62|||1
]|||23|||21|||64|||1
[|||24|||21|||67|||1
]|||24|||21|||69|||1
[|||25|||21|||72|||1
]|||25|||21|||74|||1
[|||26|||21|||77|||1
]|||26|||21|||79|||1
for|||25|||22|||0|||1
(|||44|||22|||1|||1
.|||32|||22|||10|||1
length|||15|||22|||11|||1
[|||27|||22|||21|||1
]|||27|||22|||23|||1
,|||18|||22|||24|||1
-|||11|||22|||28|||1
while|||1|||22|||31|||1
(|||45|||22|||32|||1
&&|||1|||22|||36|||1
[|||28|||22|||38|||1
]|||28|||22|||40|||1
[|||29|||22|||45|||1
+|||15|||22|||47|||1
]|||29|||22|||49|||1
[|||30|||22|||52|||1
--|||2|||22|||54|||1
]|||30|||22|||55|||1
[|||31|||22|||58|||1
+|||16|||22|||60|||1
]|||31|||22|||62|||1
for|||26|||23|||0|||1
(|||46|||23|||1|||1
for|||27|||23|||20|||1
(|||47|||23|||21|||1
System|||8|||23|||35|||1
.|||33|||23|||36|||1
out|||8|||23|||37|||1
.|||34|||23|||38|||1
print|||8|||23|||39|||1
(|||48|||23|||40|||1
+|||17|||23|||42|||1
"|||21|||23|||43|||1
"|||22|||23|||44|||1
*|||3|||23|||50|||1
(|||49|||23|||51|||1
-|||12|||23|||53|||1
/|||3|||23|||56|||1
(|||50|||23|||57|||1
+|||18|||23|||59|||1
System|||9|||23|||64|||1
.|||35|||23|||65|||1
out|||9|||23|||66|||1
.|||36|||23|||67|||1
println|||1|||23|||68|||1
(|||51|||23|||69|||1
for|||28|||24|||17|||1
(|||52|||24|||18|||1
(|||53|||24|||34|||1
-|||13|||24|||36|||1
(|||54|||24|||42|||1
+|||19|||24|||44|||1
System|||10|||24|||49|||1
.|||37|||24|||50|||1
out|||10|||24|||51|||1
.|||38|||24|||52|||1
print|||9|||24|||53|||1
(|||55|||24|||54|||1
/|||4|||24|||56|||1
for|||29|||25|||9|||1
(|||56|||25|||10|||1
%|||5|||25|||23|||1
"|||23|||26|||3|||1
Hello|||1|||26|||4|||1
world|||1|||26|||5|||1
Java|||1|||26|||6|||1
"|||24|||26|||7|||1
for|||30|||26|||14|||1
(|||57|||26|||15|||1
.|||39|||26|||24|||1
length|||16|||26|||25|||1
(|||58|||26|||26|||1
if|||7|||26|||32|||1
(|||59|||26|||33|||1
.|||40|||26|||35|||1
charAt|||3|||26|||36|||1
(|||60|||26|||37|||1
'|||1|||26|||41|||1
'|||2|||26|||42|||1
"|||25|||27|||3|||1
hello|||2|||27|||4|||1
"|||26|||27|||5|||1
for|||31|||27|||7|||1
(|||61|||27|||8|||1
.|||41|||27|||17|||1
length|||17|||27|||18|||1
(|||62|||27|||19|||1
System|||11|||27|||25|||1
.|||42|||27|||26|||1
out|||11|||27|||27|||1
.|||43|||27|||28|||1
print|||10|||27|||29|||1
(|||63|||27|||30|||1
(|||64|||27|||31|||1
(|||65|||27|||34|||1
.|||44|||27|||36|||1
charAt|||4|||27|||37|||1
(|||66|||27|||38|||1
-|||14|||27|||41|||1
for|||32|||28|||0|||1
(|||67|||28|||1|||1
for|||33|||28|||20|||1
(|||68|||28|||21|||1
/|||5|||28|||30|||1
if|||8|||28|||36|||1
(|||69|||28|||37|||1
%|||6|||28|||39|||1
if|||9|||28|||48|||1
(|||70|||28|||49|||1
System|||12|||28|||54|||1
.|||45|||28|||55|||1
out|||12|||28|||56|||1
.|||46|||28|||57|||1
print|||11|||28|||58|||1
(|||71|||28|||59|||1
+|||20|||28|||61|||1
"|||27|||28|||62|||1
"|||28|||28|||63|||1
(|||72|||29|||11|||1
?|||1|||29|||16|||1
:|||1|||29|||18|||1
for|||34|||29|||21|||1
(|||73|||29|||22|||1
%|||7|||29|||25|||1
|||||1|||29|||29|||1
%|||8|||29|||31|||1
System|||13|||29|||40|||1
.|||47|||29|||41|||1
out|||13|||29|||42|||1
.|||48|||29|||43|||1
print|||12|||29|||44|||1
(|||74|||29|||45|||1
while|||2|||30|||5|||1
(|||75|||30|||6|||1
System|||14|||30|||12|||1
.|||49|||30|||13|||1
out|||14|||30|||14|||1
.|||50|||30|||15|||1
print|||13|||30|||16|||1
(|||76|||30|||17|||1
+|||21|||30|||19|||1
"|||29|||30|||20|||1
"|||30|||30|||21|||1
while|||3|||31|||9|||1
(|||77|||31|||10|||1
while|||4|||32|||5|||1
(|||78|||32|||6|||1
System|||15|||32|||12|||1
.|||51|||32|||13|||1
out|||15|||32|||14|||1
.|||52|||32|||15|||1
print|||14|||32|||16|||1
(|||79|||32|||17|||1
+|||22|||32|||19|||1
"|||31|||32|||20|||1
"|||32|||32|||21|||1
while|||5|||33|||5|||1
(|||80|||33|||6|||1
System|||16|||33|||12|||1
.|||53|||33|||13|||1
out|||16|||33|||14|||1
.|||54|||33|||15|||1
print|||15|||33|||16|||1
(|||81|||33|||17|||1
+|||23|||33|||19|||1
"|||33|||33|||20|||1
"|||34|||33|||21|||1
while|||6|||34|||9|||1
(|||82|||34|||10|||1
[|||32|||35|||1|||1
]|||32|||35|||2|||1
{|||16|||35|||5|||1
while|||7|||35|||22|||1
(|||83|||35|||23|||1
.|||55|||35|||27|||1
length|||18|||35|||28|||1
System|||17|||35|||31|||1
.|||56|||35|||32|||1
out|||17|||35|||33|||1
.|||57|||35|||34|||1
print|||16|||35|||35|||1
(|||84|||35|||36|||1
[|||33|||35|||38|||1
]|||33|||35|||40|||1
+|||24|||35|||41|||1
"|||35|||35|||42|||1
"|||36|||35|||43|||1
.|||58|||36|||4|||1
length|||19|||36|||5|||1
-|||15|||36|||6|||1
while|||8|||36|||9|||1
(|||85|||36|||10|||1
System|||18|||36|||16|||1
.|||59|||36|||17|||1
out|||18|||36|||18|||1
.|||60|||36|||19|||1
print|||17|||36|||20|||1
(|||86|||36|||21|||1
[|||34|||36|||23|||1
]|||34|||36|||25|||1
+|||25|||36|||26|||1
"|||37|||36|||27|||1
"|||38|||36|||28|||1
while|||9|||37|||9|||1
(|||87|||37|||10|||1
.|||61|||37|||14|||1
length|||20|||37|||15|||1
[|||35|||37|||21|||1
]|||35|||37|||23|||1
while|||10|||38|||15|||1
(|||88|||38|||16|||1
System|||19|||38|||22|||1
.|||62|||38|||23|||1
out|||19|||38|||24|||1
.|||63|||38|||25|||1
print|||18|||38|||26|||1
(|||89|||38|||27|||1
+|||26|||38|||29|||1
"|||39|||38|||30|||1
"|||40|||38|||31|||1
+|||27|||38|||37|||1
while|||11|||39|||9|||1
(|||90|||39|||10|||1
1234|||2|||40|||7|||1
while|||12|||40|||9|||1
(|||91|||40|||10|||1
*|||4|||40|||19|||1
+|||28|||40|||21|||1
%|||9|||40|||23|||1
[|||36|||41|||4|||1
]|||36|||41|||6|||1
while|||13|||41|||12|||1
(|||92|||41|||13|||1
.|||64|||41|||17|||1
length|||21|||41|||18|||1
if|||10|||41|||21|||1
(|||93|||41|||22|||1
[|||37|||41|||24|||1
]|||37|||41|||26|||1
[|||38|||41|||33|||1
]|||38|||41|||35|||1
[|||39|||42|||4|||1
]|||39|||42|||6|||1
while|||14|||42|||12|||1
(|||94|||42|||13|||1
.|||65|||42|||17|||1
length|||22|||42|||18|||1
if|||11|||42|||21|||1
(|||95|||42|||22|||1
[|||40|||42|||24|||1
]|||40|||42|||26|||1
[|||41|||42|||33|||1
]|||41|||42|||35|||1
while|||15|||43|||11|||1
(|||96|||43|||12|||1
%|||10|||43|||25|||1
while|||16|||44|||13|||1
(|||97|||44|||14|||1
/|||6|||44|||18|||1
if|||12|||44|||22|||1
(|||98|||44|||23|||1
%|||11|||44|||25|||1
while|||17|||45|||7|||1
(|||99|||45|||8|||1
.|||66|||45|||12|||1
length|||23|||45|||13|||1
/|||7|||45|||14|||1
[|||42|||45|||21|||1
]|||42|||45|||23|||1
[|||43|||45|||26|||1
]|||43|||45|||28|||1
[|||44|||45|||31|||1
.|||67|||45|||33|||1
length|||24|||45|||34|||1
-|||16|||45|||35|||1
-|||17|||45|||37|||1
]|||44|||45|||39|||1
[|||45|||45|||42|||1
.|||68|||45|||44|||1
length|||25|||45|||45|||1
-|||18|||45|||46|||1
-|||19|||45|||48|||1
]|||45|||45|||50|||1
"|||41|||46|||3|||1
hello|||3|||46|||4|||1
"|||42|||46|||5|||1
while|||18|||46|||16|||1
(|||100|||46|||17|||1
.|||69|||46|||21|||1
length|||26|||46|||22|||1
(|||101|||46|||23|||1
if|||13|||46|||27|||1
(|||102|||46|||28|||1
"|||43|||46|||29|||1
aeiou|||2|||46|||30|||1
"|||44|||46|||31|||1
.|||70|||46|||32|||1
indexOf|||2|||46|||33|||1
(|||103|||46|||34|||1
.|||71|||46|||36|||1
charAt|||5|||46|||37|||1
(|||104|||46|||38|||1
-|||20|||46|||43|||1
while|||19|||47|||13|||1
(|||105|||47|||14|||1
*|||5|||47|||23|||1
+|||29|||47|||25|||1
%|||12|||47|||27|||1
while|||20|||48|||17|||1
(|||106|||48|||18|||1
"|||45|||49|||3|||1
"|||46|||49|||5|||1
while|||21|||49|||12|||1
(|||107|||49|||13|||1
.|||72|||49|||17|||1
length|||27|||49|||18|||1
(|||108|||49|||19|||1
System|||20|||49|||23|||1
.|||73|||49|||24|||1
out|||20|||49|||25|||1
.|||74|||49|||26|||1
print|||19|||49|||27|||1
(|||109|||49|||28|||1
(|||110|||49|||29|||1
.|||75|||49|||33|||1
charAt|||6|||49|||34|||1
(|||111|||49|||35|||1
+|||30|||49|||38|||1
"|||47|||49|||39|||1
"|||48|||49|||40|||1
while|||22|||50|||5|||1
(|||112|||50|||6|||1
.|||76|||50|||10|||1
length|||28|||50|||11|||1
-|||21|||50|||12|||1
while|||23|||50|||21|||1
(|||113|||50|||22|||1
.|||77|||50|||26|||1
length|||29|||50|||27|||1
-|||22|||50|||28|||1
-|||23|||50|||30|||1
if|||14|||50|||34|||1
(|||114|||50|||35|||1
[|||46|||50|||37|||1
]|||46|||50|||39|||1
[|||47|||50|||42|||1
+|||31|||50|||44|||1
]|||47|||50|||46|||1
[|||48|||50|||53|||1
]|||48|||50|||55|||1
[|||49|||50|||58|||1
]|||49|||50|||60|||1
[|||50|||50|||63|||1
+|||32|||50|||65|||1
]|||50|||50|||67|||1
[|||51|||50|||70|||1
+|||33|||50|||72|||1
]|||51|||50|||74|||1
while|||24|||51|||5|||1
(|||115|||51|||6|||1
.|||78|||51|||10|||1
length|||30|||51|||11|||1
-|||24|||51|||12|||1
+|||34|||51|||24|||1
while|||25|||51|||27|||1
(|||116|||51|||28|||1
.|||79|||51|||32|||1
length|||31|||51|||33|||1
if|||15|||51|||36|||1
(|||117|||51|||37|||1
[|||52|||51|||39|||1
]|||52|||51|||41|||1
[|||53|||51|||44|||1
]|||53|||51|||46|||1
[|||54|||51|||60|||1
]|||54|||51|||62|||1
[|||55|||51|||65|||1
]|||55|||51|||67|||1
[|||56|||51|||70|||1
]|||56|||51|||72|||1
[|||57|||51|||75|||1
]|||57|||51|||77|||1
while|||26|||52|||5|||1
(|||118|||52|||6|||1
.|||80|||52|||10|||1
length|||32|||52|||11|||1
[|||58|||52|||18|||1
]|||58|||52|||20|||1
,|||51|||52|||21|||1
-|||25|||52|||25|||1
while|||27|||52|||28|||1
(|||119|||52|||29|||1
&&|||2|||52|||33|||1
[|||59|||52|||35|||1
]|||59|||52|||37|||1
[|||60|||52|||43|||1
+|||35|||52|||45|||1
]|||60|||52|||47|||1
[|||61|||52|||50|||1
]|||61|||52|||52|||1
--|||4|||52|||55|||1
[|||62|||52|||59|||1
+|||36|||52|||61|||1
]|||62|||52|||63|||1
while|||28|||53|||5|||1
(|||120|||53|||6|||1
,|||52|||53|||16|||1
while|||29|||53|||21|||1
(|||121|||53|||22|||1
System|||21|||53|||28|||1
.|||81|||53|||29|||1
out|||21|||53|||30|||1
.|||82|||53|||31|||1
print|||20|||53|||32|||1
(|||122|||53|||33|||1
+|||37|||53|||35|||1
"|||49|||53|||36|||1
"|||50|||53|||37|||1
*|||6|||53|||43|||1
(|||123|||53|||44|||1
-|||26|||53|||46|||1
/|||8|||53|||49|||1
(|||124|||53|||50|||1
+|||38|||53|||52|||1
System|||22|||53|||60|||1
.|||83|||53|||61|||1
out|||22|||53|||62|||1
.|||84|||53|||63|||1
println|||2|||53|||64|||1
(|||125|||53|||65|||1
,|||56|||54|||16|||1
while|||30|||54|||21|||1
(|||126|||54|||22|||1
(|||127|||54|||30|||1
-|||27|||54|||32|||1
(|||128|||54|||38|||1
+|||39|||54|||40|||1
System|||23|||54|||48|||1
.|||85|||54|||49|||1
out|||23|||54|||50|||1
.|||86|||54|||51|||1
print|||21|||54|||52|||1
(|||129|||54|||53|||1
/|||9|||54|||55|||1
while|||31|||55|||9|||1
(|||130|||55|||10|||1
%|||13|||55|||19|||1
"|||51|||56|||3|||1
Hello|||2|||56|||4|||1
world|||2|||56|||5|||1
Java|||2|||56|||6|||1
"|||52|||56|||7|||1
while|||32|||56|||18|||1
(|||131|||56|||19|||1
.|||87|||56|||23|||1
length|||33|||56|||24|||1
(|||132|||56|||25|||1
if|||16|||56|||29|||1
(|||133|||56|||30|||1
.|||88|||56|||32|||1
charAt|||7|||56|||33|||1
(|||134|||56|||34|||1
'|||3|||56|||38|||1
'|||4|||56|||39|||1
"|||53|||57|||3|||1
hello|||4|||57|||4|||1
"|||54|||57|||5|||1
while|||33|||57|||12|||1
(|||135|||57|||13|||1
.|||89|||57|||17|||1
length|||34|||57|||18|||1
(|||136|||57|||19|||1
System|||24|||57|||23|||1
.|||90|||57|||24|||1
out|||24|||57|||25|||1
.|||91|||57|||26|||1
print|||22|||57|||27|||1
(|||137|||57|||28|||1
(|||138|||57|||29|||1
(|||139|||57|||32|||1
.|||92|||57|||34|||1
charAt|||8|||57|||35|||1
(|||140|||57|||36|||1
-|||28|||57|||39|||1
while|||34|||58|||5|||1
(|||141|||58|||6|||1
,|||59|||58|||16|||1
while|||35|||58|||21|||1
(|||142|||58|||22|||1
/|||10|||58|||26|||1
if|||17|||58|||30|||1
(|||143|||58|||31|||1
%|||14|||58|||33|||1
if|||18|||58|||46|||1
(|||144|||58|||47|||1
System|||25|||58|||52|||1
.|||93|||58|||53|||1
out|||25|||58|||54|||1
.|||94|||58|||55|||1
print|||23|||58|||56|||1
(|||145|||58|||57|||1
+|||40|||58|||59|||1
"|||55|||58|||60|||1
"|||56|||58|||61|||1
(|||146|||59|||11|||1
?|||2|||59|||16|||1
:|||2|||59|||18|||1
while|||36|||59|||21|||1
(|||147|||59|||22|||1
%|||15|||59|||24|||1
|||||2|||59|||28|||1
%|||16|||59|||30|||1
System|||26|||59|||38|||1
.|||95|||59|||39|||1
out|||26|||59|||40|||1
.|||96|||59|||41|||1
print|||24|||59|||42|||1
(|||148|||59|||43|||1
;|||1|||0|||6|||2
;|||2|||0|||10|||2
;|||3|||0|||25|||2
;|||4|||1|||4|||2
;|||5|||1|||11|||2
;|||6|||1|||15|||2
;|||7|||1|||22|||2
;|||8|||2|||6|||2
;|||9|||2|||10|||2
;|||10|||2|||26|||2
;|||11|||3|||6|||2
;|||12|||3|||10|||2
;|||13|||3|||26|||2
;|||14|||4|||4|||2
;|||15|||4|||11|||2
;|||16|||4|||15|||2
;|||17|||4|||22|||2
;|||18|||5|||16|||2
;|||19|||5|||23|||2
;|||20|||5|||29|||2
;|||21|||5|||47|||2
;|||22|||6|||10|||2
;|||23|||6|||14|||2
;|||24|||6|||32|||2
;|||25|||7|||4|||2
;|||26|||7|||11|||2
;|||27|||7|||17|||2
;|||28|||7|||27|||2
;|||29|||8|||10|||2
;|||30|||8|||17|||2
;|||31|||8|||21|||2
;|||32|||8|||37|||2
;|||33|||8|||43|||2
;|||34|||8|||47|||2
;|||35|||8|||51|||2
;|||36|||9|||8|||2
;|||37|||9|||11|||2
;|||38|||9|||15|||2
;|||39|||9|||22|||2
;|||40|||10|||8|||2
;|||41|||10|||11|||2
;|||42|||10|||15|||2
;|||43|||10|||29|||2
;|||44|||11|||7|||2
;|||45|||11|||14|||2
;|||46|||11|||20|||2
;|||47|||11|||39|||2
;|||48|||12|||7|||2
;|||49|||12|||14|||2
;|||50|||12|||20|||2
;|||51|||12|||39|||2
;|||52|||13|||8|||2
;|||53|||13|||13|||2
;|||54|||13|||17|||2
;|||55|||13|||32|||2
;|||56|||14|||8|||2
;|||57|||14|||15|||2
;|||58|||14|||21|||2
;|||59|||14|||36|||2
;|||60|||15|||8|||2
;|||61|||15|||16|||2
;|||62|||15|||27|||2
;|||63|||15|||43|||2
;|||64|||15|||56|||2
;|||65|||16|||6|||2
;|||66|||16|||11|||2
;|||67|||16|||18|||2
;|||68|||16|||26|||2
;|||69|||16|||51|||2
;|||70|||17|||12|||2
;|||71|||17|||15|||2
;|||72|||17|||19|||2
;|||73|||17|||33|||2
;|||74|||18|||12|||2
;|||75|||18|||19|||2
;|||76|||18|||23|||2
;|||77|||18|||30|||2
;|||78|||19|||6|||2
;|||79|||19|||13|||2
;|||80|||19|||21|||2
;|||81|||19|||44|||2
;|||82|||20|||6|||2
;|||83|||20|||14|||2
;|||84|||20|||24|||2
;|||85|||20|||34|||2
;|||86|||20|||60|||2
;|||87|||20|||72|||2
;|||88|||20|||81|||2
;|||89|||21|||6|||2
;|||90|||21|||14|||2
;|||91|||21|||23|||2
;|||92|||21|||32|||2
;|||93|||21|||38|||2
;|||94|||21|||57|||2
;|||95|||21|||65|||2
;|||96|||21|||75|||2
;|||97|||21|||82|||2
;|||98|||22|||6|||2
;|||99|||22|||12|||2
;|||100|||22|||30|||2
;|||101|||22|||56|||2
;|||102|||22|||65|||2
;|||103|||23|||6|||2
;|||104|||23|||10|||2
;|||105|||23|||19|||2
;|||106|||23|||26|||2
;|||107|||23|||30|||2
;|||108|||23|||46|||2
;|||109|||23|||62|||2
;|||110|||23|||71|||2
;|||111|||24|||16|||2
;|||112|||24|||23|||2
;|||113|||24|||27|||2
;|||114|||24|||39|||2
;|||115|||24|||47|||2
;|||116|||24|||59|||2
;|||117|||25|||8|||2
;|||118|||25|||11|||2
;|||119|||25|||15|||2
;|||120|||25|||25|||2
;|||121|||26|||8|||2
;|||122|||26|||13|||2
;|||123|||26|||20|||2
;|||124|||26|||28|||2
;|||125|||26|||46|||2
;|||126|||27|||6|||2
;|||127|||27|||13|||2
;|||128|||27|||21|||2
;|||129|||27|||45|||2
;|||130|||28|||6|||2
;|||131|||28|||10|||2
;|||132|||28|||19|||2
;|||133|||28|||26|||2
;|||134|||28|||32|||2
;|||135|||28|||47|||2
;|||136|||28|||65|||2
;|||137|||29|||20|||2
;|||138|||29|||23|||2
;|||139|||29|||35|||2
;|||140|||29|||39|||2
;|||141|||29|||48|||2
;|||142|||30|||4|||2
;|||143|||30|||23|||2
;|||144|||30|||26|||2
;|||145|||31|||8|||2
;|||146|||31|||19|||2
;|||147|||31|||22|||2
;|||148|||32|||4|||2
;|||149|||32|||23|||2
;|||150|||32|||27|||2
;|||151|||33|||4|||2
;|||152|||33|||23|||2
;|||153|||33|||27|||2
;|||154|||34|||8|||2
;|||155|||34|||19|||2
;|||156|||34|||22|||2
;|||157|||35|||16|||2
;|||158|||35|||21|||2
;|||159|||35|||45|||2
;|||160|||35|||48|||2
;|||161|||36|||8|||2
;|||162|||36|||30|||2
;|||163|||36|||33|||2
;|||164|||37|||8|||2
;|||165|||37|||24|||2
;|||166|||37|||27|||2
;|||167|||38|||14|||2
;|||168|||38|||33|||2
;|||169|||38|||39|||2
;|||170|||38|||43|||2
;|||171|||38|||47|||2
;|||172|||38|||50|||2
;|||173|||39|||8|||2
;|||174|||39|||18|||2
;|||175|||39|||22|||2
;|||176|||40|||8|||2
;|||177|||40|||25|||2
;|||178|||40|||29|||2
;|||179|||41|||11|||2
;|||180|||41|||36|||2
;|||181|||41|||39|||2
;|||182|||42|||11|||2
;|||183|||42|||36|||2
;|||184|||42|||39|||2
;|||185|||43|||10|||2
;|||186|||43|||21|||2
;|||187|||43|||27|||2
;|||188|||43|||31|||2
;|||189|||44|||12|||2
;|||190|||44|||33|||2
;|||191|||44|||36|||2
;|||192|||45|||6|||2
;|||193|||45|||24|||2
;|||194|||45|||40|||2
;|||195|||45|||53|||2
;|||196|||45|||56|||2
;|||197|||46|||6|||2
;|||198|||46|||15|||2
;|||199|||46|||48|||2
;|||200|||46|||51|||2
;|||201|||47|||12|||2
;|||202|||47|||29|||2
;|||203|||47|||33|||2
;|||204|||48|||16|||2
;|||205|||48|||27|||2
;|||206|||48|||30|||2
;|||207|||49|||6|||2
;|||208|||49|||11|||2
;|||209|||49|||42|||2
;|||210|||49|||45|||2
;|||211|||50|||4|||2
;|||212|||50|||20|||2
;|||213|||50|||56|||2
;|||214|||50|||68|||2
;|||215|||50|||77|||2
;|||216|||50|||81|||2
;|||217|||50|||85|||2
;|||218|||51|||4|||2
;|||219|||51|||26|||2
;|||220|||51|||51|||2
;|||221|||51|||54|||2
;|||222|||51|||63|||2
;|||223|||51|||73|||2
;|||224|||51|||80|||2
;|||225|||51|||83|||2
;|||226|||52|||4|||2
;|||227|||52|||27|||2
;|||228|||52|||53|||2
;|||229|||52|||56|||2
;|||230|||52|||66|||2
;|||231|||52|||69|||2
;|||232|||53|||4|||2
;|||233|||53|||20|||2
;|||234|||53|||39|||2
;|||235|||53|||55|||2
;|||236|||53|||58|||2
;|||237|||53|||67|||2
;|||238|||53|||70|||2
;|||239|||54|||20|||2
;|||240|||54|||35|||2
;|||241|||54|||43|||2
;|||242|||54|||46|||2
;|||243|||54|||58|||2
;|||244|||55|||8|||2
;|||245|||55|||21|||2
;|||246|||55|||25|||2
;|||247|||56|||8|||2
;|||248|||56|||17|||2
;|||249|||56|||43|||2
;|||250|||56|||46|||2
;|||251|||57|||6|||2
;|||252|||57|||11|||2
;|||253|||57|||43|||2
;|||254|||57|||46|||2
;|||255|||58|||4|||2
;|||256|||58|||20|||2
;|||257|||58|||41|||2
;|||258|||58|||44|||2
;|||259|||58|||63|||2
;|||260|||58|||66|||2
;|||261|||59|||20|||2
;|||262|||59|||37|||2
arr|||1|||5|||3|||3
arr|||2|||5|||26|||3
arr|||3|||5|||39|||3
arr|||4|||6|||5|||3
arr|||5|||6|||24|||3
arr|||6|||7|||14|||3
arr|||7|||7|||23|||3
arr|||8|||11|||3|||3
arr|||9|||11|||17|||3
arr|||10|||11|||26|||3
arr|||11|||11|||35|||3
arr|||12|||12|||3|||3
arr|||13|||12|||17|||3
arr|||14|||12|||26|||3
arr|||15|||12|||35|||3
arr|||16|||15|||11|||3
arr|||17|||15|||23|||3
arr|||18|||15|||28|||3
arr|||19|||15|||33|||3
arr|||20|||15|||35|||3
arr|||21|||15|||44|||3
arr|||22|||15|||46|||3
arr|||23|||20|||9|||3
arr|||24|||20|||27|||3
arr|||25|||20|||40|||3
arr|||26|||20|||45|||3
arr|||27|||20|||56|||3
arr|||28|||20|||61|||3
arr|||29|||20|||66|||3
arr|||30|||20|||73|||3
arr|||31|||21|||9|||3
arr|||32|||21|||35|||3
arr|||33|||21|||44|||3
arr|||34|||21|||49|||3
arr|||35|||21|||61|||3
arr|||36|||21|||66|||3
arr|||37|||21|||71|||3
arr|||38|||21|||76|||3
arr|||39|||22|||9|||3
arr|||40|||22|||20|||3
arr|||41|||22|||37|||3
arr|||42|||22|||44|||3
arr|||43|||22|||51|||3
arr|||44|||22|||57|||3
arr|||45|||35|||3|||3
arr|||46|||35|||26|||3
arr|||47|||35|||37|||3
arr|||48|||36|||3|||3
arr|||49|||36|||22|||3
arr|||50|||37|||13|||3
arr|||51|||37|||20|||3
arr|||52|||41|||3|||3
arr|||53|||41|||16|||3
arr|||54|||41|||23|||3
arr|||55|||41|||32|||3
arr|||56|||42|||3|||3
arr|||57|||42|||16|||3
arr|||58|||42|||23|||3
arr|||59|||42|||32|||3
arr|||60|||45|||11|||3
arr|||61|||45|||20|||3
arr|||62|||45|||25|||3
arr|||63|||45|||30|||3
arr|||64|||45|||32|||3
arr|||65|||45|||41|||3
arr|||66|||45|||43|||3
arr|||67|||50|||9|||3
arr|||68|||50|||25|||3
arr|||69|||50|||36|||3
arr|||70|||50|||41|||3
arr|||71|||50|||52|||3
arr|||72|||50|||57|||3
arr|||73|||50|||62|||3
arr|||74|||50|||69|||3
arr|||75|||51|||9|||3
arr|||76|||51|||31|||3
arr|||77|||51|||38|||3
arr|||78|||51|||43|||3
arr|||79|||51|||59|||3
arr|||80|||51|||64|||3
arr|||81|||51|||69|||3
arr|||82|||51|||74|||3
arr|||83|||52|||9|||3
arr|||84|||52|||17|||3
arr|||85|||52|||34|||3
arr|||86|||52|||42|||3
arr|||87|||52|||49|||3
arr|||88|||52|||58|||3
)|||1|||0|||13|||4
)|||2|||0|||24|||4
)|||3|||1|||18|||4
)|||4|||2|||14|||4
)|||5|||2|||25|||4
)|||6|||3|||14|||4
)|||7|||3|||25|||4
)|||8|||4|||18|||4
}|||1|||5|||15|||4
)|||9|||5|||32|||4
)|||10|||5|||46|||4
)|||11|||6|||17|||4
)|||12|||6|||31|||4
)|||13|||7|||20|||4
)|||14|||8|||24|||4
{|||2|||8|||25|||4
)|||15|||8|||36|||4
}|||2|||8|||52|||4
)|||16|||9|||19|||4
)|||17|||10|||19|||4
)|||18|||11|||23|||4
)|||19|||11|||32|||4
)|||20|||12|||23|||4
)|||21|||12|||32|||4
)|||22|||13|||31|||4
)|||23|||14|||24|||4
)|||24|||14|||32|||4
)|||25|||15|||19|||4
{|||3|||15|||20|||4
}|||3|||15|||57|||4
)|||26|||16|||25|||4
)|||27|||16|||29|||4
)|||28|||16|||43|||4
)|||29|||16|||44|||4
)|||30|||16|||48|||4
)|||31|||17|||23|||4
)|||32|||18|||26|||4
)|||33|||19|||20|||4
)|||34|||19|||24|||4
)|||35|||19|||33|||4
)|||36|||19|||39|||4
)|||37|||19|||43|||4
)|||38|||20|||17|||4
)|||39|||20|||37|||4
)|||40|||20|||51|||4
{|||4|||20|||52|||4
}|||4|||20|||82|||4
)|||41|||21|||17|||4
{|||5|||21|||18|||4
)|||42|||21|||41|||4
)|||43|||21|||53|||4
}|||5|||21|||83|||4
)|||44|||22|||15|||4
{|||6|||22|||16|||4
)|||45|||22|||43|||4
}|||6|||22|||66|||4
)|||46|||23|||13|||4
{|||7|||23|||14|||4
)|||47|||23|||33|||4
{|||8|||23|||34|||4
)|||48|||23|||45|||4
)|||49|||23|||55|||4
)|||50|||23|||61|||4
}|||7|||23|||63|||4
)|||51|||23|||70|||4
}|||8|||23|||72|||4
)|||52|||24|||30|||4
{|||9|||24|||31|||4
)|||53|||24|||38|||4
)|||54|||24|||46|||4
}|||9|||24|||48|||4
)|||55|||24|||58|||4
)|||56|||25|||19|||4
)|||57|||26|||27|||4
)|||58|||26|||31|||4
)|||59|||26|||39|||4
)|||60|||26|||43|||4
)|||61|||27|||20|||4
)|||62|||27|||24|||4
)|||63|||27|||33|||4
)|||64|||27|||40|||4
)|||65|||27|||43|||4
)|||66|||27|||44|||4
)|||67|||28|||13|||4
{|||10|||28|||14|||4
)|||68|||28|||35|||4
)|||69|||28|||43|||4
)|||70|||28|||53|||4
)|||71|||28|||64|||4
}|||10|||28|||66|||4
)|||72|||29|||15|||4
)|||73|||29|||38|||4
)|||74|||29|||47|||4
)|||75|||30|||10|||4
{|||11|||30|||11|||4
)|||76|||30|||22|||4
}|||11|||30|||27|||4
)|||77|||31|||14|||4
{|||12|||31|||15|||4
}|||12|||31|||23|||4
)|||78|||32|||10|||4
{|||13|||32|||11|||4
)|||79|||32|||22|||4
}|||13|||32|||28|||4
)|||80|||33|||10|||4
{|||14|||33|||11|||4
)|||81|||33|||22|||4
}|||14|||33|||28|||4
)|||82|||34|||14|||4
{|||15|||34|||15|||4
}|||15|||34|||23|||4
}|||16|||35|||15|||4
)|||83|||35|||29|||4
{|||17|||35|||30|||4
)|||84|||35|||44|||4
}|||17|||35|||49|||4
)|||85|||36|||14|||4
{|||18|||36|||15|||4
)|||86|||36|||29|||4
}|||18|||36|||34|||4
)|||87|||37|||16|||4
{|||19|||37|||17|||4
}|||19|||37|||28|||4
)|||88|||38|||20|||4
{|||20|||38|||21|||4
)|||89|||38|||32|||4
}|||20|||38|||51|||4
)|||90|||39|||14|||4
{|||21|||39|||15|||4
}|||21|||39|||23|||4
)|||91|||40|||14|||4
{|||22|||40|||15|||4
}|||22|||40|||30|||4
)|||92|||41|||19|||4
{|||23|||41|||20|||4
)|||93|||41|||29|||4
}|||23|||41|||40|||4
)|||94|||42|||19|||4
{|||24|||42|||20|||4
)|||95|||42|||29|||4
}|||24|||42|||40|||4
)|||96|||43|||16|||4
{|||25|||43|||17|||4
}|||25|||43|||32|||4
)|||97|||44|||20|||4
{|||26|||44|||21|||4
)|||98|||44|||29|||4
}|||26|||44|||37|||4
)|||99|||45|||16|||4
{|||27|||45|||17|||4
}|||27|||45|||57|||4
)|||100|||46|||24|||4
)|||101|||46|||25|||4
{|||28|||46|||26|||4
)|||102|||46|||40|||4
)|||103|||46|||41|||4
)|||104|||46|||45|||4
}|||28|||46|||52|||4
)|||105|||47|||18|||4
{|||29|||47|||19|||4
}|||29|||47|||34|||4
)|||106|||48|||22|||4
{|||30|||48|||23|||4
}|||30|||48|||31|||4
)|||107|||49|||20|||4
)|||108|||49|||21|||4
{|||31|||49|||22|||4
)|||109|||49|||31|||4
)|||110|||49|||37|||4
)|||111|||49|||41|||4
}|||31|||49|||46|||4
)|||112|||50|||14|||4
{|||32|||50|||15|||4
)|||113|||50|||32|||4
{|||33|||50|||33|||4
)|||114|||50|||47|||4
{|||34|||50|||48|||4
}|||32|||50|||78|||4
}|||33|||50|||82|||4
}|||34|||50|||86|||4
)|||115|||51|||14|||4
{|||35|||51|||15|||4
)|||116|||51|||34|||4
{|||36|||51|||35|||4
)|||117|||51|||47|||4
}|||35|||51|||55|||4
}|||36|||51|||84|||4
)|||118|||52|||12|||4
{|||37|||52|||13|||4
)|||119|||52|||40|||4
{|||38|||52|||41|||4
}|||37|||52|||57|||4
}|||38|||52|||70|||4
)|||120|||53|||10|||4
{|||39|||53|||11|||4
)|||121|||53|||26|||4
{|||40|||53|||27|||4
)|||122|||53|||38|||4
)|||123|||53|||48|||4
)|||124|||53|||54|||4
}|||39|||53|||59|||4
)|||125|||53|||66|||4
}|||40|||53|||71|||4
)|||126|||54|||26|||4
{|||41|||54|||27|||4
)|||127|||54|||34|||4
)|||128|||54|||42|||4
}|||41|||54|||47|||4
)|||129|||54|||57|||4
)|||130|||55|||14|||4
{|||42|||55|||15|||4
}|||42|||55|||26|||4
)|||131|||56|||26|||4
)|||132|||56|||27|||4
{|||43|||56|||28|||4
)|||133|||56|||36|||4
)|||134|||56|||40|||4
}|||43|||56|||47|||4
)|||135|||57|||20|||4
)|||136|||57|||21|||4
{|||44|||57|||22|||4
)|||137|||57|||31|||4
)|||138|||57|||38|||4
)|||139|||57|||41|||4
)|||140|||57|||42|||4
}|||44|||57|||47|||4
)|||141|||58|||10|||4
{|||45|||58|||11|||4
)|||142|||58|||28|||4
{|||46|||58|||29|||4
)|||143|||58|||37|||4
}|||45|||58|||45|||4
)|||144|||58|||51|||4
)|||145|||58|||62|||4
}|||46|||58|||67|||4
)|||146|||59|||15|||4
)|||147|||59|||34|||4
)|||148|||59|||45|||4
i|||1|||0|||3|||5
i|||2|||0|||7|||5
i|||3|||0|||11|||5
i|||4|||0|||20|||5
i|||5|||1|||8|||5
i|||6|||1|||12|||5
i|||7|||1|||16|||5
i|||8|||1|||21|||5
i|||9|||2|||3|||5
i|||10|||2|||7|||5
i|||11|||2|||11|||5
i|||12|||2|||21|||5
i|||13|||3|||3|||5
i|||14|||3|||7|||5
i|||15|||3|||11|||5
i|||16|||3|||21|||5
i|||17|||4|||8|||5
i|||18|||4|||12|||5
i|||19|||4|||16|||5
i|||20|||4|||21|||5
i|||21|||5|||20|||5
i|||22|||5|||24|||5
i|||23|||5|||30|||5
i|||24|||5|||41|||5
i|||25|||6|||3|||5
i|||26|||6|||11|||5
i|||27|||6|||15|||5
i|||28|||6|||26|||5
i|||29|||7|||8|||5
i|||30|||7|||12|||5
i|||31|||7|||18|||5
i|||32|||7|||25|||5
i|||33|||8|||14|||5
i|||34|||8|||18|||5
i|||35|||8|||22|||5
i|||36|||11|||11|||5
i|||37|||11|||15|||5
i|||38|||11|||21|||5
i|||39|||11|||28|||5
i|||40|||11|||37|||5
i|||41|||12|||11|||5
i|||42|||12|||15|||5
i|||43|||12|||21|||5
i|||44|||12|||28|||5
i|||45|||12|||37|||5
i|||46|||14|||12|||5
i|||47|||14|||16|||5
i|||48|||14|||22|||5
i|||49|||14|||29|||5
i|||50|||15|||3|||5
i|||51|||15|||9|||5
i|||52|||15|||17|||5
i|||53|||15|||25|||5
i|||54|||15|||30|||5
i|||55|||15|||39|||5
i|||56|||15|||50|||5
i|||57|||16|||15|||5
i|||58|||16|||19|||5
i|||59|||16|||27|||5
i|||60|||16|||42|||5
i|||61|||18|||16|||5
i|||62|||18|||20|||5
i|||63|||18|||24|||5
i|||64|||19|||10|||5
i|||65|||19|||14|||5
i|||66|||19|||22|||5
i|||67|||19|||38|||5
i|||68|||20|||3|||5
i|||69|||20|||7|||5
i|||70|||20|||15|||5
j|||1|||20|||21|||5
j|||2|||20|||25|||5
i|||71|||20|||31|||5
j|||3|||20|||35|||5
j|||4|||20|||42|||5
j|||5|||20|||47|||5
j|||6|||20|||58|||5
j|||7|||20|||63|||5
j|||8|||20|||68|||5
j|||9|||20|||75|||5
i|||72|||21|||3|||5
i|||73|||21|||7|||5
i|||74|||21|||15|||5
i|||75|||21|||22|||5
j|||10|||21|||27|||5
i|||76|||21|||29|||5
j|||11|||21|||33|||5
j|||12|||21|||39|||5
j|||13|||21|||46|||5
j|||14|||21|||56|||5
i|||77|||21|||63|||5
i|||78|||21|||68|||5
i|||79|||22|||3|||5
i|||80|||22|||7|||5
i|||81|||22|||13|||5
i|||82|||22|||22|||5
j|||15|||22|||25|||5
i|||83|||22|||27|||5
j|||16|||22|||33|||5
j|||17|||22|||39|||5
j|||18|||22|||46|||5
j|||19|||22|||53|||5
j|||20|||22|||59|||5
i|||84|||23|||3|||5
i|||85|||23|||7|||5
i|||86|||23|||11|||5
j|||21|||23|||23|||5
j|||22|||23|||27|||5
i|||87|||23|||29|||5
j|||23|||23|||31|||5
i|||88|||23|||52|||5
j|||24|||23|||54|||5
j|||25|||23|||58|||5
i|||89|||24|||20|||5
i|||90|||24|||24|||5
i|||91|||24|||28|||5
i|||92|||24|||37|||5
i|||93|||24|||43|||5
i|||94|||26|||17|||5
i|||95|||26|||21|||5
i|||96|||26|||29|||5
i|||97|||26|||38|||5
i|||98|||27|||10|||5
i|||99|||27|||14|||5
i|||100|||27|||22|||5
i|||101|||27|||39|||5
i|||102|||28|||3|||5
i|||103|||28|||7|||5
i|||104|||28|||11|||5
j|||26|||28|||23|||5
j|||27|||28|||27|||5
i|||105|||28|||29|||5
j|||28|||28|||33|||5
i|||106|||28|||38|||5
j|||29|||28|||40|||5
i|||107|||28|||60|||5
i|||108|||30|||1|||5
i|||109|||30|||7|||5
i|||110|||30|||18|||5
i|||111|||30|||24|||5
i|||112|||31|||5|||5
i|||113|||31|||11|||5
i|||114|||31|||18|||5
i|||115|||31|||20|||5
i|||116|||32|||1|||5
i|||117|||32|||7|||5
i|||118|||32|||18|||5
i|||119|||32|||24|||5
i|||120|||33|||1|||5
i|||121|||33|||7|||5
i|||122|||33|||18|||5
i|||123|||33|||24|||5
i|||124|||34|||5|||5
i|||125|||34|||11|||5
i|||126|||34|||18|||5
i|||127|||34|||20|||5
i|||128|||35|||18|||5
i|||129|||35|||24|||5
i|||130|||35|||39|||5
i|||131|||35|||46|||5
i|||132|||36|||1|||5
i|||133|||36|||11|||5
i|||134|||36|||24|||5
i|||135|||36|||31|||5
i|||136|||37|||5|||5
i|||137|||37|||11|||5
i|||138|||37|||22|||5
i|||139|||37|||25|||5
i|||140|||38|||11|||5
i|||141|||38|||17|||5
i|||142|||38|||48|||5
i|||143|||41|||8|||5
i|||144|||41|||14|||5
i|||145|||41|||25|||5
i|||146|||41|||34|||5
i|||147|||41|||37|||5
i|||148|||42|||8|||5
i|||149|||42|||14|||5
i|||150|||42|||25|||5
i|||151|||42|||34|||5
i|||152|||42|||37|||5
i|||153|||44|||9|||5
i|||154|||44|||15|||5
i|||155|||44|||26|||5
i|||156|||44|||34|||5
i|||157|||45|||1|||5
i|||158|||45|||9|||5
i|||159|||45|||22|||5
i|||160|||45|||27|||5
i|||161|||45|||36|||5
i|||162|||45|||47|||5
i|||163|||45|||54|||5
i|||164|||46|||12|||5
i|||165|||46|||18|||5
i|||166|||46|||39|||5
i|||167|||46|||49|||5
i|||168|||48|||13|||5
i|||169|||48|||19|||5
i|||170|||48|||28|||5
i|||171|||49|||8|||5
i|||172|||49|||14|||5
i|||173|||49|||36|||5
i|||174|||49|||43|||5
i|||175|||50|||1|||5
i|||176|||50|||7|||5
j|||30|||50|||17|||5
j|||31|||50|||23|||5
i|||177|||50|||29|||5
j|||32|||50|||38|||5
j|||33|||50|||43|||5
j|||34|||50|||54|||5
j|||35|||50|||59|||5
j|||36|||50|||64|||5
j|||37|||50|||71|||5
j|||38|||50|||79|||5
i|||178|||50|||83|||5
i|||179|||51|||1|||5
i|||180|||51|||7|||5
i|||181|||51|||19|||5
j|||39|||51|||21|||5
i|||182|||51|||23|||5
j|||40|||51|||29|||5
j|||41|||51|||40|||5
j|||42|||51|||50|||5
j|||43|||51|||52|||5
i|||183|||51|||61|||5
i|||184|||51|||66|||5
i|||185|||51|||81|||5
i|||186|||52|||1|||5
i|||187|||52|||7|||5
i|||188|||52|||19|||5
j|||44|||52|||22|||5
i|||189|||52|||24|||5
j|||45|||52|||30|||5
j|||46|||52|||36|||5
j|||47|||52|||44|||5
j|||48|||52|||51|||5
j|||49|||52|||54|||5
j|||50|||52|||60|||5
i|||190|||52|||67|||5
i|||191|||53|||1|||5
i|||192|||53|||7|||5
j|||51|||53|||17|||5
j|||52|||53|||23|||5
i|||193|||53|||25|||5
i|||194|||53|||45|||5
j|||53|||53|||47|||5
j|||54|||53|||51|||5
j|||55|||53|||56|||5
i|||195|||53|||68|||5
i|||196|||54|||17|||5
i|||197|||54|||23|||5
i|||198|||54|||33|||5
i|||199|||54|||39|||5
i|||200|||54|||44|||5
i|||201|||56|||14|||5
i|||202|||56|||20|||5
i|||203|||56|||35|||5
i|||204|||56|||44|||5
i|||205|||57|||8|||5
i|||206|||57|||14|||5
i|||207|||57|||37|||5
i|||208|||57|||44|||5
i|||209|||58|||1|||5
i|||210|||58|||7|||5
j|||56|||58|||17|||5
j|||57|||58|||23|||5
i|||211|||58|||25|||5
i|||212|||58|||32|||5
j|||58|||58|||34|||5
j|||59|||58|||42|||5
i|||213|||58|||58|||5
i|||214|||58|||64|||5
1|||1|||0|||5|||6
5|||1|||0|||9|||6
++|||1|||0|||12|||6
1|||2|||1|||10|||6
5|||2|||1|||14|||6
++|||2|||1|||17|||6
2|||1|||2|||5|||6
10|||1|||2|||9|||6
2|||2|||2|||13|||6
1|||3|||3|||5|||6
10|||2|||3|||9|||6
2|||3|||3|||13|||6
1|||4|||4|||3|||6
1|||5|||4|||10|||6
5|||3|||4|||14|||6
++|||3|||4|||17|||6
1|||6|||5|||6|||6
2|||4|||5|||8|||6
3|||1|||5|||10|||6
4|||1|||5|||12|||6
5|||4|||5|||14|||6
++|||4|||5|||31|||6
1|||7|||6|||9|||6
--|||1|||6|||16|||6
++|||5|||7|||19|||6
1|||8|||8|||7|||6
5|||5|||8|||20|||6
++|||6|||8|||23|||6
10|||3|||9|||18|||6
++|||7|||9|||21|||6
10|||4|||10|||18|||6
10|||5|||10|||24|||6
10|||6|||10|||28|||6
1|||9|||11|||13|||6
++|||8|||11|||22|||6
1|||10|||12|||13|||6
++|||9|||12|||22|||6
24|||1|||13|||3|||6
36|||1|||13|||7|||6
17|||1|||14|||3|||6
1|||11|||14|||7|||6
2|||5|||14|||14|||6
2|||6|||14|||20|||6
++|||10|||14|||23|||6
2|||7|||15|||15|||6
++|||11|||15|||18|||6
1|||12|||15|||41|||6
1|||13|||15|||52|||6
++|||12|||16|||28|||6
1|||14|||16|||47|||6
++|||13|||16|||50|||6
121|||1|||17|||3|||6
10|||7|||17|||22|||6
10|||8|||17|||28|||6
10|||9|||17|||32|||6
2|||8|||18|||3|||6
3|||2|||18|||7|||6
1|||15|||18|||11|||6
++|||14|||18|||25|||6
++|||15|||19|||23|||6
1|||16|||20|||13|||6
++|||16|||20|||16|||6
1|||17|||20|||33|||6
++|||17|||20|||36|||6
1|||18|||20|||49|||6
1|||19|||20|||70|||6
1|||20|||20|||77|||6
1|||21|||21|||13|||6
++|||18|||21|||16|||6
1|||22|||21|||31|||6
++|||19|||21|||40|||6
1|||23|||22|||5|||6
++|||20|||22|||14|||6
1|||24|||22|||29|||6
1|||25|||22|||48|||6
1|||26|||22|||61|||6
5|||6|||23|||9|||6
++|||21|||23|||12|||6
1|||27|||23|||18|||6
++|||22|||23|||32|||6
1|||28|||23|||60|||6
5|||7|||24|||3|||6
2|||9|||24|||7|||6
1|||29|||24|||11|||6
1|||30|||24|||15|||6
++|||23|||24|||29|||6
1|||31|||24|||45|||6
123|||1|||25|||3|||6
10|||10|||25|||18|||6
10|||11|||25|||24|||6
1|||32|||26|||12|||6
++|||24|||26|||30|||6
++|||25|||26|||45|||6
++|||26|||27|||23|||6
32|||1|||27|||42|||6
2|||10|||28|||5|||6
50|||1|||28|||9|||6
++|||27|||28|||12|||6
1|||33|||28|||18|||6
2|||11|||28|||25|||6
2|||12|||28|||31|||6
++|||28|||28|||34|||6
1|||34|||28|||52|||6
12|||1|||29|||3|||6
18|||1|||29|||7|||6
++|||29|||29|||37|||6
1|||35|||30|||3|||6
5|||8|||30|||9|||6
++|||30|||30|||25|||6
1|||36|||31|||7|||6
5|||9|||31|||13|||6
++|||31|||31|||21|||6
2|||13|||32|||3|||6
10|||12|||32|||9|||6
2|||14|||32|||26|||6
1|||37|||33|||3|||6
10|||13|||33|||9|||6
2|||15|||33|||26|||6
1|||38|||34|||3|||6
1|||39|||34|||7|||6
5|||10|||34|||13|||6
++|||32|||34|||21|||6
1|||40|||35|||6|||6
2|||16|||35|||8|||6
3|||3|||35|||10|||6
4|||2|||35|||12|||6
5|||11|||35|||14|||6
++|||33|||35|||47|||6
1|||41|||36|||7|||6
--|||3|||36|||32|||6
++|||34|||37|||26|||6
1|||42|||38|||7|||6
5|||12|||38|||19|||6
++|||35|||38|||49|||6
++|||36|||39|||17|||6
10|||14|||39|||21|||6
10|||15|||40|||20|||6
10|||16|||40|||24|||6
10|||17|||40|||28|||6
1|||43|||41|||10|||6
++|||37|||41|||38|||6
1|||44|||42|||10|||6
++|||38|||42|||38|||6
24|||2|||43|||3|||6
36|||2|||43|||7|||6
17|||2|||44|||3|||6
1|||45|||44|||7|||6
2|||17|||44|||11|||6
2|||18|||44|||19|||6
++|||39|||44|||35|||6
2|||19|||45|||15|||6
1|||46|||45|||38|||6
1|||47|||45|||49|||6
++|||40|||45|||55|||6
1|||48|||46|||44|||6
++|||41|||46|||47|||6
++|||42|||46|||50|||6
121|||2|||47|||3|||6
10|||18|||47|||24|||6
10|||19|||47|||28|||6
10|||20|||47|||32|||6
2|||20|||48|||3|||6
3|||4|||48|||7|||6
1|||49|||48|||11|||6
++|||43|||48|||29|||6
++|||44|||49|||44|||6
1|||50|||50|||13|||6
1|||51|||50|||31|||6
1|||52|||50|||45|||6
1|||53|||50|||66|||6
1|||54|||50|||73|||6
++|||45|||50|||80|||6
++|||46|||50|||84|||6
1|||55|||51|||13|||6
1|||56|||51|||25|||6
++|||47|||51|||53|||6
++|||48|||51|||82|||6
1|||57|||52|||3|||6
1|||58|||52|||26|||6
1|||59|||52|||46|||6
1|||60|||52|||62|||6
++|||49|||52|||68|||6
5|||13|||53|||9|||6
1|||61|||53|||15|||6
1|||62|||53|||53|||6
++|||50|||53|||57|||6
++|||51|||53|||69|||6
5|||14|||54|||3|||6
2|||21|||54|||7|||6
1|||63|||54|||11|||6
1|||64|||54|||15|||6
1|||65|||54|||41|||6
++|||52|||54|||45|||6
123|||2|||55|||3|||6
10|||21|||55|||20|||6
10|||22|||55|||24|||6
1|||66|||56|||12|||6
++|||53|||56|||42|||6
++|||54|||56|||45|||6
32|||2|||57|||40|||6
++|||55|||57|||45|||6
2|||22|||58|||3|||6
50|||2|||58|||9|||6
1|||67|||58|||15|||6
2|||23|||58|||19|||6
2|||24|||58|||27|||6
++|||56|||58|||43|||6
1|||68|||58|||50|||6
++|||57|||58|||65|||6
12|||2|||59|||3|||6
18|||2|||59|||7|||6
++|||58|||59|||36|||6
0|||1|||1|||3|||7
0|||2|||5|||22|||7
0|||3|||6|||13|||7
0|||4|||7|||3|||7
0|||5|||7|||10|||7
0|||6|||8|||3|||7
0|||7|||8|||16|||7
0|||8|||9|||7|||7
0|||9|||9|||14|||7
0|||10|||10|||3|||7
0|||11|||10|||14|||7
0|||12|||11|||5|||7
0|||13|||12|||5|||7
0|||14|||13|||16|||7
0|||15|||14|||31|||7
0|||16|||14|||35|||7
0|||17|||15|||5|||7
0|||18|||16|||10|||7
0|||19|||16|||17|||7
0|||20|||17|||7|||7
0|||21|||17|||18|||7
0|||22|||18|||18|||7
0|||23|||19|||12|||7
0|||24|||20|||5|||7
0|||25|||20|||23|||7
0|||26|||21|||5|||7
0|||27|||22|||35|||7
0|||28|||23|||5|||7
0|||29|||23|||25|||7
0|||30|||24|||22|||7
0|||31|||25|||7|||7
0|||32|||25|||14|||7
0|||33|||26|||19|||7
0|||34|||27|||12|||7
0|||35|||28|||42|||7
0|||36|||28|||46|||7
0|||37|||29|||28|||7
0|||38|||29|||34|||7
0|||39|||31|||3|||7
0|||40|||35|||20|||7
0|||41|||36|||13|||7
0|||42|||37|||3|||7
0|||43|||37|||7|||7
0|||44|||38|||3|||7
0|||45|||38|||13|||7
0|||46|||39|||7|||7
0|||47|||39|||13|||7
0|||48|||40|||3|||7
0|||49|||40|||13|||7
0|||50|||41|||5|||7
0|||51|||42|||5|||7
0|||52|||43|||15|||7
0|||53|||44|||28|||7
0|||54|||44|||32|||7
0|||55|||45|||3|||7
0|||56|||46|||10|||7
0|||57|||46|||14|||7
0|||58|||47|||7|||7
0|||59|||47|||17|||7
0|||60|||48|||15|||7
0|||61|||49|||10|||7
0|||62|||50|||3|||7
0|||63|||50|||19|||7
0|||64|||51|||3|||7
0|||65|||52|||32|||7
0|||66|||53|||3|||7
0|||67|||53|||19|||7
0|||68|||54|||19|||7
0|||69|||55|||7|||7
0|||70|||55|||13|||7
0|||71|||56|||16|||7
0|||72|||57|||10|||7
0|||73|||58|||36|||7
0|||74|||58|||40|||7
0|||75|||59|||27|||7
0|||76|||59|||33|||7
int|||1|||0|||2|||8
int|||2|||1|||0|||8
int|||3|||1|||7|||8
int|||4|||2|||2|||8
int|||5|||3|||2|||8
int|||6|||4|||0|||8
int|||7|||4|||7|||8
int|||8|||5|||0|||8
int|||9|||5|||19|||8
int|||10|||6|||2|||8
int|||11|||7|||0|||8
int|||12|||7|||7|||8
int|||13|||8|||0|||8
int|||14|||8|||13|||8
int|||15|||9|||0|||8
int|||16|||10|||0|||8
int|||17|||11|||0|||8
int|||18|||11|||10|||8
int|||19|||12|||0|||8
int|||20|||12|||10|||8
int|||21|||13|||0|||8
int|||22|||13|||11|||8
int|||23|||14|||0|||8
int|||24|||14|||11|||8
int|||25|||15|||2|||8
String|||1|||16|||0|||8
int|||26|||16|||7|||8
int|||27|||16|||14|||8
int|||28|||17|||0|||8
int|||29|||18|||0|||8
int|||30|||18|||15|||8
String|||2|||19|||0|||8
int|||31|||19|||9|||8
int|||32|||19|||32|||8
int|||33|||20|||2|||8
int|||34|||20|||20|||8
int|||35|||20|||53|||8
int|||36|||21|||2|||8
int|||37|||21|||19|||8
int|||38|||21|||26|||8
int|||39|||21|||58|||8
int|||40|||22|||2|||8
int|||41|||22|||17|||8
int|||42|||23|||2|||8
int|||43|||23|||15|||8
int|||44|||23|||22|||8
int|||45|||24|||0|||8
int|||46|||24|||19|||8
int|||47|||25|||0|||8
String|||3|||26|||0|||8
int|||48|||26|||9|||8
int|||49|||26|||16|||8
String|||4|||27|||0|||8
int|||50|||27|||9|||8
int|||51|||28|||2|||8
int|||52|||28|||15|||8
int|||53|||28|||22|||8
int|||54|||29|||0|||8
int|||55|||30|||0|||8
int|||56|||31|||0|||8
int|||57|||32|||0|||8
int|||58|||33|||0|||8
int|||59|||34|||0|||8
int|||60|||35|||0|||8
int|||61|||35|||17|||8
int|||62|||36|||0|||8
int|||63|||37|||0|||8
int|||64|||38|||0|||8
int|||65|||39|||0|||8
int|||66|||40|||0|||8
int|||67|||41|||0|||8
int|||68|||42|||0|||8
int|||69|||43|||0|||8
int|||70|||44|||0|||8
int|||71|||45|||0|||8
String|||5|||46|||0|||8
int|||72|||46|||7|||8
int|||73|||47|||0|||8
int|||74|||48|||0|||8
String|||6|||49|||0|||8
int|||75|||49|||7|||8
int|||76|||49|||30|||8
int|||77|||50|||0|||8
int|||78|||50|||16|||8
int|||79|||50|||49|||8
int|||80|||51|||0|||8
int|||81|||51|||16|||8
int|||82|||51|||56|||8
int|||83|||52|||0|||8
int|||84|||52|||14|||8
int|||85|||53|||0|||8
int|||86|||53|||12|||8
int|||87|||54|||0|||8
int|||88|||55|||0|||8
String|||7|||56|||0|||8
int|||89|||56|||9|||8
String|||8|||57|||0|||8
int|||90|||57|||7|||8
int|||91|||58|||0|||8
int|||92|||58|||12|||8
int|||93|||59|||0|||8
=|||1|||0|||4|||9
<=|||1|||0|||8|||9
=|||2|||1|||2|||9
=|||3|||1|||9|||9
<=|||2|||1|||13|||9
+=|||1|||1|||20|||9
=|||4|||2|||4|||9
<=|||3|||2|||8|||9
+=|||2|||2|||12|||9
=|||5|||3|||4|||9
<=|||4|||3|||8|||9
+=|||3|||3|||12|||9
=|||6|||4|||2|||9
=|||7|||4|||9|||9
<=|||5|||4|||13|||9
*=|||1|||4|||20|||9
=|||8|||5|||4|||9
,|||1|||5|||7|||9
,|||2|||5|||9|||9
,|||3|||5|||11|||9
,|||4|||5|||13|||9
=|||9|||5|||21|||9
<|||1|||5|||25|||9
=|||10|||6|||4|||9
>=|||1|||6|||12|||9
=|||11|||7|||2|||9
=|||12|||7|||9|||9
<|||2|||7|||13|||9
+=|||4|||7|||22|||9
=|||13|||8|||2|||9
,|||5|||8|||4|||9
=|||14|||8|||6|||9
,|||6|||8|||8|||9
=|||15|||8|||15|||9
<|||3|||8|||19|||9
=|||16|||8|||39|||9
=|||17|||8|||45|||9
=|||18|||8|||49|||9
=|||19|||9|||2|||9
,|||7|||9|||4|||9
=|||20|||9|||6|||9
>|||1|||9|||13|||9
/=|||1|||9|||17|||9
=|||21|||10|||2|||9
,|||8|||10|||4|||9
=|||22|||10|||6|||9
>|||2|||10|||13|||9
/=|||2|||10|||17|||9
=|||23|||10|||21|||9
=|||24|||11|||2|||9
=|||25|||11|||12|||9
<|||4|||11|||16|||9
>|||3|||11|||30|||9
=|||26|||11|||34|||9
=|||27|||12|||2|||9
=|||28|||12|||12|||9
<|||5|||12|||16|||9
<|||6|||12|||30|||9
=|||29|||12|||34|||9
=|||30|||13|||2|||9
,|||9|||13|||4|||9
=|||31|||13|||6|||9
!=|||1|||13|||15|||9
=|||32|||13|||19|||9
=|||33|||13|||23|||9
=|||34|||13|||29|||9
=|||35|||14|||2|||9
,|||12|||14|||4|||9
=|||36|||14|||6|||9
=|||37|||14|||13|||9
<=|||6|||14|||17|||9
==|||1|||14|||30|||9
=|||38|||14|||34|||9
=|||39|||15|||4|||9
,|||13|||15|||6|||9
<|||7|||15|||10|||9
=|||40|||15|||22|||9
=|||41|||15|||32|||9
=|||42|||15|||54|||9
=|||43|||16|||2|||9
=|||44|||16|||9|||9
=|||45|||16|||16|||9
<|||8|||16|||20|||9
!=|||2|||16|||45|||9
=|||46|||17|||2|||9
,|||14|||17|||4|||9
=|||47|||17|||6|||9
,|||15|||17|||8|||9
=|||48|||17|||10|||9
>|||4|||17|||17|||9
/=|||3|||17|||21|||9
=|||49|||17|||25|||9
=|||50|||18|||2|||9
,|||16|||18|||4|||9
=|||51|||18|||6|||9
,|||17|||18|||8|||9
=|||52|||18|||10|||9
=|||53|||18|||17|||9
<|||9|||18|||21|||9
*=|||2|||18|||28|||9
=|||54|||19|||2|||9
=|||55|||19|||11|||9
<|||10|||19|||15|||9
=|||56|||20|||4|||9
<|||11|||20|||8|||9
=|||57|||20|||22|||9
<|||12|||20|||26|||9
>|||5|||20|||44|||9
=|||58|||20|||55|||9
=|||59|||20|||65|||9
=|||60|||20|||79|||9
=|||61|||21|||4|||9
<|||13|||21|||8|||9
=|||62|||21|||21|||9
=|||63|||21|||28|||9
<|||14|||21|||34|||9
<|||15|||21|||48|||9
=|||64|||21|||55|||9
=|||65|||21|||60|||9
=|||66|||21|||70|||9
=|||67|||21|||80|||9
=|||68|||22|||4|||9
<|||16|||22|||8|||9
=|||69|||22|||19|||9
=|||70|||22|||26|||9
>=|||2|||22|||34|||9
>|||6|||22|||41|||9
=|||71|||22|||50|||9
=|||72|||22|||63|||9
=|||73|||23|||4|||9
<|||17|||23|||8|||9
=|||74|||23|||17|||9
=|||75|||23|||24|||9
<=|||7|||23|||28|||9
=|||76|||23|||48|||9
=|||77|||24|||2|||9
,|||19|||24|||4|||9
=|||78|||24|||6|||9
,|||20|||24|||8|||9
=|||79|||24|||10|||9
,|||21|||24|||12|||9
=|||80|||24|||14|||9
=|||81|||24|||21|||9
<|||18|||24|||25|||9
*=|||3|||24|||33|||9
*=|||4|||24|||41|||9
=|||82|||25|||2|||9
,|||22|||25|||4|||9
=|||83|||25|||6|||9
>|||7|||25|||13|||9
/=|||4|||25|||17|||9
+=|||5|||25|||21|||9
=|||84|||26|||2|||9
=|||85|||26|||11|||9
=|||86|||26|||18|||9
<|||19|||26|||22|||9
==|||2|||26|||40|||9
=|||87|||27|||2|||9
=|||88|||27|||11|||9
<|||20|||27|||15|||9
=|||89|||28|||4|||9
<=|||8|||28|||8|||9
=|||90|||28|||17|||9
=|||91|||28|||24|||9
<=|||9|||28|||28|||9
==|||3|||28|||41|||9
=|||92|||28|||45|||9
==|||4|||28|||51|||9
=|||93|||29|||2|||9
,|||23|||29|||4|||9
=|||94|||29|||6|||9
,|||24|||29|||8|||9
=|||95|||29|||10|||9
>|||8|||29|||13|||9
!=|||3|||29|||27|||9
!=|||4|||29|||33|||9
=|||96|||30|||2|||9
<=|||10|||30|||8|||9
=|||97|||31|||2|||9
,|||25|||31|||4|||9
=|||98|||31|||6|||9
<=|||11|||31|||12|||9
+=|||6|||31|||17|||9
=|||99|||32|||2|||9
<=|||12|||32|||8|||9
+=|||7|||32|||25|||9
=|||100|||33|||2|||9
<=|||13|||33|||8|||9
+=|||8|||33|||25|||9
=|||101|||34|||2|||9
,|||26|||34|||4|||9
=|||102|||34|||6|||9
<=|||14|||34|||12|||9
*=|||5|||34|||17|||9
=|||103|||35|||4|||9
,|||27|||35|||7|||9
,|||28|||35|||9|||9
,|||29|||35|||11|||9
,|||30|||35|||13|||9
=|||104|||35|||19|||9
<|||21|||35|||25|||9
=|||105|||36|||2|||9
>=|||3|||36|||12|||9
=|||106|||37|||2|||9
,|||31|||37|||4|||9
=|||107|||37|||6|||9
<|||22|||37|||12|||9
+=|||9|||37|||19|||9
=|||108|||38|||2|||9
,|||32|||38|||4|||9
=|||109|||38|||6|||9
,|||33|||38|||8|||9
,|||34|||38|||10|||9
=|||110|||38|||12|||9
<|||23|||38|||18|||9
=|||111|||38|||35|||9
=|||112|||38|||41|||9
=|||113|||38|||45|||9
=|||114|||39|||2|||9
,|||35|||39|||4|||9
=|||115|||39|||6|||9
>|||9|||39|||12|||9
/=|||5|||39|||20|||9
=|||116|||40|||2|||9
,|||36|||40|||4|||9
=|||117|||40|||6|||9
>|||10|||40|||12|||9
=|||118|||40|||17|||9
/=|||6|||40|||27|||9
=|||119|||41|||2|||9
,|||37|||41|||7|||9
=|||120|||41|||9|||9
<|||24|||41|||15|||9
>|||11|||41|||27|||9
=|||121|||41|||31|||9
=|||122|||42|||2|||9
,|||38|||42|||7|||9
=|||123|||42|||9|||9
<|||25|||42|||15|||9
<|||26|||42|||27|||9
=|||124|||42|||31|||9
=|||125|||43|||2|||9
,|||39|||43|||4|||9
=|||126|||43|||6|||9
,|||40|||43|||8|||9
!=|||5|||43|||14|||9
=|||127|||43|||19|||9
=|||128|||43|||23|||9
=|||129|||43|||29|||9
=|||130|||44|||2|||9
,|||41|||44|||4|||9
=|||131|||44|||6|||9
,|||42|||44|||8|||9
=|||132|||44|||10|||9
<=|||15|||44|||16|||9
==|||5|||44|||27|||9
=|||133|||44|||31|||9
=|||134|||45|||2|||9
,|||43|||45|||4|||9
<|||27|||45|||10|||9
=|||135|||45|||19|||9
=|||136|||45|||29|||9
=|||137|||45|||51|||9
=|||138|||46|||2|||9
=|||139|||46|||9|||9
,|||44|||46|||11|||9
=|||140|||46|||13|||9
<|||28|||46|||19|||9
!=|||6|||46|||42|||9
=|||141|||47|||2|||9
,|||45|||47|||4|||9
=|||142|||47|||6|||9
,|||46|||47|||8|||9
=|||143|||47|||10|||9
>|||12|||47|||16|||9
=|||144|||47|||21|||9
/=|||7|||47|||31|||9
=|||145|||48|||2|||9
,|||47|||48|||4|||9
=|||146|||48|||6|||9
,|||48|||48|||8|||9
=|||147|||48|||10|||9
,|||49|||48|||12|||9
=|||148|||48|||14|||9
<|||29|||48|||20|||9
*=|||6|||48|||25|||9
=|||149|||49|||2|||9
=|||150|||49|||9|||9
<|||30|||49|||15|||9
=|||151|||50|||2|||9
<|||31|||50|||8|||9
=|||152|||50|||18|||9
<|||32|||50|||24|||9
>|||13|||50|||40|||9
=|||153|||50|||51|||9
=|||154|||50|||61|||9
=|||155|||50|||75|||9
=|||156|||51|||2|||9
<|||33|||51|||8|||9
=|||157|||51|||18|||9
,|||50|||51|||20|||9
=|||158|||51|||22|||9
<|||34|||51|||30|||9
<|||35|||51|||42|||9
=|||159|||51|||49|||9
=|||160|||51|||58|||9
=|||161|||51|||68|||9
=|||162|||51|||78|||9
=|||163|||52|||2|||9
<|||36|||52|||8|||9
=|||164|||52|||16|||9
=|||165|||52|||23|||9
>=|||4|||52|||31|||9
>|||14|||52|||38|||9
=|||166|||52|||48|||9
=|||167|||52|||64|||9
=|||168|||53|||2|||9
<|||37|||53|||8|||9
=|||169|||53|||14|||9
=|||170|||53|||18|||9
<=|||16|||53|||24|||9
=|||171|||53|||41|||9
=|||172|||54|||2|||9
,|||53|||54|||4|||9
=|||173|||54|||6|||9
,|||54|||54|||8|||9
=|||174|||54|||10|||9
,|||55|||54|||12|||9
=|||175|||54|||14|||9
=|||176|||54|||18|||9
<|||38|||54|||24|||9
*=|||7|||54|||29|||9
*=|||8|||54|||37|||9
=|||177|||55|||2|||9
,|||57|||55|||4|||9
=|||178|||55|||6|||9
>|||15|||55|||12|||9
+=|||10|||55|||17|||9
/=|||8|||55|||23|||9
=|||179|||56|||2|||9
=|||180|||56|||11|||9
,|||58|||56|||13|||9
=|||181|||56|||15|||9
<|||39|||56|||21|||9
==|||6|||56|||37|||9
=|||182|||57|||2|||9
=|||183|||57|||9|||9
<|||40|||57|||15|||9
=|||184|||58|||2|||9
<=|||17|||58|||8|||9
=|||185|||58|||14|||9
=|||186|||58|||18|||9
<=|||18|||58|||24|||9
==|||7|||58|||35|||9
=|||187|||58|||39|||9
==|||8|||58|||49|||9
=|||188|||59|||2|||9
,|||60|||59|||4|||9
=|||189|||59|||6|||9
,|||61|||59|||8|||9
=|||190|||59|||10|||9
>|||16|||59|||13|||9
!=|||7|||59|||26|||9
!=|||8|||59|||32|||9
