for|||1|||0|||20|||0
(|||2|||0|||21|||0
;|||2|||0|||26|||0
<|||1|||0|||28|||0
for|||2|||1|||20|||0
(|||5|||1|||21|||0
;|||6|||1|||26|||0
<|||2|||1|||28|||0
for|||3|||2|||15|||0
(|||8|||2|||16|||0
;|||9|||2|||21|||0
<|||3|||2|||23|||0
while|||1|||3|||20|||0
(|||11|||3|||21|||0
<|||4|||3|||23|||0
if|||1|||4|||25|||0
(|||14|||4|||26|||0
<|||5|||4|||28|||0
if|||2|||5|||25|||0
(|||17|||5|||26|||0
!|||1|||5|||27|||0
(|||18|||5|||28|||0
for|||4|||8|||15|||0
(|||25|||8|||16|||0
;|||27|||8|||21|||0
<|||6|||8|||23|||0
for|||5|||9|||15|||0
(|||28|||9|||16|||0
;|||30|||9|||21|||0
<=|||1|||9|||23|||0
for|||6|||12|||20|||0
(|||35|||12|||21|||0
;|||38|||12|||26|||0
<|||7|||12|||28|||0
for|||7|||13|||20|||0
(|||38|||13|||21|||0
;|||42|||13|||26|||0
<|||8|||13|||28|||0
for|||8|||14|||15|||0
(|||41|||14|||16|||0
;|||45|||14|||21|||0
<|||9|||14|||23|||0
while|||2|||15|||20|||0
(|||44|||15|||21|||0
<|||10|||15|||23|||0
if|||3|||16|||25|||0
(|||47|||16|||26|||0
if|||4|||17|||25|||0
(|||50|||17|||26|||0
!|||2|||17|||27|||0
(|||51|||17|||28|||0
for|||9|||20|||15|||0
(|||58|||20|||16|||0
;|||63|||20|||21|||0
<|||11|||20|||23|||0
for|||10|||21|||15|||0
(|||61|||21|||16|||0
;|||66|||21|||21|||0
<=|||3|||21|||23|||0
Example1|||1|||0|||2|||1
10|||1|||0|||18|||1
Example2|||1|||1|||2|||1
10|||2|||1|||18|||1
Example3|||1|||2|||2|||1
10|||3|||2|||24|||1
Example4|||1|||3|||2|||1
10|||4|||3|||24|||1
Example5|||1|||4|||2|||1
5|||1|||4|||18|||1
10|||5|||4|||23|||1
Example6|||1|||5|||2|||1
5|||2|||5|||18|||1
10|||6|||5|||23|||1
Example7|||1|||6|||2|||1
5|||3|||6|||23|||1
100|||1|||6|||31|||1
Example8|||1|||7|||2|||1
5|||4|||7|||23|||1
100|||2|||7|||36|||1
Example9|||1|||8|||2|||1
5|||5|||8|||24|||1
Example10|||1|||9|||2|||1
5|||6|||9|||24|||1
Example11|||1|||10|||2|||1
Example12|||1|||11|||2|||1
1|||1|||11|||18|||1
Example13|||1|||12|||2|||1
10|||7|||12|||18|||1
Example14|||1|||13|||2|||1
10|||8|||13|||18|||1
Example15|||1|||14|||2|||1
5|||7|||14|||24|||1
Example16|||1|||15|||2|||1
5|||8|||15|||24|||1
Example17|||1|||16|||2|||1
7|||1|||16|||18|||1
10|||9|||16|||23|||1
Example18|||1|||17|||2|||1
7|||2|||17|||18|||1
10|||10|||17|||23|||1
Example19|||1|||18|||2|||1
1|||2|||18|||21|||1
5|||9|||18|||29|||1
Example20|||1|||19|||2|||1
1|||3|||19|||21|||1
5|||10|||19|||29|||1
Example21|||1|||20|||2|||1
1|||4|||20|||20|||1
4|||3|||20|||24|||1
Example22|||1|||21|||2|||1
1|||5|||21|||20|||1
4|||4|||21|||24|||1
Example23|||1|||22|||2|||1
Example24|||1|||23|||2|||1
1|||6|||23|||18|||1
)|||1|||0|||13|||2
{|||2|||0|||14|||2
;|||1|||0|||19|||2
;|||3|||0|||30|||2
)|||2|||0|||33|||2
{|||3|||0|||34|||2
(|||3|||0|||40|||2
)|||3|||0|||42|||2
;|||4|||0|||43|||2
)|||4|||1|||13|||2
{|||5|||1|||14|||2
;|||5|||1|||19|||2
;|||7|||1|||30|||2
)|||5|||1|||33|||2
{|||6|||1|||34|||2
(|||6|||1|||40|||2
)|||6|||1|||42|||2
;|||8|||1|||43|||2
)|||7|||2|||13|||2
{|||8|||2|||14|||2
;|||10|||2|||25|||2
)|||8|||2|||28|||2
{|||9|||2|||29|||2
(|||9|||2|||35|||2
)|||9|||2|||37|||2
;|||11|||2|||38|||2
)|||10|||3|||13|||2
{|||11|||3|||14|||2
;|||12|||3|||19|||2
)|||11|||3|||25|||2
{|||12|||3|||26|||2
(|||12|||3|||32|||2
)|||12|||3|||34|||2
;|||13|||3|||35|||2
;|||14|||3|||38|||2
)|||13|||4|||13|||2
{|||14|||4|||14|||2
;|||15|||4|||19|||2
;|||16|||4|||24|||2
)|||14|||4|||30|||2
{|||15|||4|||31|||2
(|||15|||4|||37|||2
)|||15|||4|||39|||2
;|||17|||4|||40|||2
)|||16|||5|||13|||2
{|||17|||5|||14|||2
;|||18|||5|||19|||2
;|||19|||5|||24|||2
)|||17|||5|||32|||2
)|||18|||5|||33|||2
{|||18|||5|||34|||2
(|||19|||5|||40|||2
)|||19|||5|||42|||2
;|||20|||5|||43|||2
)|||20|||6|||13|||2
{|||20|||6|||14|||2
;|||21|||6|||25|||2
;|||22|||6|||32|||2
(|||21|||6|||38|||2
)|||21|||6|||43|||2
;|||23|||6|||44|||2
)|||22|||7|||13|||2
{|||22|||7|||14|||2
;|||24|||7|||25|||2
;|||25|||7|||37|||2
(|||23|||7|||43|||2
)|||23|||7|||48|||2
;|||26|||7|||49|||2
)|||24|||8|||13|||2
{|||24|||8|||14|||2
;|||28|||8|||25|||2
)|||25|||8|||28|||2
{|||25|||8|||29|||2
(|||26|||8|||35|||2
)|||26|||8|||37|||2
;|||29|||8|||38|||2
)|||27|||9|||13|||2
{|||27|||9|||14|||2
;|||31|||9|||25|||2
)|||28|||9|||28|||2
{|||28|||9|||29|||2
(|||29|||9|||35|||2
)|||29|||9|||37|||2
;|||32|||9|||38|||2
)|||30|||10|||13|||2
{|||30|||10|||14|||2
;|||33|||10|||19|||2
(|||31|||10|||25|||2
)|||31|||10|||27|||2
;|||34|||10|||28|||2
)|||32|||11|||13|||2
{|||32|||11|||14|||2
;|||35|||11|||19|||2
(|||33|||11|||25|||2
)|||33|||11|||27|||2
;|||36|||11|||28|||2
)|||34|||12|||13|||2
{|||34|||12|||14|||2
;|||37|||12|||19|||2
;|||39|||12|||30|||2
)|||35|||12|||33|||2
{|||35|||12|||34|||2
(|||36|||12|||40|||2
)|||36|||12|||42|||2
;|||40|||12|||43|||2
)|||37|||13|||13|||2
{|||37|||13|||14|||2
;|||41|||13|||19|||2
;|||43|||13|||30|||2
)|||38|||13|||33|||2
{|||38|||13|||34|||2
(|||39|||13|||40|||2
)|||39|||13|||42|||2
;|||44|||13|||43|||2
)|||40|||14|||13|||2
{|||40|||14|||14|||2
;|||46|||14|||25|||2
)|||41|||14|||28|||2
{|||41|||14|||29|||2
(|||42|||14|||35|||2
)|||42|||14|||37|||2
;|||47|||14|||38|||2
)|||43|||15|||13|||2
{|||43|||15|||14|||2
;|||48|||15|||19|||2
)|||44|||15|||25|||2
{|||44|||15|||26|||2
(|||45|||15|||32|||2
)|||45|||15|||34|||2
;|||49|||15|||35|||2
;|||50|||15|||38|||2
)|||46|||16|||13|||2
{|||46|||16|||14|||2
;|||51|||16|||19|||2
;|||52|||16|||24|||2
)|||47|||16|||30|||2
{|||47|||16|||31|||2
(|||48|||16|||37|||2
"|||2|||16|||42|||2
)|||48|||16|||43|||2
;|||53|||16|||44|||2
)|||49|||17|||13|||2
{|||49|||17|||14|||2
;|||54|||17|||19|||2
;|||55|||17|||24|||2
)|||50|||17|||32|||2
)|||51|||17|||33|||2
{|||50|||17|||34|||2
(|||52|||17|||40|||2
"|||4|||17|||45|||2
)|||52|||17|||46|||2
;|||56|||17|||47|||2
)|||53|||18|||13|||2
{|||52|||18|||14|||2
}|||51|||18|||30|||2
;|||57|||18|||31|||2
;|||58|||18|||38|||2
(|||54|||18|||44|||2
)|||54|||18|||49|||2
;|||59|||18|||50|||2
)|||55|||19|||13|||2
{|||55|||19|||14|||2
}|||54|||19|||30|||2
;|||60|||19|||31|||2
;|||61|||19|||43|||2
(|||56|||19|||49|||2
)|||56|||19|||54|||2
;|||62|||19|||55|||2
)|||57|||20|||13|||2
{|||58|||20|||14|||2
;|||64|||20|||25|||2
)|||58|||20|||28|||2
{|||59|||20|||29|||2
(|||59|||20|||35|||2
)|||59|||20|||37|||2
;|||65|||20|||38|||2
)|||60|||21|||13|||2
{|||61|||21|||14|||2
;|||67|||21|||25|||2
)|||61|||21|||28|||2
{|||62|||21|||29|||2
(|||62|||21|||35|||2
)|||62|||21|||37|||2
;|||68|||21|||38|||2
)|||63|||22|||13|||2
{|||64|||22|||14|||2
;|||69|||22|||19|||2
(|||64|||22|||25|||2
)|||64|||22|||27|||2
;|||70|||22|||28|||2
)|||65|||23|||13|||2
{|||66|||23|||14|||2
;|||71|||23|||19|||2
(|||66|||23|||25|||2
)|||66|||23|||27|||2
;|||72|||23|||28|||2
main|||1|||0|||7|||3
(|||1|||0|||8|||3
String|||1|||0|||9|||3
[|||1|||0|||10|||3
]|||1|||0|||11|||3
args|||1|||0|||12|||3
main|||2|||1|||7|||3
(|||4|||1|||8|||3
String|||2|||1|||9|||3
[|||2|||1|||10|||3
]|||2|||1|||11|||3
args|||2|||1|||12|||3
main|||3|||2|||7|||3
(|||7|||2|||8|||3
String|||3|||2|||9|||3
[|||3|||2|||10|||3
]|||3|||2|||11|||3
args|||3|||2|||12|||3
main|||4|||3|||7|||3
(|||10|||3|||8|||3
String|||4|||3|||9|||3
[|||4|||3|||10|||3
]|||4|||3|||11|||3
args|||4|||3|||12|||3
main|||5|||4|||7|||3
(|||13|||4|||8|||3
String|||5|||4|||9|||3
[|||5|||4|||10|||3
]|||5|||4|||11|||3
args|||5|||4|||12|||3
main|||6|||5|||7|||3
(|||16|||5|||8|||3
String|||6|||5|||9|||3
[|||6|||5|||10|||3
]|||6|||5|||11|||3
args|||6|||5|||12|||3
main|||7|||6|||7|||3
(|||20|||6|||8|||3
String|||7|||6|||9|||3
[|||7|||6|||10|||3
]|||7|||6|||11|||3
args|||7|||6|||12|||3
main|||8|||7|||7|||3
(|||22|||7|||8|||3
String|||8|||7|||9|||3
[|||12|||7|||10|||3
]|||12|||7|||11|||3
args|||8|||7|||12|||3
main|||9|||8|||7|||3
(|||24|||8|||8|||3
String|||9|||8|||9|||3
[|||18|||8|||10|||3
]|||18|||8|||11|||3
args|||9|||8|||12|||3
main|||10|||9|||7|||3
(|||27|||9|||8|||3
String|||10|||9|||9|||3
[|||19|||9|||10|||3
]|||19|||9|||11|||3
args|||10|||9|||12|||3
main|||11|||10|||7|||3
(|||30|||10|||8|||3
String|||11|||10|||9|||3
[|||20|||10|||10|||3
]|||20|||10|||11|||3
args|||11|||10|||12|||3
main|||12|||11|||7|||3
(|||32|||11|||8|||3
String|||12|||11|||9|||3
[|||21|||11|||10|||3
]|||21|||11|||11|||3
args|||12|||11|||12|||3
main|||13|||12|||7|||3
(|||34|||12|||8|||3
String|||13|||12|||9|||3
[|||22|||12|||10|||3
]|||22|||12|||11|||3
args|||13|||12|||12|||3
main|||14|||13|||7|||3
(|||37|||13|||8|||3
String|||14|||13|||9|||3
[|||23|||13|||10|||3
]|||23|||13|||11|||3
args|||14|||13|||12|||3
main|||15|||14|||7|||3
(|||40|||14|||8|||3
String|||15|||14|||9|||3
[|||24|||14|||10|||3
]|||24|||14|||11|||3
args|||15|||14|||12|||3
main|||16|||15|||7|||3
(|||43|||15|||8|||3
String|||16|||15|||9|||3
[|||25|||15|||10|||3
]|||25|||15|||11|||3
args|||16|||15|||12|||3
main|||17|||16|||7|||3
(|||46|||16|||8|||3
String|||17|||16|||9|||3
[|||26|||16|||10|||3
]|||26|||16|||11|||3
args|||17|||16|||12|||3
main|||18|||17|||7|||3
(|||49|||17|||8|||3
String|||18|||17|||9|||3
[|||27|||17|||10|||3
]|||27|||17|||11|||3
args|||18|||17|||12|||3
main|||19|||18|||7|||3
(|||53|||18|||8|||3
String|||19|||18|||9|||3
[|||28|||18|||10|||3
]|||28|||18|||11|||3
args|||19|||18|||12|||3
main|||20|||19|||7|||3
(|||55|||19|||8|||3
String|||20|||19|||9|||3
[|||32|||19|||10|||3
]|||32|||19|||11|||3
args|||20|||19|||12|||3
main|||21|||20|||7|||3
(|||57|||20|||8|||3
String|||21|||20|||9|||3
[|||37|||20|||10|||3
]|||37|||20|||11|||3
args|||21|||20|||12|||3
main|||22|||21|||7|||3
(|||60|||21|||8|||3
String|||22|||21|||9|||3
[|||38|||21|||10|||3
]|||38|||21|||11|||3
args|||22|||21|||12|||3
main|||23|||22|||7|||3
(|||63|||22|||8|||3
String|||23|||22|||9|||3
[|||39|||22|||10|||3
]|||39|||22|||11|||3
args|||23|||22|||12|||3
main|||24|||23|||7|||3
(|||65|||23|||8|||3
String|||24|||23|||9|||3
[|||40|||23|||10|||3
]|||40|||23|||11|||3
args|||24|||23|||12|||3
numElements|||1|||0|||16|||4
=|||1|||0|||17|||4
idx|||1|||0|||23|||4
idx|||2|||0|||27|||4
numElements|||2|||0|||29|||4
idx|||3|||0|||31|||4
++|||1|||0|||32|||4
idx|||4|||0|||41|||4
nElems|||1|||1|||16|||4
=|||3|||1|||17|||4
idx|||5|||1|||23|||4
idx|||6|||1|||27|||4
nElems|||2|||1|||29|||4
idx|||7|||1|||31|||4
++|||2|||1|||32|||4
idx|||8|||1|||41|||4
i|||1|||2|||18|||4
i|||2|||2|||22|||4
i|||3|||2|||26|||4
++|||3|||2|||27|||4
i|||4|||2|||36|||4
i|||5|||3|||16|||4
i|||6|||3|||22|||4
i|||7|||3|||33|||4
i|||8|||3|||36|||4
++|||4|||3|||37|||4
idx|||9|||4|||16|||4
=|||7|||4|||17|||4
N|||1|||4|||21|||4
=|||8|||4|||22|||4
idx|||10|||4|||27|||4
N|||2|||4|||29|||4
idx|||11|||4|||38|||4
idx|||12|||5|||16|||4
=|||9|||5|||17|||4
N|||3|||5|||21|||4
=|||10|||5|||22|||4
idx|||13|||5|||29|||4
>=|||1|||5|||30|||4
N|||4|||5|||31|||4
idx|||14|||5|||41|||4
[|||8|||6|||16|||4
]|||8|||6|||17|||4
data|||1|||6|||18|||4
=|||11|||6|||19|||4
new|||1|||6|||20|||4
[|||9|||6|||22|||4
]|||9|||6|||24|||4
data|||2|||6|||26|||4
[|||10|||6|||27|||4
0|||5|||6|||28|||4
]|||10|||6|||29|||4
+=|||1|||6|||30|||4
data|||3|||6|||39|||4
[|||11|||6|||40|||4
0|||6|||6|||41|||4
]|||11|||6|||42|||4
[|||13|||7|||16|||4
]|||13|||7|||17|||4
data|||4|||7|||18|||4
=|||12|||7|||19|||4
new|||2|||7|||20|||4
[|||14|||7|||22|||4
]|||14|||7|||24|||4
data|||5|||7|||26|||4
[|||15|||7|||27|||4
0|||7|||7|||28|||4
]|||15|||7|||29|||4
=|||13|||7|||30|||4
data|||6|||7|||31|||4
[|||16|||7|||32|||4
0|||8|||7|||33|||4
]|||16|||7|||34|||4
+|||1|||7|||35|||4
data|||7|||7|||44|||4
[|||17|||7|||45|||4
0|||9|||7|||46|||4
]|||17|||7|||47|||4
i|||9|||8|||18|||4
i|||10|||8|||22|||4
i|||11|||8|||26|||4
++|||5|||8|||27|||4
i|||12|||8|||36|||4
i|||13|||9|||18|||4
i|||14|||9|||22|||4
i|||15|||9|||26|||4
++|||6|||9|||27|||4
i|||16|||9|||36|||4
tid|||1|||10|||16|||4
=|||16|||10|||17|||4
tid|||2|||10|||26|||4
tid|||3|||11|||16|||4
=|||17|||11|||17|||4
tid|||4|||11|||26|||4
counter|||1|||12|||16|||4
=|||18|||12|||17|||4
i|||17|||12|||23|||4
i|||18|||12|||27|||4
counter|||2|||12|||29|||4
i|||19|||12|||31|||4
++|||7|||12|||32|||4
i|||20|||12|||41|||4
ctr|||1|||13|||16|||4
=|||20|||13|||17|||4
i|||21|||13|||23|||4
i|||22|||13|||27|||4
ctr|||2|||13|||29|||4
i|||23|||13|||31|||4
++|||8|||13|||32|||4
i|||24|||13|||41|||4
j|||1|||14|||18|||4
j|||2|||14|||22|||4
j|||3|||14|||26|||4
++|||9|||14|||27|||4
j|||4|||14|||36|||4
j|||5|||15|||16|||4
j|||6|||15|||22|||4
j|||7|||15|||33|||4
j|||8|||15|||36|||4
++|||10|||15|||37|||4
x|||1|||16|||16|||4
=|||24|||16|||17|||4
y|||1|||16|||21|||4
=|||25|||16|||22|||4
x|||2|||16|||27|||4
>|||1|||16|||28|||4
y|||2|||16|||29|||4
"|||1|||16|||38|||4
x|||3|||16|||39|||4
is|||1|||16|||40|||4
greater|||1|||16|||41|||4
x|||4|||17|||16|||4
=|||26|||17|||17|||4
y|||3|||17|||21|||4
=|||27|||17|||22|||4
x|||5|||17|||29|||4
<=|||2|||17|||30|||4
y|||4|||17|||31|||4
"|||3|||17|||41|||4
x|||6|||17|||42|||4
is|||2|||17|||43|||4
greater|||2|||17|||44|||4
[|||29|||18|||16|||4
]|||29|||18|||17|||4
values|||1|||18|||18|||4
=|||28|||18|||19|||4
{|||53|||18|||20|||4
,|||1|||18|||22|||4
2|||1|||18|||23|||4
,|||2|||18|||24|||4
3|||1|||18|||25|||4
,|||3|||18|||26|||4
4|||1|||18|||27|||4
,|||4|||18|||28|||4
values|||2|||18|||32|||4
[|||30|||18|||33|||4
2|||2|||18|||34|||4
]|||30|||18|||35|||4
*=|||1|||18|||36|||4
2|||3|||18|||37|||4
values|||3|||18|||45|||4
[|||31|||18|||46|||4
2|||4|||18|||47|||4
]|||31|||18|||48|||4
[|||33|||19|||16|||4
]|||33|||19|||17|||4
values|||4|||19|||18|||4
=|||29|||19|||19|||4
{|||56|||19|||20|||4
,|||5|||19|||22|||4
2|||5|||19|||23|||4
,|||6|||19|||24|||4
3|||2|||19|||25|||4
,|||7|||19|||26|||4
4|||2|||19|||27|||4
,|||8|||19|||28|||4
values|||5|||19|||32|||4
[|||34|||19|||33|||4
2|||6|||19|||34|||4
]|||34|||19|||35|||4
=|||30|||19|||36|||4
values|||6|||19|||37|||4
[|||35|||19|||38|||4
2|||7|||19|||39|||4
]|||35|||19|||40|||4
*|||1|||19|||41|||4
2|||8|||19|||42|||4
values|||7|||19|||50|||4
[|||36|||19|||51|||4
2|||9|||19|||52|||4
]|||36|||19|||53|||4
i|||25|||20|||18|||4
i|||26|||20|||22|||4
i|||27|||20|||26|||4
++|||11|||20|||27|||4
i|||28|||20|||36|||4
i|||29|||21|||18|||4
i|||30|||21|||22|||4
i|||31|||21|||26|||4
++|||12|||21|||27|||4
i|||32|||21|||36|||4
index|||1|||22|||16|||4
=|||33|||22|||17|||4
index|||2|||22|||26|||4
index|||3|||23|||16|||4
=|||34|||23|||17|||4
index|||4|||23|||26|||4
}|||1|||0|||44|||5
}|||2|||0|||45|||5
}|||3|||0|||46|||5
}|||4|||1|||44|||5
}|||5|||1|||45|||5
}|||6|||1|||46|||5
}|||7|||2|||39|||5
}|||8|||2|||40|||5
}|||9|||2|||41|||5
}|||10|||3|||39|||5
}|||11|||3|||40|||5
}|||12|||3|||41|||5
}|||13|||4|||41|||5
}|||14|||4|||42|||5
}|||15|||4|||43|||5
}|||16|||5|||44|||5
}|||17|||5|||45|||5
}|||18|||5|||46|||5
}|||19|||6|||45|||5
}|||20|||6|||46|||5
}|||21|||7|||50|||5
}|||22|||7|||51|||5
}|||23|||8|||39|||5
}|||24|||8|||40|||5
}|||25|||8|||41|||5
}|||26|||9|||39|||5
}|||27|||9|||40|||5
}|||28|||9|||41|||5
}|||29|||10|||29|||5
}|||30|||10|||30|||5
}|||31|||11|||29|||5
}|||32|||11|||30|||5
}|||33|||12|||44|||5
}|||34|||12|||45|||5
}|||35|||12|||46|||5
}|||36|||13|||44|||5
}|||37|||13|||45|||5
}|||38|||13|||46|||5
}|||39|||14|||39|||5
}|||40|||14|||40|||5
}|||41|||14|||41|||5
}|||42|||15|||39|||5
}|||43|||15|||40|||5
}|||44|||15|||41|||5
}|||45|||16|||45|||5
}|||46|||16|||46|||5
}|||47|||16|||47|||5
}|||48|||17|||48|||5
}|||49|||17|||49|||5
}|||50|||17|||50|||5
}|||52|||18|||51|||5
}|||53|||18|||52|||5
}|||55|||19|||56|||5
}|||56|||19|||57|||5
}|||57|||20|||39|||5
}|||58|||20|||40|||5
}|||59|||20|||41|||5
}|||60|||21|||39|||5
}|||61|||21|||40|||5
}|||62|||21|||41|||5
}|||63|||22|||29|||5
}|||64|||22|||30|||5
}|||65|||23|||29|||5
public|||1|||0|||0|||6
class|||1|||0|||1|||6
{|||1|||0|||3|||6
public|||2|||0|||4|||6
public|||3|||1|||0|||6
class|||2|||1|||1|||6
{|||4|||1|||3|||6
public|||4|||1|||4|||6
public|||5|||2|||0|||6
class|||3|||2|||1|||6
{|||7|||2|||3|||6
public|||6|||2|||4|||6
public|||7|||3|||0|||6
class|||4|||3|||1|||6
{|||10|||3|||3|||6
public|||8|||3|||4|||6
public|||9|||4|||0|||6
class|||5|||4|||1|||6
{|||13|||4|||3|||6
public|||10|||4|||4|||6
public|||11|||5|||0|||6
class|||6|||5|||1|||6
{|||16|||5|||3|||6
public|||12|||5|||4|||6
public|||13|||6|||0|||6
class|||7|||6|||1|||6
{|||19|||6|||3|||6
public|||14|||6|||4|||6
public|||15|||7|||0|||6
class|||8|||7|||1|||6
{|||21|||7|||3|||6
public|||16|||7|||4|||6
public|||17|||8|||0|||6
class|||9|||8|||1|||6
{|||23|||8|||3|||6
public|||18|||8|||4|||6
public|||19|||9|||0|||6
class|||10|||9|||1|||6
{|||26|||9|||3|||6
public|||20|||9|||4|||6
public|||21|||10|||0|||6
class|||11|||10|||1|||6
{|||29|||10|||3|||6
public|||22|||10|||4|||6
public|||23|||11|||0|||6
class|||12|||11|||1|||6
{|||31|||11|||3|||6
public|||24|||11|||4|||6
public|||25|||12|||0|||6
class|||13|||12|||1|||6
{|||33|||12|||3|||6
public|||26|||12|||4|||6
public|||27|||13|||0|||6
class|||14|||13|||1|||6
{|||36|||13|||3|||6
public|||28|||13|||4|||6
public|||29|||14|||0|||6
class|||15|||14|||1|||6
{|||39|||14|||3|||6
public|||30|||14|||4|||6
public|||31|||15|||0|||6
class|||16|||15|||1|||6
{|||42|||15|||3|||6
public|||32|||15|||4|||6
public|||33|||16|||0|||6
class|||17|||16|||1|||6
{|||45|||16|||3|||6
public|||34|||16|||4|||6
public|||35|||17|||0|||6
class|||18|||17|||1|||6
{|||48|||17|||3|||6
public|||36|||17|||4|||6
public|||37|||18|||0|||6
class|||19|||18|||1|||6
{|||51|||18|||3|||6
public|||38|||18|||4|||6
public|||39|||19|||0|||6
class|||20|||19|||1|||6
{|||54|||19|||3|||6
public|||40|||19|||4|||6
public|||41|||20|||0|||6
class|||21|||20|||1|||6
{|||57|||20|||3|||6
public|||42|||20|||4|||6
public|||43|||21|||0|||6
class|||22|||21|||1|||6
{|||60|||21|||3|||6
public|||44|||21|||4|||6
public|||45|||22|||0|||6
class|||23|||22|||1|||6
{|||63|||22|||3|||6
public|||46|||22|||4|||6
public|||47|||23|||0|||6
class|||24|||23|||1|||6
{|||65|||23|||3|||6
public|||48|||23|||4|||6
void|||1|||0|||6|||7
int|||1|||0|||15|||7
int|||2|||0|||22|||7
=|||2|||0|||24|||7
0|||1|||0|||25|||7
void|||2|||1|||6|||7
int|||3|||1|||15|||7
int|||4|||1|||22|||7
=|||4|||1|||24|||7
0|||2|||1|||25|||7
void|||3|||2|||6|||7
int|||5|||2|||17|||7
=|||5|||2|||19|||7
0|||3|||2|||20|||7
void|||4|||3|||6|||7
int|||6|||3|||15|||7
=|||6|||3|||17|||7
0|||4|||3|||18|||7
void|||5|||4|||6|||7
int|||7|||4|||15|||7
int|||8|||4|||20|||7
void|||6|||5|||6|||7
int|||9|||5|||15|||7
int|||10|||5|||20|||7
void|||7|||6|||6|||7
int|||11|||6|||15|||7
int|||12|||6|||21|||7
void|||8|||7|||6|||7
int|||13|||7|||15|||7
int|||14|||7|||21|||7
void|||9|||8|||6|||7
int|||15|||8|||17|||7
=|||14|||8|||19|||7
0|||10|||8|||20|||7
void|||10|||9|||6|||7
int|||16|||9|||17|||7
=|||15|||9|||19|||7
0|||11|||9|||20|||7
void|||11|||10|||6|||7
int|||17|||10|||15|||7
0|||12|||10|||18|||7
void|||12|||11|||6|||7
int|||18|||11|||15|||7
void|||13|||12|||6|||7
int|||19|||12|||15|||7
int|||20|||12|||22|||7
=|||19|||12|||24|||7
0|||13|||12|||25|||7
void|||14|||13|||6|||7
int|||21|||13|||15|||7
int|||22|||13|||22|||7
=|||21|||13|||24|||7
0|||14|||13|||25|||7
void|||15|||14|||6|||7
int|||23|||14|||17|||7
=|||22|||14|||19|||7
0|||15|||14|||20|||7
void|||16|||15|||6|||7
int|||24|||15|||15|||7
=|||23|||15|||17|||7
0|||16|||15|||18|||7
void|||17|||16|||6|||7
int|||25|||16|||15|||7
int|||26|||16|||20|||7
void|||18|||17|||6|||7
int|||27|||17|||15|||7
int|||28|||17|||20|||7
void|||19|||18|||6|||7
int|||29|||18|||15|||7
void|||20|||19|||6|||7
int|||30|||19|||15|||7
void|||21|||20|||6|||7
int|||31|||20|||17|||7
=|||31|||20|||19|||7
void|||22|||21|||6|||7
int|||32|||21|||17|||7
=|||32|||21|||19|||7
void|||23|||22|||6|||7
int|||33|||22|||15|||7
0|||17|||22|||18|||7
void|||24|||23|||6|||7
int|||34|||23|||15|||7
static|||1|||0|||5|||8
static|||2|||1|||5|||8
static|||3|||2|||5|||8
static|||4|||3|||5|||8
static|||5|||4|||5|||8
static|||6|||5|||5|||8
static|||7|||6|||5|||8
static|||8|||7|||5|||8
static|||9|||8|||5|||8
static|||10|||9|||5|||8
static|||11|||10|||5|||8
static|||12|||11|||5|||8
static|||13|||12|||5|||8
static|||14|||13|||5|||8
static|||15|||14|||5|||8
static|||16|||15|||5|||8
static|||17|||16|||5|||8
static|||18|||17|||5|||8
static|||19|||18|||5|||8
static|||20|||19|||5|||8
static|||21|||20|||5|||8
static|||22|||21|||5|||8
static|||23|||22|||5|||8
static|||24|||23|||5|||8
System|||1|||0|||35|||9
.|||1|||0|||36|||9
out|||1|||0|||37|||9
.|||2|||0|||38|||9
println|||1|||0|||39|||9
System|||2|||1|||35|||9
.|||3|||1|||36|||9
out|||2|||1|||37|||9
.|||4|||1|||38|||9
println|||2|||1|||39|||9
System|||3|||2|||30|||9
.|||5|||2|||31|||9
out|||3|||2|||32|||9
.|||6|||2|||33|||9
println|||3|||2|||34|||9
System|||4|||3|||27|||9
.|||7|||3|||28|||9
out|||4|||3|||29|||9
.|||8|||3|||30|||9
println|||4|||3|||31|||9
System|||5|||4|||32|||9
.|||9|||4|||33|||9
out|||5|||4|||34|||9
.|||10|||4|||35|||9
println|||5|||4|||36|||9
System|||6|||5|||35|||9
.|||11|||5|||36|||9
out|||6|||5|||37|||9
.|||12|||5|||38|||9
println|||6|||5|||39|||9
System|||7|||6|||33|||9
.|||13|||6|||34|||9
out|||7|||6|||35|||9
.|||14|||6|||36|||9
println|||7|||6|||37|||9
System|||8|||7|||38|||9
.|||15|||7|||39|||9
out|||8|||7|||40|||9
.|||16|||7|||41|||9
println|||8|||7|||42|||9
System|||9|||8|||30|||9
.|||17|||8|||31|||9
out|||9|||8|||32|||9
.|||18|||8|||33|||9
println|||9|||8|||34|||9
System|||10|||9|||30|||9
.|||19|||9|||31|||9
out|||10|||9|||32|||9
.|||20|||9|||33|||9
println|||10|||9|||34|||9
System|||11|||10|||20|||9
.|||21|||10|||21|||9
out|||11|||10|||22|||9
.|||22|||10|||23|||9
println|||11|||10|||24|||9
System|||12|||11|||20|||9
.|||23|||11|||21|||9
out|||12|||11|||22|||9
.|||24|||11|||23|||9
println|||12|||11|||24|||9
System|||13|||12|||35|||9
.|||25|||12|||36|||9
out|||13|||12|||37|||9
.|||26|||12|||38|||9
println|||13|||12|||39|||9
System|||14|||13|||35|||9
.|||27|||13|||36|||9
out|||14|||13|||37|||9
.|||28|||13|||38|||9
println|||14|||13|||39|||9
System|||15|||14|||30|||9
.|||29|||14|||31|||9
out|||15|||14|||32|||9
.|||30|||14|||33|||9
println|||15|||14|||34|||9
System|||16|||15|||27|||9
.|||31|||15|||28|||9
out|||16|||15|||29|||9
.|||32|||15|||30|||9
println|||16|||15|||31|||9
System|||17|||16|||32|||9
.|||33|||16|||33|||9
out|||17|||16|||34|||9
.|||34|||16|||35|||9
println|||17|||16|||36|||9
System|||18|||17|||35|||9
.|||35|||17|||36|||9
out|||18|||17|||37|||9
.|||36|||17|||38|||9
println|||18|||17|||39|||9
System|||19|||18|||39|||9
.|||37|||18|||40|||9
out|||19|||18|||41|||9
.|||38|||18|||42|||9
println|||19|||18|||43|||9
System|||20|||19|||44|||9
.|||39|||19|||45|||9
out|||20|||19|||46|||9
.|||40|||19|||47|||9
println|||20|||19|||48|||9
System|||21|||20|||30|||9
.|||41|||20|||31|||9
out|||21|||20|||32|||9
.|||42|||20|||33|||9
println|||21|||20|||34|||9
System|||22|||21|||30|||9
.|||43|||21|||31|||9
out|||22|||21|||32|||9
.|||44|||21|||33|||9
println|||22|||21|||34|||9
System|||23|||22|||20|||9
.|||45|||22|||21|||9
out|||23|||22|||22|||9
.|||46|||22|||23|||9
println|||23|||22|||24|||9
System|||24|||23|||20|||9
.|||47|||23|||21|||9
out|||24|||23|||22|||9
.|||48|||23|||23|||9
println|||24|||23|||24|||9
