protected|||1|||0|||0|||3
class|||1|||0|||1|||3
{|||1|||0|||3|||3
private|||1|||0|||4|||3
public|||1|||1|||0|||3
class|||2|||1|||1|||3
{|||4|||1|||3|||3
public|||2|||1|||4|||3
private|||2|||2|||0|||3
class|||3|||2|||1|||3
{|||7|||2|||3|||3
private|||3|||2|||4|||3
protected|||2|||3|||0|||3
class|||4|||3|||1|||3
{|||10|||3|||3|||3
protected|||3|||3|||4|||3
public|||3|||4|||0|||3
class|||5|||4|||1|||3
{|||13|||4|||3|||3
public|||4|||4|||4|||3
private|||4|||5|||0|||3
class|||6|||5|||1|||3
{|||16|||5|||3|||3
private|||5|||5|||4|||3
protected|||4|||6|||0|||3
class|||7|||6|||1|||3
{|||19|||6|||3|||3
protected|||5|||6|||4|||3
public|||5|||7|||0|||3
class|||8|||7|||1|||3
{|||21|||7|||3|||3
public|||6|||7|||4|||3
private|||6|||8|||0|||3
class|||9|||8|||1|||3
{|||23|||8|||3|||3
private|||7|||8|||4|||3
protected|||6|||9|||0|||3
class|||10|||9|||1|||3
{|||26|||9|||3|||3
protected|||7|||9|||4|||3
public|||7|||10|||0|||3
class|||11|||10|||1|||3
{|||29|||10|||3|||3
public|||8|||10|||4|||3
private|||8|||11|||0|||3
class|||12|||11|||1|||3
{|||31|||11|||3|||3
private|||9|||11|||4|||3
protected|||8|||12|||0|||3
class|||13|||12|||1|||3
{|||33|||12|||3|||3
protected|||9|||12|||4|||3
public|||9|||13|||0|||3
class|||14|||13|||1|||3
{|||36|||13|||3|||3
public|||10|||13|||4|||3
private|||10|||14|||0|||3
class|||15|||14|||1|||3
{|||39|||14|||3|||3
private|||11|||14|||4|||3
protected|||10|||15|||0|||3
class|||16|||15|||1|||3
{|||42|||15|||3|||3
protected|||11|||15|||4|||3
public|||11|||16|||0|||3
class|||17|||16|||1|||3
{|||45|||16|||3|||3
public|||12|||16|||4|||3
private|||12|||17|||0|||3
class|||18|||17|||1|||3
{|||48|||17|||3|||3
private|||13|||17|||4|||3
protected|||12|||18|||0|||3
class|||19|||18|||1|||3
{|||51|||18|||3|||3
protected|||13|||18|||4|||3
public|||13|||19|||0|||3
class|||20|||19|||1|||3
{|||54|||19|||3|||3
public|||14|||19|||4|||3
private|||14|||20|||0|||3
class|||21|||20|||1|||3
{|||57|||20|||3|||3
private|||15|||20|||4|||3
protected|||14|||21|||0|||3
class|||22|||21|||1|||3
{|||60|||21|||3|||3
protected|||15|||21|||4|||3
public|||15|||22|||0|||3
class|||23|||22|||1|||3
{|||63|||22|||3|||3
public|||16|||22|||4|||3
private|||16|||23|||0|||3
class|||24|||23|||1|||3
{|||65|||23|||3|||3
private|||17|||23|||4|||3
AlgorithmicBase|||1|||0|||2|||7
totalElements|||1|||0|||16|||7
10|||1|||0|||18|||7
counter|||1|||0|||23|||7
counter|||2|||0|||27|||7
totalElements|||2|||0|||29|||7
counter|||3|||0|||31|||7
counter|||4|||0|||41|||7
RepeatMechanism|||1|||1|||2|||7
itemsToRepeat|||1|||1|||16|||7
10|||2|||1|||18|||7
index|||1|||1|||23|||7
index|||2|||1|||27|||7
itemsToRepeat|||2|||1|||29|||7
index|||3|||1|||31|||7
index|||4|||1|||41|||7
NumberRange|||1|||2|||2|||7
iVal|||1|||2|||16|||7
iVal|||2|||2|||22|||7
10|||3|||2|||24|||7
iVal|||3|||2|||36|||7
iVal|||4|||2|||39|||7
LoopProcess|||1|||3|||2|||7
iterator|||1|||3|||16|||7
iterator|||2|||3|||22|||7
10|||4|||3|||24|||7
iterator|||3|||3|||33|||7
iterator|||4|||3|||36|||7
DecisionGate|||1|||4|||2|||7
currentIdx|||1|||4|||16|||7
5|||1|||4|||18|||7
maxValue|||1|||4|||21|||7
10|||5|||4|||23|||7
currentIdx|||2|||4|||27|||7
maxValue|||2|||4|||32|||7
currentIdx|||3|||4|||41|||7
ConditionFail|||1|||5|||2|||7
checkIdx|||1|||5|||16|||7
5|||2|||5|||18|||7
upperLim|||1|||5|||21|||7
10|||6|||5|||23|||7
checkIdx|||2|||5|||29|||7
upperLim|||2|||5|||31|||7
checkIdx|||3|||5|||44|||7
ArrayModify|||1|||6|||2|||7
dataPoints|||1|||6|||18|||7
5|||3|||6|||23|||7
dataPoints|||2|||6|||26|||7
dataPoints|||3|||6|||31|||7
dataPoints|||4|||6|||47|||7
DataStore|||1|||7|||2|||7
container|||1|||7|||18|||7
5|||4|||7|||23|||7
container|||2|||7|||26|||7
container|||3|||7|||42|||7
IterateAction|||1|||8|||2|||7
kVal|||1|||8|||16|||7
kVal|||2|||8|||20|||7
kVal|||3|||8|||24|||7
5|||5|||8|||26|||7
kVal|||4|||8|||28|||7
kVal|||5|||8|||41|||7
LimitAchieved|||1|||9|||2|||7
limiter|||1|||9|||16|||7
limiter|||2|||9|||22|||7
5|||6|||9|||24|||7
limiter|||3|||9|||36|||7
limiter|||4|||9|||39|||7
StartState|||1|||10|||2|||7
initialValue|||1|||10|||16|||7
initialValue|||2|||10|||29|||7
InitializeVal|||1|||11|||2|||7
identifier|||1|||11|||16|||7
1|||1|||11|||18|||7
identifier|||2|||11|||29|||7
SpanRun|||1|||12|||2|||7
limit|||1|||12|||16|||7
10|||7|||12|||18|||7
counterInner|||1|||12|||23|||7
counterInner|||2|||12|||27|||7
limit|||2|||12|||29|||7
counterInner|||3|||12|||31|||7
counterInner|||4|||12|||41|||7
BoundCheck|||1|||13|||2|||7
topRange|||1|||13|||16|||7
10|||8|||13|||18|||7
walker|||1|||13|||23|||7
walker|||2|||13|||27|||7
topRange|||2|||13|||29|||7
walker|||3|||13|||31|||7
walker|||4|||13|||41|||7
QuickCycle|||1|||14|||2|||7
loopCount|||1|||14|||16|||7
loopCount|||2|||14|||20|||7
loopCount|||3|||14|||24|||7
5|||7|||14|||26|||7
loopCount|||4|||14|||28|||7
loopCount|||5|||14|||41|||7
BriefRepeat|||1|||15|||2|||7
cycleVal|||1|||15|||16|||7
cycleVal|||2|||15|||22|||7
5|||8|||15|||24|||7
cycleVal|||3|||15|||36|||7
cycleVal|||4|||15|||39|||7
SizeCheck|||1|||16|||2|||7
lengthVal|||1|||16|||16|||7
7|||1|||16|||18|||7
widthVal|||1|||16|||21|||7
10|||9|||16|||23|||7
lengthVal|||2|||16|||27|||7
widthVal|||2|||16|||29|||7
NotSmaller|||1|||17|||2|||7
leftSide|||1|||17|||16|||7
7|||2|||17|||18|||7
rightSide|||1|||17|||21|||7
10|||10|||17|||23|||7
leftSide|||2|||17|||27|||7
rightSide|||2|||17|||29|||7
ScaleValue|||1|||18|||2|||7
valueSet|||1|||18|||18|||7
1|||2|||18|||21|||7
2|||1|||18|||23|||7
3|||1|||18|||25|||7
4|||1|||18|||27|||7
5|||9|||18|||29|||7
valueSet|||2|||18|||32|||7
2|||2|||18|||34|||7
valueSet|||3|||18|||37|||7
2|||3|||18|||39|||7
2|||4|||18|||42|||7
valueSet|||4|||18|||50|||7
2|||5|||18|||52|||7
ItemScale|||1|||19|||2|||7
numberList|||1|||19|||18|||7
1|||3|||19|||21|||7
2|||6|||19|||23|||7
3|||2|||19|||25|||7
4|||2|||19|||27|||7
5|||10|||19|||29|||7
numberList|||2|||19|||32|||7
2|||7|||19|||34|||7
2|||8|||19|||37|||7
numberList|||3|||19|||45|||7
2|||9|||19|||47|||7
IncrStep|||1|||20|||2|||7
indexLoop|||1|||20|||16|||7
indexLoop|||2|||20|||20|||7
1|||4|||20|||22|||7
indexLoop|||3|||20|||24|||7
4|||3|||20|||26|||7
indexLoop|||4|||20|||28|||7
indexLoop|||5|||20|||41|||7
StepAdvance|||1|||21|||2|||7
countIndex|||1|||21|||16|||7
countIndex|||2|||21|||20|||7
1|||5|||21|||22|||7
countIndex|||3|||21|||24|||7
4|||4|||21|||26|||7
countIndex|||4|||21|||28|||7
countIndex|||5|||21|||41|||7
OriginZero|||1|||22|||2|||7
zero|||1|||22|||16|||7
zero|||2|||22|||29|||7
FirstPos|||1|||23|||2|||7
startVal|||1|||23|||16|||7
1|||6|||23|||18|||7
startVal|||2|||23|||29|||7
static|||1|||0|||5|||2
static|||2|||1|||5|||2
static|||3|||2|||5|||2
static|||4|||3|||5|||2
static|||5|||4|||5|||2
static|||6|||5|||5|||2
static|||7|||6|||5|||2
static|||8|||7|||5|||2
static|||9|||8|||5|||2
static|||10|||9|||5|||2
static|||11|||10|||5|||2
static|||12|||11|||5|||2
static|||13|||12|||5|||2
static|||14|||13|||5|||2
static|||15|||14|||5|||2
static|||16|||15|||5|||2
static|||17|||16|||5|||2
static|||18|||17|||5|||2
static|||19|||18|||5|||2
static|||20|||19|||5|||2
static|||21|||20|||5|||2
static|||22|||21|||5|||2
static|||23|||22|||5|||2
static|||24|||23|||5|||2
void|||1|||0|||6|||1
main|||1|||0|||7|||1
void|||2|||1|||6|||1
main|||2|||1|||7|||1
void|||3|||2|||6|||1
main|||3|||2|||7|||1
void|||4|||3|||6|||1
main|||4|||3|||7|||1
void|||5|||4|||6|||1
main|||5|||4|||7|||1
void|||6|||5|||6|||1
main|||6|||5|||7|||1
void|||7|||6|||6|||1
main|||7|||6|||7|||1
void|||8|||7|||6|||1
main|||8|||7|||7|||1
void|||9|||8|||6|||1
main|||9|||8|||7|||1
void|||10|||9|||6|||1
main|||10|||9|||7|||1
void|||11|||10|||6|||1
main|||11|||10|||7|||1
void|||12|||11|||6|||1
main|||12|||11|||7|||1
void|||13|||12|||6|||1
main|||13|||12|||7|||1
void|||14|||13|||6|||1
main|||14|||13|||7|||1
void|||15|||14|||6|||1
main|||15|||14|||7|||1
void|||16|||15|||6|||1
main|||16|||15|||7|||1
void|||17|||16|||6|||1
main|||17|||16|||7|||1
void|||18|||17|||6|||1
main|||18|||17|||7|||1
void|||19|||18|||6|||1
main|||19|||18|||7|||1
void|||20|||19|||6|||1
main|||20|||19|||7|||1
void|||21|||20|||6|||1
main|||21|||20|||7|||1
void|||22|||21|||6|||1
main|||22|||21|||7|||1
void|||23|||22|||6|||1
main|||23|||22|||7|||1
void|||24|||23|||6|||1
main|||24|||23|||7|||1
(|||1|||0|||8|||0
String|||1|||0|||9|||0
[|||1|||0|||10|||0
]|||1|||0|||11|||0
programArgs|||1|||0|||12|||0
(|||4|||1|||8|||0
String|||2|||1|||9|||0
[|||2|||1|||10|||0
]|||2|||1|||11|||0
args|||1|||1|||12|||0
(|||7|||2|||8|||0
String|||3|||2|||9|||0
[|||3|||2|||10|||0
]|||3|||2|||11|||0
args|||2|||2|||12|||0
(|||11|||3|||8|||0
String|||4|||3|||9|||0
[|||4|||3|||10|||0
]|||4|||3|||11|||0
args|||3|||3|||12|||0
(|||14|||4|||8|||0
String|||5|||4|||9|||0
[|||5|||4|||10|||0
]|||5|||4|||11|||0
args|||4|||4|||12|||0
(|||18|||5|||8|||0
String|||6|||5|||9|||0
[|||6|||5|||10|||0
]|||6|||5|||11|||0
args|||5|||5|||12|||0
(|||23|||6|||8|||0
String|||7|||6|||9|||0
[|||7|||6|||10|||0
]|||7|||6|||11|||0
args|||6|||6|||12|||0
(|||26|||7|||8|||0
String|||8|||7|||9|||0
[|||13|||7|||10|||0
]|||13|||7|||11|||0
args|||7|||7|||12|||0
(|||29|||8|||8|||0
String|||9|||8|||9|||0
[|||18|||8|||10|||0
]|||18|||8|||11|||0
args|||8|||8|||12|||0
(|||33|||9|||8|||0
String|||10|||9|||9|||0
[|||19|||9|||10|||0
]|||19|||9|||11|||0
args|||9|||9|||12|||0
(|||37|||10|||8|||0
String|||11|||10|||9|||0
[|||20|||10|||10|||0
]|||20|||10|||11|||0
args|||10|||10|||12|||0
(|||40|||11|||8|||0
String|||12|||11|||9|||0
[|||21|||11|||10|||0
]|||21|||11|||11|||0
args|||11|||11|||12|||0
(|||43|||12|||8|||0
String|||13|||12|||9|||0
[|||22|||12|||10|||0
]|||22|||12|||11|||0
args|||12|||12|||12|||0
(|||46|||13|||8|||0
String|||14|||13|||9|||0
[|||23|||13|||10|||0
]|||23|||13|||11|||0
args|||13|||13|||12|||0
(|||49|||14|||8|||0
String|||15|||14|||9|||0
[|||24|||14|||10|||0
]|||24|||14|||11|||0
args|||14|||14|||12|||0
(|||53|||15|||8|||0
String|||16|||15|||9|||0
[|||25|||15|||10|||0
]|||25|||15|||11|||0
args|||15|||15|||12|||0
(|||57|||16|||8|||0
String|||17|||16|||9|||0
[|||26|||16|||10|||0
]|||26|||16|||11|||0
args|||16|||16|||12|||0
(|||60|||17|||8|||0
String|||18|||17|||9|||0
[|||27|||17|||10|||0
]|||27|||17|||11|||0
args|||17|||17|||12|||0
(|||63|||18|||8|||0
String|||19|||18|||9|||0
[|||28|||18|||10|||0
]|||28|||18|||11|||0
args|||18|||18|||12|||0
(|||65|||19|||8|||0
String|||20|||19|||9|||0
[|||33|||19|||10|||0
]|||33|||19|||11|||0
args|||19|||19|||12|||0
(|||67|||20|||8|||0
String|||21|||20|||9|||0
[|||37|||20|||10|||0
]|||37|||20|||11|||0
args|||20|||20|||12|||0
(|||71|||21|||8|||0
String|||22|||21|||9|||0
[|||38|||21|||10|||0
]|||38|||21|||11|||0
args|||21|||21|||12|||0
(|||75|||22|||8|||0
String|||23|||22|||9|||0
[|||39|||22|||10|||0
]|||39|||22|||11|||0
args|||22|||22|||12|||0
(|||78|||23|||8|||0
String|||24|||23|||9|||0
[|||40|||23|||10|||0
]|||40|||23|||11|||0
args|||23|||23|||12|||0
)|||1|||0|||13|||9
{|||2|||0|||14|||9
;|||1|||0|||19|||9
)|||2|||0|||33|||9
{|||3|||0|||34|||9
)|||3|||0|||42|||9
;|||4|||0|||43|||9
)|||4|||1|||13|||9
{|||5|||1|||14|||9
;|||5|||1|||19|||9
)|||5|||1|||33|||9
{|||6|||1|||34|||9
)|||6|||1|||42|||9
;|||8|||1|||43|||9
)|||7|||2|||13|||9
{|||8|||2|||14|||9
;|||9|||2|||19|||9
)|||8|||2|||25|||9
{|||9|||2|||26|||9
)|||10|||2|||37|||9
;|||10|||2|||38|||9
;|||11|||2|||41|||9
)|||11|||3|||13|||9
{|||11|||3|||14|||9
;|||12|||3|||19|||9
)|||12|||3|||25|||9
{|||12|||3|||26|||9
)|||13|||3|||34|||9
;|||13|||3|||35|||9
;|||14|||3|||38|||9
)|||14|||4|||13|||9
{|||14|||4|||14|||9
;|||15|||4|||19|||9
;|||16|||4|||24|||9
)|||16|||4|||33|||9
{|||15|||4|||34|||9
)|||17|||4|||42|||9
;|||17|||4|||43|||9
)|||18|||5|||13|||9
{|||17|||5|||14|||9
;|||18|||5|||19|||9
;|||19|||5|||24|||9
)|||19|||5|||32|||9
)|||20|||5|||33|||9
{|||18|||5|||34|||9
)|||22|||5|||45|||9
;|||20|||5|||46|||9
)|||23|||6|||13|||9
{|||20|||6|||14|||9
;|||21|||6|||25|||9
;|||22|||6|||40|||9
)|||25|||6|||51|||9
;|||23|||6|||52|||9
)|||26|||7|||13|||9
{|||22|||7|||14|||9
;|||24|||7|||25|||9
;|||25|||7|||35|||9
)|||28|||7|||46|||9
;|||26|||7|||47|||9
)|||29|||8|||13|||9
{|||24|||8|||14|||9
;|||27|||8|||17|||9
)|||30|||8|||30|||9
{|||25|||8|||31|||9
)|||32|||8|||42|||9
;|||30|||8|||43|||9
)|||33|||9|||13|||9
{|||27|||9|||14|||9
;|||31|||9|||19|||9
)|||34|||9|||25|||9
{|||28|||9|||26|||9
)|||36|||9|||37|||9
;|||32|||9|||38|||9
;|||33|||9|||41|||9
)|||37|||10|||13|||9
{|||30|||10|||14|||9
;|||34|||10|||19|||9
)|||39|||10|||30|||9
;|||35|||10|||31|||9
)|||40|||11|||13|||9
{|||32|||11|||14|||9
;|||36|||11|||19|||9
)|||42|||11|||30|||9
;|||37|||11|||31|||9
)|||43|||12|||13|||9
{|||34|||12|||14|||9
;|||38|||12|||19|||9
)|||44|||12|||33|||9
{|||35|||12|||34|||9
)|||45|||12|||42|||9
;|||41|||12|||43|||9
)|||46|||13|||13|||9
{|||37|||13|||14|||9
;|||42|||13|||19|||9
)|||47|||13|||33|||9
{|||38|||13|||34|||9
)|||48|||13|||42|||9
;|||45|||13|||43|||9
)|||49|||14|||13|||9
{|||40|||14|||14|||9
;|||46|||14|||17|||9
)|||50|||14|||30|||9
{|||41|||14|||31|||9
)|||52|||14|||42|||9
;|||49|||14|||43|||9
)|||53|||15|||13|||9
{|||43|||15|||14|||9
;|||50|||15|||19|||9
)|||54|||15|||25|||9
{|||44|||15|||26|||9
)|||56|||15|||37|||9
;|||51|||15|||38|||9
;|||52|||15|||41|||9
)|||57|||16|||13|||9
{|||46|||16|||14|||9
;|||53|||16|||19|||9
;|||54|||16|||24|||9
)|||58|||16|||30|||9
{|||47|||16|||31|||9
)|||59|||16|||43|||9
;|||55|||16|||44|||9
)|||60|||17|||13|||9
{|||49|||17|||14|||9
;|||56|||17|||19|||9
;|||57|||17|||24|||9
)|||61|||17|||32|||9
{|||50|||17|||33|||9
)|||62|||17|||45|||9
;|||58|||17|||46|||9
)|||63|||18|||13|||9
{|||52|||18|||14|||9
;|||59|||18|||31|||9
;|||60|||18|||43|||9
)|||64|||18|||54|||9
;|||61|||18|||55|||9
)|||65|||19|||13|||9
{|||55|||19|||14|||9
;|||62|||19|||31|||9
;|||63|||19|||38|||9
)|||66|||19|||49|||9
;|||64|||19|||50|||9
)|||67|||20|||13|||9
{|||58|||20|||14|||9
;|||65|||20|||17|||9
)|||68|||20|||30|||9
{|||59|||20|||31|||9
)|||70|||20|||42|||9
;|||68|||20|||43|||9
)|||71|||21|||13|||9
{|||61|||21|||14|||9
;|||69|||21|||17|||9
)|||72|||21|||30|||9
{|||62|||21|||31|||9
)|||74|||21|||42|||9
;|||72|||21|||43|||9
)|||75|||22|||13|||9
{|||64|||22|||14|||9
;|||73|||22|||19|||9
)|||77|||22|||30|||9
;|||74|||22|||31|||9
)|||78|||23|||13|||9
{|||66|||23|||14|||9
;|||75|||23|||19|||9
)|||80|||23|||30|||9
;|||76|||23|||31|||9
float|||1|||0|||15|||6
int|||1|||0|||22|||6
float|||2|||1|||15|||6
int|||2|||1|||22|||6
float|||3|||2|||15|||6
int|||3|||2|||34|||6
float|||4|||3|||15|||6
int|||4|||4|||15|||6
int|||5|||4|||20|||6
float|||5|||4|||30|||6
float|||6|||5|||15|||6
float|||7|||5|||20|||6
int|||6|||5|||42|||6
int|||7|||6|||15|||6
int|||8|||6|||21|||6
int|||9|||6|||37|||6
int|||10|||7|||15|||6
int|||11|||7|||21|||6
int|||12|||7|||32|||6
float|||8|||8|||15|||6
int|||13|||8|||39|||6
float|||9|||9|||15|||6
int|||14|||9|||34|||6
float|||10|||10|||15|||6
int|||15|||10|||27|||6
float|||11|||11|||15|||6
int|||16|||11|||27|||6
int|||17|||12|||15|||6
int|||18|||12|||22|||6
int|||19|||13|||15|||6
int|||20|||13|||22|||6
float|||12|||14|||15|||6
int|||21|||14|||39|||6
float|||13|||15|||15|||6
int|||22|||15|||34|||6
float|||14|||16|||15|||6
float|||15|||16|||20|||6
float|||16|||17|||15|||6
float|||17|||17|||20|||6
int|||23|||18|||15|||6
int|||24|||19|||15|||6
float|||18|||20|||15|||6
int|||25|||20|||39|||6
float|||19|||21|||15|||6
int|||26|||21|||39|||6
float|||20|||22|||15|||6
int|||27|||22|||27|||6
float|||21|||23|||15|||6
int|||28|||23|||27|||6
=|||1|||0|||17|||5
for|||1|||0|||20|||5
(|||2|||0|||21|||5
=|||2|||0|||24|||5
0|||1|||0|||25|||5
;|||2|||0|||26|||5
<|||1|||0|||28|||5
;|||3|||0|||30|||5
++|||1|||0|||32|||5
(|||3|||0|||40|||5
=|||3|||1|||17|||5
for|||2|||1|||20|||5
(|||5|||1|||21|||5
=|||4|||1|||24|||5
0|||2|||1|||25|||5
;|||6|||1|||26|||5
<|||2|||1|||28|||5
;|||7|||1|||30|||5
++|||2|||1|||32|||5
(|||6|||1|||40|||5
=|||5|||2|||17|||5
0|||3|||2|||18|||5
while|||1|||2|||20|||5
(|||8|||2|||21|||5
<|||3|||2|||23|||5
(|||9|||2|||32|||5
(|||10|||2|||33|||5
)|||9|||2|||35|||5
++|||3|||2|||40|||5
=|||6|||3|||17|||5
0|||4|||3|||18|||5
while|||2|||3|||20|||5
(|||12|||3|||21|||5
<|||4|||3|||23|||5
(|||13|||3|||32|||5
++|||4|||3|||37|||5
=|||7|||4|||17|||5
=|||8|||4|||22|||5
if|||1|||4|||25|||5
(|||15|||4|||26|||5
<|||5|||4|||28|||5
(|||16|||4|||29|||5
)|||15|||4|||31|||5
(|||17|||4|||40|||5
=|||9|||5|||17|||5
=|||10|||5|||22|||5
if|||2|||5|||25|||5
(|||19|||5|||26|||5
!|||1|||5|||27|||5
(|||20|||5|||28|||5
>=|||1|||5|||30|||5
(|||21|||5|||40|||5
(|||22|||5|||41|||5
)|||21|||5|||43|||5
[|||8|||6|||16|||5
]|||8|||6|||17|||5
=|||11|||6|||19|||5
new|||1|||6|||20|||5
[|||9|||6|||22|||5
]|||9|||6|||24|||5
[|||10|||6|||27|||5
0|||5|||6|||28|||5
]|||10|||6|||29|||5
=|||12|||6|||30|||5
[|||11|||6|||32|||5
0|||6|||6|||33|||5
]|||11|||6|||34|||5
+|||1|||6|||35|||5
(|||24|||6|||36|||5
)|||24|||6|||38|||5
100.0f|||1|||6|||39|||5
(|||25|||6|||46|||5
[|||12|||6|||48|||5
0|||7|||6|||49|||5
]|||12|||6|||50|||5
[|||14|||7|||16|||5
]|||14|||7|||17|||5
=|||13|||7|||19|||5
new|||2|||7|||20|||5
[|||15|||7|||22|||5
]|||15|||7|||24|||5
[|||16|||7|||27|||5
0|||8|||7|||28|||5
]|||16|||7|||29|||5
+=|||1|||7|||30|||5
(|||27|||7|||31|||5
)|||27|||7|||33|||5
100.0f|||2|||7|||34|||5
(|||28|||7|||41|||5
[|||17|||7|||43|||5
0|||9|||7|||44|||5
]|||17|||7|||45|||5
for|||3|||8|||18|||5
(|||30|||8|||19|||5
=|||14|||8|||21|||5
0|||10|||8|||22|||5
;|||28|||8|||23|||5
<|||6|||8|||25|||5
;|||29|||8|||27|||5
++|||5|||8|||29|||5
(|||31|||8|||37|||5
(|||32|||8|||38|||5
)|||31|||8|||40|||5
=|||15|||9|||17|||5
0|||11|||9|||18|||5
while|||3|||9|||20|||5
(|||34|||9|||21|||5
<=|||1|||9|||23|||5
(|||35|||9|||32|||5
(|||36|||9|||33|||5
)|||35|||9|||35|||5
++|||6|||9|||40|||5
=|||16|||10|||17|||5
0|||12|||10|||18|||5
(|||38|||10|||25|||5
(|||39|||10|||26|||5
)|||38|||10|||28|||5
=|||17|||11|||17|||5
(|||41|||11|||25|||5
(|||42|||11|||26|||5
)|||41|||11|||28|||5
=|||18|||12|||17|||5
for|||4|||12|||20|||5
(|||44|||12|||21|||5
=|||19|||12|||24|||5
0|||13|||12|||25|||5
;|||39|||12|||26|||5
<|||7|||12|||28|||5
;|||40|||12|||30|||5
++|||7|||12|||32|||5
(|||45|||12|||40|||5
=|||20|||13|||17|||5
for|||5|||13|||20|||5
(|||47|||13|||21|||5
=|||21|||13|||24|||5
0|||14|||13|||25|||5
;|||43|||13|||26|||5
<|||8|||13|||28|||5
;|||44|||13|||30|||5
++|||8|||13|||32|||5
(|||48|||13|||40|||5
for|||6|||14|||18|||5
(|||50|||14|||19|||5
=|||22|||14|||21|||5
0|||15|||14|||22|||5
;|||47|||14|||23|||5
<|||9|||14|||25|||5
;|||48|||14|||27|||5
++|||9|||14|||29|||5
(|||51|||14|||37|||5
(|||52|||14|||38|||5
)|||51|||14|||40|||5
=|||23|||15|||17|||5
0|||16|||15|||18|||5
while|||4|||15|||20|||5
(|||54|||15|||21|||5
<|||10|||15|||23|||5
(|||55|||15|||32|||5
(|||56|||15|||33|||5
)|||55|||15|||35|||5
++|||10|||15|||40|||5
=|||24|||16|||17|||5
=|||25|||16|||22|||5
if|||3|||16|||25|||5
(|||58|||16|||26|||5
>|||1|||16|||28|||5
(|||59|||16|||37|||5
"|||1|||16|||38|||5
x|||1|||16|||39|||5
is|||1|||16|||40|||5
greater|||1|||16|||41|||5
"|||2|||16|||42|||5
=|||26|||17|||17|||5
=|||27|||17|||22|||5
if|||4|||17|||25|||5
(|||61|||17|||26|||5
<=|||2|||17|||28|||5
==|||1|||17|||30|||5
false|||1|||17|||31|||5
(|||62|||17|||39|||5
"|||3|||17|||40|||5
x|||2|||17|||41|||5
is|||2|||17|||42|||5
greater|||2|||17|||43|||5
"|||4|||17|||44|||5
[|||29|||18|||16|||5
]|||29|||18|||17|||5
=|||28|||18|||19|||5
{|||53|||18|||20|||5
,|||1|||18|||22|||5
,|||2|||18|||24|||5
,|||3|||18|||26|||5
,|||4|||18|||28|||5
}|||51|||18|||30|||5
[|||30|||18|||33|||5
]|||30|||18|||35|||5
=|||29|||18|||36|||5
[|||31|||18|||38|||5
]|||31|||18|||40|||5
*|||1|||18|||41|||5
(|||64|||18|||49|||5
[|||32|||18|||51|||5
]|||32|||18|||53|||5
[|||34|||19|||16|||5
]|||34|||19|||17|||5
=|||30|||19|||19|||5
{|||56|||19|||20|||5
,|||5|||19|||22|||5
,|||6|||19|||24|||5
,|||7|||19|||26|||5
,|||8|||19|||28|||5
}|||54|||19|||30|||5
[|||35|||19|||33|||5
]|||35|||19|||35|||5
*=|||1|||19|||36|||5
(|||66|||19|||44|||5
[|||36|||19|||46|||5
]|||36|||19|||48|||5
for|||7|||20|||18|||5
(|||68|||20|||19|||5
=|||31|||20|||21|||5
;|||66|||20|||23|||5
<|||11|||20|||25|||5
;|||67|||20|||27|||5
++|||11|||20|||29|||5
(|||69|||20|||37|||5
(|||70|||20|||38|||5
)|||69|||20|||40|||5
for|||8|||21|||18|||5
(|||72|||21|||19|||5
=|||32|||21|||21|||5
;|||70|||21|||23|||5
<=|||3|||21|||25|||5
;|||71|||21|||27|||5
++|||12|||21|||29|||5
(|||73|||21|||37|||5
(|||74|||21|||38|||5
)|||73|||21|||40|||5
=|||33|||22|||17|||5
0|||17|||22|||18|||5
(|||76|||22|||25|||5
(|||77|||22|||26|||5
)|||76|||22|||28|||5
=|||34|||23|||17|||5
(|||79|||23|||25|||5
(|||80|||23|||26|||5
)|||79|||23|||28|||5
System|||1|||0|||35|||4
.|||1|||0|||36|||4
out|||1|||0|||37|||4
.|||2|||0|||38|||4
println|||1|||0|||39|||4
System|||2|||1|||35|||4
.|||3|||1|||36|||4
out|||2|||1|||37|||4
.|||4|||1|||38|||4
println|||2|||1|||39|||4
System|||3|||2|||27|||4
.|||5|||2|||28|||4
out|||3|||2|||29|||4
.|||6|||2|||30|||4
println|||3|||2|||31|||4
System|||4|||3|||27|||4
.|||7|||3|||28|||4
out|||4|||3|||29|||4
.|||8|||3|||30|||4
println|||4|||3|||31|||4
System|||5|||4|||35|||4
.|||9|||4|||36|||4
out|||5|||4|||37|||4
.|||10|||4|||38|||4
println|||5|||4|||39|||4
System|||6|||5|||35|||4
.|||11|||5|||36|||4
out|||6|||5|||37|||4
.|||12|||5|||38|||4
println|||6|||5|||39|||4
System|||7|||6|||41|||4
.|||13|||6|||42|||4
out|||7|||6|||43|||4
.|||14|||6|||44|||4
println|||7|||6|||45|||4
System|||8|||7|||36|||4
.|||15|||7|||37|||4
out|||8|||7|||38|||4
.|||16|||7|||39|||4
println|||8|||7|||40|||4
System|||9|||8|||32|||4
.|||17|||8|||33|||4
out|||9|||8|||34|||4
.|||18|||8|||35|||4
println|||9|||8|||36|||4
System|||10|||9|||27|||4
.|||19|||9|||28|||4
out|||10|||9|||29|||4
.|||20|||9|||30|||4
println|||10|||9|||31|||4
System|||11|||10|||20|||4
.|||21|||10|||21|||4
out|||11|||10|||22|||4
.|||22|||10|||23|||4
println|||11|||10|||24|||4
System|||12|||11|||20|||4
.|||23|||11|||21|||4
out|||12|||11|||22|||4
.|||24|||11|||23|||4
println|||12|||11|||24|||4
System|||13|||12|||35|||4
.|||25|||12|||36|||4
out|||13|||12|||37|||4
.|||26|||12|||38|||4
println|||13|||12|||39|||4
System|||14|||13|||35|||4
.|||27|||13|||36|||4
out|||14|||13|||37|||4
.|||28|||13|||38|||4
println|||14|||13|||39|||4
System|||15|||14|||32|||4
.|||29|||14|||33|||4
out|||15|||14|||34|||4
.|||30|||14|||35|||4
println|||15|||14|||36|||4
System|||16|||15|||27|||4
.|||31|||15|||28|||4
out|||16|||15|||29|||4
.|||32|||15|||30|||4
println|||16|||15|||31|||4
System|||17|||16|||32|||4
.|||33|||16|||33|||4
out|||17|||16|||34|||4
.|||34|||16|||35|||4
println|||17|||16|||36|||4
System|||18|||17|||34|||4
.|||35|||17|||35|||4
out|||18|||17|||36|||4
.|||36|||17|||37|||4
println|||18|||17|||38|||4
System|||19|||18|||44|||4
.|||37|||18|||45|||4
out|||19|||18|||46|||4
.|||38|||18|||47|||4
println|||19|||18|||48|||4
System|||20|||19|||39|||4
.|||39|||19|||40|||4
out|||20|||19|||41|||4
.|||40|||19|||42|||4
println|||20|||19|||43|||4
System|||21|||20|||32|||4
.|||41|||20|||33|||4
out|||21|||20|||34|||4
.|||42|||20|||35|||4
println|||21|||20|||36|||4
System|||22|||21|||32|||4
.|||43|||21|||33|||4
out|||22|||21|||34|||4
.|||44|||21|||35|||4
println|||22|||21|||36|||4
System|||23|||22|||20|||4
.|||45|||22|||21|||4
out|||23|||22|||22|||4
.|||46|||22|||23|||4
println|||23|||22|||24|||4
System|||24|||23|||20|||4
.|||47|||23|||21|||4
out|||24|||23|||22|||4
.|||48|||23|||23|||4
println|||24|||23|||24|||4
}|||1|||0|||44|||8
}|||2|||0|||45|||8
}|||3|||0|||46|||8
}|||4|||1|||44|||8
}|||5|||1|||45|||8
}|||6|||1|||46|||8
}|||7|||2|||42|||8
}|||8|||2|||43|||8
}|||9|||2|||44|||8
}|||10|||3|||39|||8
}|||11|||3|||40|||8
}|||12|||3|||41|||8
}|||13|||4|||44|||8
}|||14|||4|||45|||8
}|||15|||4|||46|||8
}|||16|||5|||47|||8
}|||17|||5|||48|||8
}|||18|||5|||49|||8
}|||19|||6|||53|||8
}|||20|||6|||54|||8
}|||21|||7|||48|||8
}|||22|||7|||49|||8
}|||23|||8|||44|||8
}|||24|||8|||45|||8
}|||25|||8|||46|||8
}|||26|||9|||42|||8
}|||27|||9|||43|||8
}|||28|||9|||44|||8
}|||29|||10|||32|||8
}|||30|||10|||33|||8
}|||31|||11|||32|||8
}|||32|||11|||33|||8
}|||33|||12|||44|||8
}|||34|||12|||45|||8
}|||35|||12|||46|||8
}|||36|||13|||44|||8
}|||37|||13|||45|||8
}|||38|||13|||46|||8
}|||39|||14|||44|||8
}|||40|||14|||45|||8
}|||41|||14|||46|||8
}|||42|||15|||42|||8
}|||43|||15|||43|||8
}|||44|||15|||44|||8
}|||45|||16|||45|||8
}|||46|||16|||46|||8
}|||47|||16|||47|||8
}|||48|||17|||47|||8
}|||49|||17|||48|||8
}|||50|||17|||49|||8
}|||52|||18|||56|||8
}|||53|||18|||57|||8
}|||55|||19|||51|||8
}|||56|||19|||52|||8
}|||57|||20|||44|||8
}|||58|||20|||45|||8
}|||59|||20|||46|||8
}|||60|||21|||44|||8
}|||61|||21|||45|||8
}|||62|||21|||46|||8
}|||63|||22|||32|||8
}|||64|||22|||33|||8
}|||65|||23|||32|||8
}|||66|||23|||33|||8
