int|||1|||0|||2|||0
int|||2|||1|||0|||0
int|||3|||1|||7|||0
int|||4|||2|||2|||0
int|||5|||3|||2|||0
int|||6|||4|||0|||0
int|||7|||4|||7|||0
int|||8|||5|||0|||0
int|||9|||5|||19|||0
int|||10|||6|||2|||0
int|||11|||7|||0|||0
int|||12|||7|||7|||0
int|||13|||8|||0|||0
int|||14|||8|||13|||0
int|||15|||9|||0|||0
int|||16|||10|||0|||0
int|||17|||11|||0|||0
int|||18|||11|||10|||0
int|||19|||12|||0|||0
int|||20|||12|||10|||0
int|||21|||13|||0|||0
int|||22|||13|||11|||0
int|||23|||14|||0|||0
int|||24|||14|||11|||0
int|||25|||15|||2|||0
String|||1|||16|||0|||0
int|||26|||16|||7|||0
int|||27|||16|||14|||0
int|||28|||17|||0|||0
int|||29|||18|||0|||0
int|||30|||18|||15|||0
String|||2|||19|||0|||0
int|||31|||19|||9|||0
int|||32|||19|||32|||0
int|||33|||20|||2|||0
int|||34|||20|||20|||0
int|||35|||20|||53|||0
int|||36|||21|||2|||0
int|||37|||21|||19|||0
int|||38|||21|||26|||0
int|||39|||21|||58|||0
int|||40|||22|||2|||0
int|||41|||22|||17|||0
int|||42|||23|||2|||0
int|||43|||23|||15|||0
int|||44|||23|||22|||0
int|||45|||24|||0|||0
int|||46|||24|||19|||0
int|||47|||25|||0|||0
String|||3|||26|||0|||0
int|||48|||26|||9|||0
int|||49|||26|||16|||0
String|||4|||27|||0|||0
int|||50|||27|||9|||0
int|||51|||28|||2|||0
int|||52|||28|||15|||0
int|||53|||28|||22|||0
int|||54|||29|||0|||0
int|||55|||30|||0|||0
int|||56|||31|||0|||0
int|||57|||32|||0|||0
int|||58|||33|||0|||0
int|||59|||34|||0|||0
int|||60|||35|||0|||0
int|||61|||35|||17|||0
int|||62|||36|||0|||0
int|||63|||37|||0|||0
int|||64|||38|||0|||0
int|||65|||39|||0|||0
int|||66|||40|||0|||0
int|||67|||41|||0|||0
int|||68|||42|||0|||0
int|||69|||43|||0|||0
int|||70|||44|||0|||0
int|||71|||45|||0|||0
String|||5|||46|||0|||0
int|||72|||46|||7|||0
int|||73|||47|||0|||0
int|||74|||48|||0|||0
String|||6|||49|||0|||0
int|||75|||49|||7|||0
int|||76|||49|||30|||0
int|||77|||50|||0|||0
int|||78|||50|||16|||0
int|||79|||50|||49|||0
int|||80|||51|||0|||0
int|||81|||51|||16|||0
int|||82|||51|||56|||0
int|||83|||52|||0|||0
int|||84|||52|||14|||0
int|||85|||53|||0|||0
int|||86|||53|||12|||0
int|||87|||54|||0|||0
int|||88|||55|||0|||0
String|||7|||56|||0|||0
int|||89|||56|||9|||0
String|||8|||57|||0|||0
int|||90|||57|||7|||0
int|||91|||58|||0|||0
int|||92|||58|||12|||0
int|||93|||59|||0|||0
1|||1|||0|||5|||1
5|||1|||0|||9|||1
1|||2|||1|||10|||1
5|||2|||1|||14|||1
2|||1|||2|||5|||1
10|||1|||2|||9|||1
2|||2|||2|||13|||1
1|||3|||3|||5|||1
10|||2|||3|||9|||1
2|||3|||3|||13|||1
1|||4|||4|||3|||1
1|||5|||4|||10|||1
5|||3|||4|||14|||1
[|||1|||5|||1|||1
]|||1|||5|||2|||1
{|||1|||5|||5|||1
1|||6|||5|||6|||1
2|||4|||5|||8|||1
3|||1|||5|||10|||1
4|||1|||5|||12|||1
5|||4|||5|||14|||1
}|||1|||5|||15|||1
.|||7|||5|||27|||1
length|||1|||5|||28|||1
[|||2|||5|||40|||1
]|||2|||5|||42|||1
.|||10|||6|||6|||1
length|||2|||6|||7|||1
-|||1|||6|||8|||1
1|||7|||6|||9|||1
>=|||1|||6|||12|||1
0|||3|||6|||13|||1
[|||3|||6|||25|||1
]|||3|||6|||27|||1
.|||13|||7|||15|||1
length|||3|||7|||16|||1
[|||4|||7|||24|||1
]|||4|||7|||26|||1
1|||8|||8|||7|||1
5|||5|||8|||20|||1
12345|||1|||9|||3|||1
>|||1|||9|||13|||1
0|||9|||9|||14|||1
/=|||1|||9|||17|||1
10|||3|||9|||18|||1
1234|||1|||10|||7|||1
>|||2|||10|||13|||1
0|||11|||10|||14|||1
/=|||2|||10|||17|||1
10|||4|||10|||18|||1
*|||1|||10|||23|||1
10|||5|||10|||24|||1
+|||8|||10|||25|||1
%|||1|||10|||27|||1
10|||6|||10|||28|||1
[|||5|||11|||4|||1
0|||12|||11|||5|||1
]|||5|||11|||6|||1
1|||9|||11|||13|||1
.|||16|||11|||18|||1
length|||4|||11|||19|||1
[|||6|||11|||27|||1
]|||6|||11|||29|||1
>|||3|||11|||30|||1
[|||7|||11|||36|||1
]|||7|||11|||38|||1
[|||8|||12|||4|||1
0|||13|||12|||5|||1
]|||8|||12|||6|||1
1|||10|||12|||13|||1
.|||17|||12|||18|||1
length|||5|||12|||19|||1
[|||9|||12|||27|||1
]|||9|||12|||29|||1
<|||6|||12|||30|||1
[|||10|||12|||36|||1
]|||10|||12|||38|||1
24|||1|||13|||3|||1
36|||1|||13|||7|||1
!=|||1|||13|||15|||1
0|||14|||13|||16|||1
%|||2|||13|||25|||1
17|||1|||14|||3|||1
1|||11|||14|||7|||1
2|||5|||14|||14|||1
/|||1|||14|||19|||1
2|||6|||14|||20|||1
%|||3|||14|||28|||1
==|||1|||14|||30|||1
0|||15|||14|||31|||1
.|||18|||15|||12|||1
length|||6|||15|||13|||1
/|||2|||15|||14|||1
2|||7|||15|||15|||1
[|||11|||15|||24|||1
]|||11|||15|||26|||1
[|||12|||15|||29|||1
]|||12|||15|||31|||1
[|||13|||15|||34|||1
.|||19|||15|||36|||1
length|||7|||15|||37|||1
-|||2|||15|||38|||1
-|||3|||15|||40|||1
1|||12|||15|||41|||1
]|||13|||15|||42|||1
[|||14|||15|||45|||1
.|||20|||15|||47|||1
length|||8|||15|||48|||1
-|||4|||15|||49|||1
-|||5|||15|||51|||1
1|||13|||15|||52|||1
]|||14|||15|||53|||1
"|||14|||16|||5|||1
.|||21|||16|||22|||1
length|||9|||16|||23|||1
(|||27|||16|||24|||1
"|||16|||16|||34|||1
indexOf|||1|||16|||36|||1
.|||23|||16|||39|||1
charAt|||1|||16|||40|||1
(|||30|||16|||41|||1
!=|||2|||16|||45|||1
-|||6|||16|||46|||1
1|||14|||16|||47|||1
121|||1|||17|||3|||1
>|||4|||17|||17|||1
0|||21|||17|||18|||1
10|||7|||17|||22|||1
*|||2|||17|||27|||1
10|||8|||17|||28|||1
+|||9|||17|||29|||1
%|||4|||17|||31|||1
10|||9|||17|||32|||1
2|||8|||18|||3|||1
3|||2|||18|||7|||1
1|||15|||18|||11|||1
"|||18|||19|||5|||1
.|||24|||19|||17|||1
length|||10|||19|||18|||1
(|||34|||19|||19|||1
(|||36|||19|||31|||1
.|||27|||19|||35|||1
charAt|||2|||19|||36|||1
(|||37|||19|||37|||1
.|||28|||20|||10|||1
length|||11|||20|||11|||1
-|||7|||20|||12|||1
1|||16|||20|||13|||1
.|||29|||20|||28|||1
length|||12|||20|||29|||1
-|||8|||20|||30|||1
-|||9|||20|||32|||1
1|||17|||20|||33|||1
[|||15|||20|||41|||1
]|||15|||20|||43|||1
>|||5|||20|||44|||1
[|||16|||20|||46|||1
+|||11|||20|||48|||1
1|||18|||20|||49|||1
]|||16|||20|||50|||1
[|||17|||20|||57|||1
]|||17|||20|||59|||1
[|||18|||20|||62|||1
]|||18|||20|||64|||1
[|||19|||20|||67|||1
+|||12|||20|||69|||1
1|||19|||20|||70|||1
]|||19|||20|||71|||1
[|||20|||20|||74|||1
+|||13|||20|||76|||1
1|||20|||20|||77|||1
]|||20|||20|||78|||1
.|||30|||21|||10|||1
length|||13|||21|||11|||1
-|||10|||21|||12|||1
1|||21|||21|||13|||1
+|||14|||21|||30|||1
1|||22|||21|||31|||1
.|||31|||21|||36|||1
length|||14|||21|||37|||1
[|||21|||21|||45|||1
]|||21|||21|||47|||1
<|||15|||21|||48|||1
[|||22|||21|||50|||1
]|||22|||21|||52|||1
[|||23|||21|||62|||1
]|||23|||21|||64|||1
[|||24|||21|||67|||1
]|||24|||21|||69|||1
[|||25|||21|||72|||1
]|||25|||21|||74|||1
[|||26|||21|||77|||1
]|||26|||21|||79|||1
1|||23|||22|||5|||1
.|||32|||22|||10|||1
length|||15|||22|||11|||1
[|||27|||22|||21|||1
]|||27|||22|||23|||1
-|||11|||22|||28|||1
1|||24|||22|||29|||1
>=|||2|||22|||34|||1
0|||27|||22|||35|||1
[|||28|||22|||38|||1
]|||28|||22|||40|||1
>|||6|||22|||41|||1
[|||29|||22|||45|||1
+|||15|||22|||47|||1
1|||25|||22|||48|||1
]|||29|||22|||49|||1
[|||30|||22|||52|||1
--|||2|||22|||54|||1
]|||30|||22|||55|||1
[|||31|||22|||58|||1
+|||16|||22|||60|||1
1|||26|||22|||61|||1
]|||31|||22|||62|||1
5|||6|||23|||9|||1
1|||27|||23|||18|||1
*|||3|||23|||50|||1
(|||49|||23|||51|||1
-|||12|||23|||53|||1
/|||3|||23|||56|||1
(|||50|||23|||57|||1
+|||18|||23|||59|||1
1|||28|||23|||60|||1
5|||7|||24|||3|||1
2|||9|||24|||7|||1
1|||29|||24|||11|||1
1|||30|||24|||15|||1
(|||53|||24|||34|||1
-|||13|||24|||36|||1
(|||54|||24|||42|||1
+|||19|||24|||44|||1
1|||31|||24|||45|||1
>|||7|||25|||13|||1
0|||32|||25|||14|||1
/=|||4|||25|||17|||1
10|||10|||25|||18|||1
%|||5|||25|||23|||1
10|||11|||25|||24|||1
Hello|||1|||26|||4|||1
world|||1|||26|||5|||1
Java|||1|||26|||6|||1
"|||24|||26|||7|||1
1|||32|||26|||12|||1
.|||39|||26|||24|||1
length|||16|||26|||25|||1
(|||58|||26|||26|||1
.|||40|||26|||35|||1
charAt|||3|||26|||36|||1
(|||60|||26|||37|||1
==|||2|||26|||40|||1
'|||1|||26|||41|||1
'|||2|||26|||42|||1
"|||26|||27|||5|||1
.|||41|||27|||17|||1
length|||17|||27|||18|||1
(|||62|||27|||19|||1
(|||64|||27|||31|||1
(|||65|||27|||34|||1
.|||44|||27|||36|||1
charAt|||4|||27|||37|||1
(|||66|||27|||38|||1
-|||14|||27|||41|||1
32|||1|||27|||42|||1
2|||10|||28|||5|||1
50|||1|||28|||9|||1
1|||33|||28|||18|||1
2|||11|||28|||25|||1
/|||5|||28|||30|||1
2|||12|||28|||31|||1
%|||6|||28|||39|||1
==|||3|||28|||41|||1
0|||35|||28|||42|||1
1|||34|||28|||52|||1
12|||1|||29|||3|||1
18|||1|||29|||7|||1
>|||8|||29|||13|||1
?|||1|||29|||16|||1
:|||1|||29|||18|||1
%|||7|||29|||25|||1
!=|||3|||29|||27|||1
0|||37|||29|||28|||1
|||||1|||29|||29|||1
%|||8|||29|||31|||1
!=|||4|||29|||33|||1
0|||38|||29|||34|||1
1|||35|||30|||3|||1
5|||8|||30|||9|||1
1|||36|||31|||7|||1
5|||9|||31|||13|||1
2|||13|||32|||3|||1
10|||12|||32|||9|||1
2|||14|||32|||26|||1
1|||37|||33|||3|||1
10|||13|||33|||9|||1
2|||15|||33|||26|||1
1|||38|||34|||3|||1
1|||39|||34|||7|||1
5|||10|||34|||13|||1
[|||32|||35|||1|||1
]|||32|||35|||2|||1
{|||16|||35|||5|||1
1|||40|||35|||6|||1
2|||16|||35|||8|||1
3|||3|||35|||10|||1
4|||2|||35|||12|||1
5|||11|||35|||14|||1
}|||16|||35|||15|||1
.|||55|||35|||27|||1
length|||18|||35|||28|||1
[|||33|||35|||38|||1
]|||33|||35|||40|||1
.|||58|||36|||4|||1
length|||19|||36|||5|||1
-|||15|||36|||6|||1
1|||41|||36|||7|||1
>=|||3|||36|||12|||1
0|||41|||36|||13|||1
[|||34|||36|||23|||1
]|||34|||36|||25|||1
.|||61|||37|||14|||1
length|||20|||37|||15|||1
[|||35|||37|||21|||1
]|||35|||37|||23|||1
1|||42|||38|||7|||1
5|||12|||38|||19|||1
+|||27|||38|||37|||1
12345|||2|||39|||3|||1
>|||9|||39|||12|||1
0|||47|||39|||13|||1
10|||14|||39|||21|||1
1234|||2|||40|||7|||1
>|||10|||40|||12|||1
0|||49|||40|||13|||1
*|||4|||40|||19|||1
10|||15|||40|||20|||1
+|||28|||40|||21|||1
%|||9|||40|||23|||1
10|||16|||40|||24|||1
10|||17|||40|||28|||1
[|||36|||41|||4|||1
0|||50|||41|||5|||1
]|||36|||41|||6|||1
1|||43|||41|||10|||1
.|||64|||41|||17|||1
length|||21|||41|||18|||1
[|||37|||41|||24|||1
]|||37|||41|||26|||1
>|||11|||41|||27|||1
[|||38|||41|||33|||1
]|||38|||41|||35|||1
[|||39|||42|||4|||1
0|||51|||42|||5|||1
]|||39|||42|||6|||1
1|||44|||42|||10|||1
.|||65|||42|||17|||1
length|||22|||42|||18|||1
[|||40|||42|||24|||1
]|||40|||42|||26|||1
<|||26|||42|||27|||1
[|||41|||42|||33|||1
]|||41|||42|||35|||1
24|||2|||43|||3|||1
36|||2|||43|||7|||1
!=|||5|||43|||14|||1
0|||52|||43|||15|||1
%|||10|||43|||25|||1
17|||2|||44|||3|||1
1|||45|||44|||7|||1
2|||17|||44|||11|||1
/|||6|||44|||18|||1
2|||18|||44|||19|||1
%|||11|||44|||25|||1
==|||5|||44|||27|||1
0|||53|||44|||28|||1
0|||54|||44|||32|||1
.|||66|||45|||12|||1
length|||23|||45|||13|||1
/|||7|||45|||14|||1
2|||19|||45|||15|||1
[|||42|||45|||21|||1
]|||42|||45|||23|||1
[|||43|||45|||26|||1
]|||43|||45|||28|||1
[|||44|||45|||31|||1
.|||67|||45|||33|||1
length|||24|||45|||34|||1
-|||16|||45|||35|||1
-|||17|||45|||37|||1
1|||46|||45|||38|||1
]|||44|||45|||39|||1
[|||45|||45|||42|||1
.|||68|||45|||44|||1
length|||25|||45|||45|||1
-|||18|||45|||46|||1
-|||19|||45|||48|||1
1|||47|||45|||49|||1
]|||45|||45|||50|||1
"|||42|||46|||5|||1
.|||69|||46|||21|||1
length|||26|||46|||22|||1
(|||101|||46|||23|||1
"|||44|||46|||31|||1
indexOf|||2|||46|||33|||1
.|||71|||46|||36|||1
charAt|||5|||46|||37|||1
(|||104|||46|||38|||1
!=|||6|||46|||42|||1
-|||20|||46|||43|||1
1|||48|||46|||44|||1
121|||2|||47|||3|||1
>|||12|||47|||16|||1
0|||59|||47|||17|||1
*|||5|||47|||23|||1
10|||18|||47|||24|||1
+|||29|||47|||25|||1
%|||12|||47|||27|||1
10|||19|||47|||28|||1
10|||20|||47|||32|||1
2|||20|||48|||3|||1
3|||4|||48|||7|||1
1|||49|||48|||11|||1
"|||46|||49|||5|||1
.|||72|||49|||17|||1
length|||27|||49|||18|||1
(|||108|||49|||19|||1
(|||110|||49|||29|||1
.|||75|||49|||33|||1
charAt|||6|||49|||34|||1
(|||111|||49|||35|||1
.|||76|||50|||10|||1
length|||28|||50|||11|||1
-|||21|||50|||12|||1
1|||50|||50|||13|||1
.|||77|||50|||26|||1
length|||29|||50|||27|||1
-|||22|||50|||28|||1
-|||23|||50|||30|||1
1|||51|||50|||31|||1
[|||46|||50|||37|||1
]|||46|||50|||39|||1
>|||13|||50|||40|||1
[|||47|||50|||42|||1
+|||31|||50|||44|||1
1|||52|||50|||45|||1
]|||47|||50|||46|||1
[|||48|||50|||53|||1
]|||48|||50|||55|||1
[|||49|||50|||58|||1
]|||49|||50|||60|||1
[|||50|||50|||63|||1
+|||32|||50|||65|||1
1|||53|||50|||66|||1
]|||50|||50|||67|||1
[|||51|||50|||70|||1
+|||33|||50|||72|||1
1|||54|||50|||73|||1
]|||51|||50|||74|||1
.|||78|||51|||10|||1
length|||30|||51|||11|||1
-|||24|||51|||12|||1
1|||55|||51|||13|||1
+|||34|||51|||24|||1
1|||56|||51|||25|||1
.|||79|||51|||32|||1
length|||31|||51|||33|||1
[|||52|||51|||39|||1
]|||52|||51|||41|||1
<|||35|||51|||42|||1
[|||53|||51|||44|||1
]|||53|||51|||46|||1
[|||54|||51|||60|||1
]|||54|||51|||62|||1
[|||55|||51|||65|||1
]|||55|||51|||67|||1
[|||56|||51|||70|||1
]|||56|||51|||72|||1
[|||57|||51|||75|||1
]|||57|||51|||77|||1
1|||57|||52|||3|||1
.|||80|||52|||10|||1
length|||32|||52|||11|||1
[|||58|||52|||18|||1
]|||58|||52|||20|||1
-|||25|||52|||25|||1
1|||58|||52|||26|||1
>=|||4|||52|||31|||1
0|||65|||52|||32|||1
[|||59|||52|||35|||1
]|||59|||52|||37|||1
>|||14|||52|||38|||1
[|||60|||52|||43|||1
+|||35|||52|||45|||1
1|||59|||52|||46|||1
]|||60|||52|||47|||1
[|||61|||52|||50|||1
]|||61|||52|||52|||1
[|||62|||52|||59|||1
+|||36|||52|||61|||1
1|||60|||52|||62|||1
]|||62|||52|||63|||1
5|||13|||53|||9|||1
1|||61|||53|||15|||1
*|||6|||53|||43|||1
(|||123|||53|||44|||1
-|||26|||53|||46|||1
/|||8|||53|||49|||1
(|||124|||53|||50|||1
+|||38|||53|||52|||1
1|||62|||53|||53|||1
5|||14|||54|||3|||1
2|||21|||54|||7|||1
1|||63|||54|||11|||1
1|||64|||54|||15|||1
(|||127|||54|||30|||1
-|||27|||54|||32|||1
(|||128|||54|||38|||1
+|||39|||54|||40|||1
1|||65|||54|||41|||1
>|||15|||55|||12|||1
0|||70|||55|||13|||1
%|||13|||55|||19|||1
10|||21|||55|||20|||1
10|||22|||55|||24|||1
Hello|||2|||56|||4|||1
world|||2|||56|||5|||1
Java|||2|||56|||6|||1
"|||52|||56|||7|||1
1|||66|||56|||12|||1
.|||87|||56|||23|||1
length|||33|||56|||24|||1
(|||132|||56|||25|||1
.|||88|||56|||32|||1
charAt|||7|||56|||33|||1
(|||134|||56|||34|||1
==|||6|||56|||37|||1
'|||3|||56|||38|||1
'|||4|||56|||39|||1
"|||54|||57|||5|||1
.|||89|||57|||17|||1
length|||34|||57|||18|||1
(|||136|||57|||19|||1
(|||138|||57|||29|||1
(|||139|||57|||32|||1
.|||92|||57|||34|||1
charAt|||8|||57|||35|||1
(|||140|||57|||36|||1
-|||28|||57|||39|||1
32|||2|||57|||40|||1
2|||22|||58|||3|||1
50|||2|||58|||9|||1
1|||67|||58|||15|||1
2|||23|||58|||19|||1
/|||10|||58|||26|||1
2|||24|||58|||27|||1
%|||14|||58|||33|||1
==|||7|||58|||35|||1
0|||73|||58|||36|||1
0|||74|||58|||40|||1
==|||8|||58|||49|||1
1|||68|||58|||50|||1
12|||2|||59|||3|||1
18|||2|||59|||7|||1
>|||16|||59|||13|||1
?|||2|||59|||16|||1
:|||2|||59|||18|||1
%|||15|||59|||24|||1
!=|||7|||59|||26|||1
0|||75|||59|||27|||1
|||||2|||59|||28|||1
%|||16|||59|||30|||1
!=|||8|||59|||32|||1
0|||76|||59|||33|||1
sum|||1|||1|||1|||2
sum|||2|||1|||19|||2
fact|||1|||4|||1|||2
fact|||2|||4|||19|||2
arr|||1|||5|||3|||2
arr|||2|||5|||26|||2
arr|||3|||5|||39|||2
arr|||4|||6|||5|||2
arr|||5|||6|||24|||2
sum|||3|||7|||1|||2
arr|||6|||7|||14|||2
sum|||4|||7|||21|||2
arr|||7|||7|||23|||2
a|||1|||8|||1|||2
b|||1|||8|||5|||2
c|||1|||8|||9|||2
a|||2|||8|||32|||2
c|||2|||8|||38|||2
a|||3|||8|||40|||2
b|||2|||8|||42|||2
a|||4|||8|||44|||2
b|||3|||8|||46|||2
b|||4|||8|||48|||2
c|||3|||8|||50|||2
num|||1|||9|||1|||2
count|||1|||9|||5|||2
num|||2|||9|||12|||2
num|||3|||9|||16|||2
count|||2|||9|||20|||2
rev|||1|||10|||1|||2
num|||4|||10|||5|||2
num|||5|||10|||12|||2
num|||6|||10|||16|||2
rev|||2|||10|||20|||2
rev|||3|||10|||22|||2
num|||7|||10|||26|||2
max|||1|||11|||1|||2
arr|||8|||11|||3|||2
arr|||9|||11|||17|||2
arr|||10|||11|||26|||2
max|||2|||11|||31|||2
max|||3|||11|||33|||2
arr|||11|||11|||35|||2
min|||1|||12|||1|||2
arr|||12|||12|||3|||2
arr|||13|||12|||17|||2
arr|||14|||12|||26|||2
min|||2|||12|||31|||2
min|||3|||12|||33|||2
arr|||15|||12|||35|||2
a|||5|||13|||1|||2
b|||5|||13|||5|||2
t|||1|||13|||12|||2
b|||6|||13|||14|||2
t|||2|||13|||18|||2
b|||7|||13|||20|||2
b|||8|||13|||22|||2
a|||6|||13|||24|||2
b|||9|||13|||26|||2
a|||7|||13|||28|||2
t|||3|||13|||30|||2
n|||1|||14|||1|||2
flag|||1|||14|||5|||2
n|||2|||14|||18|||2
n|||3|||14|||27|||2
flag|||2|||14|||33|||2
temp|||1|||15|||7|||2
arr|||16|||15|||11|||2
temp|||2|||15|||21|||2
arr|||17|||15|||23|||2
arr|||18|||15|||28|||2
arr|||19|||15|||33|||2
arr|||20|||15|||35|||2
arr|||21|||15|||44|||2
arr|||22|||15|||46|||2
temp|||3|||15|||55|||2
str|||1|||16|||1|||2
hello|||1|||16|||4|||2
vc|||1|||16|||8|||2
str|||2|||16|||21|||2
aeiou|||1|||16|||33|||2
str|||3|||16|||38|||2
vc|||2|||16|||49|||2
num|||8|||17|||1|||2
rev|||4|||17|||5|||2
temp|||4|||17|||9|||2
num|||9|||17|||11|||2
temp|||5|||17|||16|||2
temp|||6|||17|||20|||2
rev|||5|||17|||24|||2
rev|||6|||17|||26|||2
temp|||7|||17|||30|||2
x|||1|||18|||1|||2
y|||1|||18|||5|||2
res|||1|||18|||9|||2
y|||2|||18|||22|||2
res|||2|||18|||27|||2
x|||2|||18|||29|||2
s|||1|||19|||1|||2
abc|||1|||19|||4|||2
s|||2|||19|||16|||2
s|||3|||19|||34|||2
arr|||23|||20|||9|||2
j|||1|||20|||21|||2
j|||2|||20|||25|||2
arr|||24|||20|||27|||2
j|||3|||20|||35|||2
arr|||25|||20|||40|||2
j|||4|||20|||42|||2
arr|||26|||20|||45|||2
j|||5|||20|||47|||2
t|||4|||20|||54|||2
arr|||27|||20|||56|||2
j|||6|||20|||58|||2
arr|||28|||20|||61|||2
j|||7|||20|||63|||2
arr|||29|||20|||66|||2
j|||8|||20|||68|||2
arr|||30|||20|||73|||2
j|||9|||20|||75|||2
t|||5|||20|||80|||2
arr|||31|||21|||9|||2
min|||4|||21|||20|||2
j|||10|||21|||27|||2
j|||11|||21|||33|||2
arr|||32|||21|||35|||2
j|||12|||21|||39|||2
arr|||33|||21|||44|||2
j|||13|||21|||46|||2
arr|||34|||21|||49|||2
min|||5|||21|||51|||2
min|||6|||21|||54|||2
j|||14|||21|||56|||2
t|||6|||21|||59|||2
arr|||35|||21|||61|||2
arr|||36|||21|||66|||2
arr|||37|||21|||71|||2
min|||7|||21|||73|||2
arr|||38|||21|||76|||2
min|||8|||21|||78|||2
t|||7|||21|||81|||2
arr|||39|||22|||9|||2
key|||1|||22|||18|||2
arr|||40|||22|||20|||2
j|||15|||22|||25|||2
j|||16|||22|||33|||2
arr|||41|||22|||37|||2
j|||17|||22|||39|||2
key|||2|||22|||42|||2
arr|||42|||22|||44|||2
j|||18|||22|||46|||2
arr|||43|||22|||51|||2
j|||19|||22|||53|||2
arr|||44|||22|||57|||2
j|||20|||22|||59|||2
key|||3|||22|||64|||2
c|||4|||23|||16|||2
j|||21|||23|||23|||2
j|||22|||23|||27|||2
j|||23|||23|||31|||2
c|||5|||23|||41|||2
c|||6|||23|||47|||2
c|||7|||23|||49|||2
j|||24|||23|||54|||2
j|||25|||23|||58|||2
n|||4|||24|||1|||2
r|||1|||24|||5|||2
num|||10|||24|||9|||2
den|||1|||24|||13|||2
r|||2|||24|||26|||2
num|||11|||24|||32|||2
n|||5|||24|||35|||2
den|||2|||24|||40|||2
num|||12|||24|||55|||2
den|||3|||24|||57|||2
num|||13|||25|||1|||2
123|||1|||25|||3|||2
sum|||5|||25|||5|||2
num|||14|||25|||12|||2
num|||15|||25|||16|||2
sum|||6|||25|||20|||2
num|||16|||25|||22|||2
str|||4|||26|||1|||2
wc|||1|||26|||10|||2
str|||5|||26|||23|||2
str|||6|||26|||34|||2
wc|||2|||26|||44|||2
str|||7|||27|||1|||2
hello|||2|||27|||4|||2
str|||8|||27|||16|||2
str|||9|||27|||35|||2
f|||1|||28|||16|||2
j|||26|||28|||23|||2
j|||27|||28|||27|||2
j|||28|||28|||33|||2
j|||29|||28|||40|||2
f|||2|||28|||44|||2
f|||3|||28|||50|||2
a|||8|||29|||1|||2
b|||10|||29|||5|||2
lcm|||1|||29|||9|||2
a|||9|||29|||12|||2
b|||11|||29|||14|||2
a|||10|||29|||17|||2
b|||12|||29|||19|||2
lcm|||2|||29|||24|||2
a|||11|||29|||26|||2
lcm|||3|||29|||30|||2
b|||13|||29|||32|||2
lcm|||4|||29|||36|||2
lcm|||5|||29|||46|||2
sum|||7|||31|||1|||2
sum|||8|||31|||16|||2
fact|||3|||34|||1|||2
fact|||4|||34|||16|||2
arr|||45|||35|||3|||2
arr|||46|||35|||26|||2
arr|||47|||35|||37|||2
arr|||48|||36|||3|||2
arr|||49|||36|||22|||2
sum|||9|||37|||1|||2
arr|||50|||37|||13|||2
sum|||10|||37|||18|||2
arr|||51|||37|||20|||2
a|||12|||38|||1|||2
b|||14|||38|||5|||2
c|||8|||38|||9|||2
a|||13|||38|||28|||2
c|||9|||38|||34|||2
a|||14|||38|||36|||2
b|||15|||38|||38|||2
a|||15|||38|||40|||2
b|||16|||38|||42|||2
b|||17|||38|||44|||2
c|||10|||38|||46|||2
num|||17|||39|||1|||2
count|||3|||39|||5|||2
num|||18|||39|||11|||2
count|||4|||39|||16|||2
num|||19|||39|||19|||2
rev|||7|||40|||1|||2
num|||20|||40|||5|||2
num|||21|||40|||11|||2
rev|||8|||40|||16|||2
rev|||9|||40|||18|||2
num|||22|||40|||22|||2
num|||23|||40|||26|||2
max|||4|||41|||1|||2
arr|||52|||41|||3|||2
arr|||53|||41|||16|||2
arr|||54|||41|||23|||2
max|||5|||41|||28|||2
max|||6|||41|||30|||2
arr|||55|||41|||32|||2
min|||9|||42|||1|||2
arr|||56|||42|||3|||2
arr|||57|||42|||16|||2
arr|||58|||42|||23|||2
min|||10|||42|||28|||2
min|||11|||42|||30|||2
arr|||59|||42|||32|||2
a|||16|||43|||1|||2
b|||18|||43|||5|||2
t|||8|||43|||9|||2
b|||19|||43|||13|||2
t|||9|||43|||18|||2
b|||20|||43|||20|||2
b|||21|||43|||22|||2
a|||17|||43|||24|||2
b|||22|||43|||26|||2
a|||18|||43|||28|||2
t|||10|||43|||30|||2
n|||6|||44|||1|||2
flag|||3|||44|||5|||2
n|||7|||44|||17|||2
n|||8|||44|||24|||2
flag|||4|||44|||30|||2
temp|||8|||45|||5|||2
arr|||60|||45|||11|||2
temp|||9|||45|||18|||2
arr|||61|||45|||20|||2
arr|||62|||45|||25|||2
arr|||63|||45|||30|||2
arr|||64|||45|||32|||2
arr|||65|||45|||41|||2
arr|||66|||45|||43|||2
temp|||10|||45|||52|||2
str|||10|||46|||1|||2
hello|||3|||46|||4|||2
vc|||3|||46|||8|||2
str|||11|||46|||20|||2
aeiou|||2|||46|||30|||2
str|||12|||46|||35|||2
vc|||4|||46|||46|||2
num|||24|||47|||1|||2
rev|||10|||47|||5|||2
temp|||11|||47|||9|||2
num|||25|||47|||11|||2
temp|||12|||47|||15|||2
rev|||11|||47|||20|||2
rev|||12|||47|||22|||2
temp|||13|||47|||26|||2
temp|||14|||47|||30|||2
x|||3|||48|||1|||2
y|||3|||48|||5|||2
res|||3|||48|||9|||2
y|||4|||48|||21|||2
res|||4|||48|||24|||2
x|||4|||48|||26|||2
s|||4|||49|||1|||2
abc|||2|||49|||4|||2
s|||5|||49|||16|||2
s|||6|||49|||32|||2
arr|||67|||50|||9|||2
j|||30|||50|||17|||2
j|||31|||50|||23|||2
arr|||68|||50|||25|||2
arr|||69|||50|||36|||2
j|||32|||50|||38|||2
arr|||70|||50|||41|||2
j|||33|||50|||43|||2
t|||11|||50|||50|||2
arr|||71|||50|||52|||2
j|||34|||50|||54|||2
arr|||72|||50|||57|||2
j|||35|||50|||59|||2
arr|||73|||50|||62|||2
j|||36|||50|||64|||2
arr|||74|||50|||69|||2
j|||37|||50|||71|||2
t|||12|||50|||76|||2
j|||38|||50|||79|||2
arr|||75|||51|||9|||2
min|||12|||51|||17|||2
j|||39|||51|||21|||2
j|||40|||51|||29|||2
arr|||76|||51|||31|||2
arr|||77|||51|||38|||2
j|||41|||51|||40|||2
arr|||78|||51|||43|||2
min|||13|||51|||45|||2
min|||14|||51|||48|||2
j|||42|||51|||50|||2
j|||43|||51|||52|||2
t|||13|||51|||57|||2
arr|||79|||51|||59|||2
arr|||80|||51|||64|||2
arr|||81|||51|||69|||2
min|||15|||51|||71|||2
arr|||82|||51|||74|||2
min|||16|||51|||76|||2
t|||14|||51|||79|||2
arr|||83|||52|||9|||2
key|||4|||52|||15|||2
arr|||84|||52|||17|||2
j|||44|||52|||22|||2
j|||45|||52|||30|||2
arr|||85|||52|||34|||2
j|||46|||52|||36|||2
key|||5|||52|||39|||2
arr|||86|||52|||42|||2
j|||47|||52|||44|||2
arr|||87|||52|||49|||2
j|||48|||52|||51|||2
j|||49|||52|||54|||2
arr|||88|||52|||58|||2
j|||50|||52|||60|||2
key|||6|||52|||65|||2
c|||11|||53|||13|||2
j|||51|||53|||17|||2
j|||52|||53|||23|||2
c|||12|||53|||34|||2
c|||13|||53|||40|||2
c|||14|||53|||42|||2
j|||53|||53|||47|||2
j|||54|||53|||51|||2
j|||55|||53|||56|||2
n|||9|||54|||1|||2
r|||3|||54|||5|||2
num|||26|||54|||9|||2
den|||4|||54|||13|||2
r|||4|||54|||25|||2
num|||27|||54|||28|||2
n|||10|||54|||31|||2
den|||5|||54|||36|||2
num|||28|||54|||54|||2
den|||6|||54|||56|||2
num|||29|||55|||1|||2
123|||2|||55|||3|||2
sum|||11|||55|||5|||2
num|||30|||55|||11|||2
sum|||12|||55|||16|||2
num|||31|||55|||18|||2
num|||32|||55|||22|||2
str|||13|||56|||1|||2
wc|||3|||56|||10|||2
str|||14|||56|||22|||2
str|||15|||56|||31|||2
wc|||4|||56|||41|||2
str|||16|||57|||1|||2
hello|||4|||57|||4|||2
str|||17|||57|||16|||2
str|||18|||57|||33|||2
f|||4|||58|||13|||2
j|||56|||58|||17|||2
j|||57|||58|||23|||2
j|||58|||58|||34|||2
f|||5|||58|||38|||2
j|||59|||58|||42|||2
f|||6|||58|||48|||2
a|||19|||59|||1|||2
b|||23|||59|||5|||2
lcm|||6|||59|||9|||2
a|||20|||59|||12|||2
b|||24|||59|||14|||2
a|||21|||59|||17|||2
b|||25|||59|||19|||2
lcm|||7|||59|||23|||2
a|||22|||59|||25|||2
lcm|||8|||59|||29|||2
b|||26|||59|||31|||2
lcm|||9|||59|||35|||2
lcm|||10|||59|||44|||2
i|||1|||0|||3|||3
i|||2|||0|||7|||3
i|||3|||0|||11|||3
i|||4|||0|||20|||3
i|||5|||1|||8|||3
i|||6|||1|||12|||3
i|||7|||1|||16|||3
i|||8|||1|||21|||3
i|||9|||2|||3|||3
i|||10|||2|||7|||3
i|||11|||2|||11|||3
i|||12|||2|||21|||3
i|||13|||3|||3|||3
i|||14|||3|||7|||3
i|||15|||3|||11|||3
i|||16|||3|||21|||3
i|||17|||4|||8|||3
i|||18|||4|||12|||3
i|||19|||4|||16|||3
i|||20|||4|||21|||3
i|||21|||5|||20|||3
i|||22|||5|||24|||3
i|||23|||5|||30|||3
i|||24|||5|||41|||3
i|||25|||6|||3|||3
i|||26|||6|||11|||3
i|||27|||6|||15|||3
i|||28|||6|||26|||3
i|||29|||7|||8|||3
i|||30|||7|||12|||3
i|||31|||7|||18|||3
i|||32|||7|||25|||3
i|||33|||8|||14|||3
i|||34|||8|||18|||3
i|||35|||8|||22|||3
i|||36|||11|||11|||3
i|||37|||11|||15|||3
i|||38|||11|||21|||3
i|||39|||11|||28|||3
i|||40|||11|||37|||3
i|||41|||12|||11|||3
i|||42|||12|||15|||3
i|||43|||12|||21|||3
i|||44|||12|||28|||3
i|||45|||12|||37|||3
i|||46|||14|||12|||3
i|||47|||14|||16|||3
i|||48|||14|||22|||3
i|||49|||14|||29|||3
i|||50|||15|||3|||3
i|||51|||15|||9|||3
i|||52|||15|||17|||3
i|||53|||15|||25|||3
i|||54|||15|||30|||3
i|||55|||15|||39|||3
i|||56|||15|||50|||3
i|||57|||16|||15|||3
i|||58|||16|||19|||3
i|||59|||16|||27|||3
i|||60|||16|||42|||3
i|||61|||18|||16|||3
i|||62|||18|||20|||3
i|||63|||18|||24|||3
i|||64|||19|||10|||3
i|||65|||19|||14|||3
i|||66|||19|||22|||3
i|||67|||19|||38|||3
i|||68|||20|||3|||3
i|||69|||20|||7|||3
i|||70|||20|||15|||3
i|||71|||20|||31|||3
i|||72|||21|||3|||3
i|||73|||21|||7|||3
i|||74|||21|||15|||3
i|||75|||21|||22|||3
i|||76|||21|||29|||3
i|||77|||21|||63|||3
i|||78|||21|||68|||3
i|||79|||22|||3|||3
i|||80|||22|||7|||3
i|||81|||22|||13|||3
i|||82|||22|||22|||3
i|||83|||22|||27|||3
i|||84|||23|||3|||3
i|||85|||23|||7|||3
i|||86|||23|||11|||3
i|||87|||23|||29|||3
i|||88|||23|||52|||3
i|||89|||24|||20|||3
i|||90|||24|||24|||3
i|||91|||24|||28|||3
i|||92|||24|||37|||3
i|||93|||24|||43|||3
i|||94|||26|||17|||3
i|||95|||26|||21|||3
i|||96|||26|||29|||3
i|||97|||26|||38|||3
i|||98|||27|||10|||3
i|||99|||27|||14|||3
i|||100|||27|||22|||3
i|||101|||27|||39|||3
i|||102|||28|||3|||3
i|||103|||28|||7|||3
i|||104|||28|||11|||3
i|||105|||28|||29|||3
i|||106|||28|||38|||3
i|||107|||28|||60|||3
i|||108|||30|||1|||3
i|||109|||30|||7|||3
i|||110|||30|||18|||3
i|||111|||30|||24|||3
i|||112|||31|||5|||3
i|||113|||31|||11|||3
i|||114|||31|||18|||3
i|||115|||31|||20|||3
i|||116|||32|||1|||3
i|||117|||32|||7|||3
i|||118|||32|||18|||3
i|||119|||32|||24|||3
i|||120|||33|||1|||3
i|||121|||33|||7|||3
i|||122|||33|||18|||3
i|||123|||33|||24|||3
i|||124|||34|||5|||3
i|||125|||34|||11|||3
i|||126|||34|||18|||3
i|||127|||34|||20|||3
i|||128|||35|||18|||3
i|||129|||35|||24|||3
i|||130|||35|||39|||3
i|||131|||35|||46|||3
i|||132|||36|||1|||3
i|||133|||36|||11|||3
i|||134|||36|||24|||3
i|||135|||36|||31|||3
i|||136|||37|||5|||3
i|||137|||37|||11|||3
i|||138|||37|||22|||3
i|||139|||37|||25|||3
i|||140|||38|||11|||3
i|||141|||38|||17|||3
i|||142|||38|||48|||3
i|||143|||41|||8|||3
i|||144|||41|||14|||3
i|||145|||41|||25|||3
i|||146|||41|||34|||3
i|||147|||41|||37|||3
i|||148|||42|||8|||3
i|||149|||42|||14|||3
i|||150|||42|||25|||3
i|||151|||42|||34|||3
i|||152|||42|||37|||3
i|||153|||44|||9|||3
i|||154|||44|||15|||3
i|||155|||44|||26|||3
i|||156|||44|||34|||3
i|||157|||45|||1|||3
i|||158|||45|||9|||3
i|||159|||45|||22|||3
i|||160|||45|||27|||3
i|||161|||45|||36|||3
i|||162|||45|||47|||3
i|||163|||45|||54|||3
i|||164|||46|||12|||3
i|||165|||46|||18|||3
i|||166|||46|||39|||3
i|||167|||46|||49|||3
i|||168|||48|||13|||3
i|||169|||48|||19|||3
i|||170|||48|||28|||3
i|||171|||49|||8|||3
i|||172|||49|||14|||3
i|||173|||49|||36|||3
i|||174|||49|||43|||3
i|||175|||50|||1|||3
i|||176|||50|||7|||3
i|||177|||50|||29|||3
i|||178|||50|||83|||3
i|||179|||51|||1|||3
i|||180|||51|||7|||3
i|||181|||51|||19|||3
i|||182|||51|||23|||3
i|||183|||51|||61|||3
i|||184|||51|||66|||3
i|||185|||51|||81|||3
i|||186|||52|||1|||3
i|||187|||52|||7|||3
i|||188|||52|||19|||3
i|||189|||52|||24|||3
i|||190|||52|||67|||3
i|||191|||53|||1|||3
i|||192|||53|||7|||3
i|||193|||53|||25|||3
i|||194|||53|||45|||3
i|||195|||53|||68|||3
i|||196|||54|||17|||3
i|||197|||54|||23|||3
i|||198|||54|||33|||3
i|||199|||54|||39|||3
i|||200|||54|||44|||3
i|||201|||56|||14|||3
i|||202|||56|||20|||3
i|||203|||56|||35|||3
i|||204|||56|||44|||3
i|||205|||57|||8|||3
i|||206|||57|||14|||3
i|||207|||57|||37|||3
i|||208|||57|||44|||3
i|||209|||58|||1|||3
i|||210|||58|||7|||3
i|||211|||58|||25|||3
i|||212|||58|||32|||3
i|||213|||58|||58|||3
i|||214|||58|||64|||3
=|||1|||0|||4|||4
=|||2|||1|||2|||4
0|||1|||1|||3|||4
=|||3|||1|||9|||4
=|||4|||2|||4|||4
=|||5|||3|||4|||4
=|||6|||4|||2|||4
=|||7|||4|||9|||4
=|||8|||5|||4|||4
=|||9|||5|||21|||4
0|||2|||5|||22|||4
=|||10|||6|||4|||4
=|||11|||7|||2|||4
0|||4|||7|||3|||4
=|||12|||7|||9|||4
0|||5|||7|||10|||4
=|||13|||8|||2|||4
0|||6|||8|||3|||4
=|||14|||8|||6|||4
=|||15|||8|||15|||4
0|||7|||8|||16|||4
=|||19|||9|||2|||4
=|||20|||9|||6|||4
0|||8|||9|||7|||4
=|||21|||10|||2|||4
0|||10|||10|||3|||4
=|||22|||10|||6|||4
=|||24|||11|||2|||4
=|||25|||11|||12|||4
=|||27|||12|||2|||4
=|||28|||12|||12|||4
=|||30|||13|||2|||4
=|||31|||13|||6|||4
=|||32|||13|||19|||4
=|||33|||13|||23|||4
=|||35|||14|||2|||4
=|||36|||14|||6|||4
=|||37|||14|||13|||4
=|||39|||15|||4|||4
0|||17|||15|||5|||4
=|||43|||16|||2|||4
=|||44|||16|||9|||4
0|||18|||16|||10|||4
=|||45|||16|||16|||4
0|||19|||16|||17|||4
=|||46|||17|||2|||4
=|||47|||17|||6|||4
0|||20|||17|||7|||4
=|||48|||17|||10|||4
=|||50|||18|||2|||4
=|||51|||18|||6|||4
=|||52|||18|||10|||4
=|||53|||18|||17|||4
0|||22|||18|||18|||4
=|||54|||19|||2|||4
=|||55|||19|||11|||4
0|||23|||19|||12|||4
=|||56|||20|||4|||4
0|||24|||20|||5|||4
=|||57|||20|||22|||4
0|||25|||20|||23|||4
=|||58|||20|||55|||4
=|||61|||21|||4|||4
0|||26|||21|||5|||4
=|||62|||21|||21|||4
=|||63|||21|||28|||4
=|||65|||21|||60|||4
=|||68|||22|||4|||4
=|||69|||22|||19|||4
=|||70|||22|||26|||4
=|||73|||23|||4|||4
0|||28|||23|||5|||4
=|||74|||23|||17|||4
=|||75|||23|||24|||4
0|||29|||23|||25|||4
=|||77|||24|||2|||4
=|||78|||24|||6|||4
=|||79|||24|||10|||4
=|||80|||24|||14|||4
=|||81|||24|||21|||4
0|||30|||24|||22|||4
=|||82|||25|||2|||4
=|||83|||25|||6|||4
0|||31|||25|||7|||4
=|||84|||26|||2|||4
=|||85|||26|||11|||4
=|||86|||26|||18|||4
0|||33|||26|||19|||4
=|||87|||27|||2|||4
=|||88|||27|||11|||4
0|||34|||27|||12|||4
=|||89|||28|||4|||4
=|||90|||28|||17|||4
=|||91|||28|||24|||4
=|||93|||29|||2|||4
=|||94|||29|||6|||4
=|||95|||29|||10|||4
=|||96|||30|||2|||4
=|||97|||31|||2|||4
0|||39|||31|||3|||4
=|||98|||31|||6|||4
=|||99|||32|||2|||4
=|||100|||33|||2|||4
=|||101|||34|||2|||4
=|||102|||34|||6|||4
=|||103|||35|||4|||4
=|||104|||35|||19|||4
0|||40|||35|||20|||4
=|||105|||36|||2|||4
=|||106|||37|||2|||4
0|||42|||37|||3|||4
=|||107|||37|||6|||4
0|||43|||37|||7|||4
=|||108|||38|||2|||4
0|||44|||38|||3|||4
=|||109|||38|||6|||4
=|||110|||38|||12|||4
0|||45|||38|||13|||4
=|||114|||39|||2|||4
=|||115|||39|||6|||4
0|||46|||39|||7|||4
=|||116|||40|||2|||4
0|||48|||40|||3|||4
=|||117|||40|||6|||4
=|||119|||41|||2|||4
=|||120|||41|||9|||4
=|||122|||42|||2|||4
=|||123|||42|||9|||4
=|||125|||43|||2|||4
=|||126|||43|||6|||4
=|||127|||43|||19|||4
=|||130|||44|||2|||4
=|||131|||44|||6|||4
=|||132|||44|||10|||4
=|||134|||45|||2|||4
0|||55|||45|||3|||4
=|||138|||46|||2|||4
=|||139|||46|||9|||4
0|||56|||46|||10|||4
=|||140|||46|||13|||4
0|||57|||46|||14|||4
=|||141|||47|||2|||4
=|||142|||47|||6|||4
0|||58|||47|||7|||4
=|||143|||47|||10|||4
=|||145|||48|||2|||4
=|||146|||48|||6|||4
=|||147|||48|||10|||4
=|||148|||48|||14|||4
0|||60|||48|||15|||4
=|||149|||49|||2|||4
=|||150|||49|||9|||4
0|||61|||49|||10|||4
=|||151|||50|||2|||4
0|||62|||50|||3|||4
=|||152|||50|||18|||4
0|||63|||50|||19|||4
=|||153|||50|||51|||4
=|||156|||51|||2|||4
0|||64|||51|||3|||4
=|||157|||51|||18|||4
=|||158|||51|||22|||4
=|||160|||51|||58|||4
=|||163|||52|||2|||4
=|||164|||52|||16|||4
=|||165|||52|||23|||4
=|||168|||53|||2|||4
0|||66|||53|||3|||4
=|||169|||53|||14|||4
=|||170|||53|||18|||4
0|||67|||53|||19|||4
=|||172|||54|||2|||4
=|||173|||54|||6|||4
=|||174|||54|||10|||4
=|||175|||54|||14|||4
=|||176|||54|||18|||4
0|||68|||54|||19|||4
=|||177|||55|||2|||4
=|||178|||55|||6|||4
0|||69|||55|||7|||4
=|||179|||56|||2|||4
=|||180|||56|||11|||4
=|||181|||56|||15|||4
0|||71|||56|||16|||4
=|||182|||57|||2|||4
=|||183|||57|||9|||4
0|||72|||57|||10|||4
=|||184|||58|||2|||4
=|||185|||58|||14|||4
=|||186|||58|||18|||4
=|||188|||59|||2|||4
=|||189|||59|||6|||4
=|||190|||59|||10|||4
,|||1|||5|||7|||5
,|||2|||5|||9|||5
,|||3|||5|||11|||5
,|||4|||5|||13|||5
,|||5|||8|||4|||5
,|||6|||8|||8|||5
,|||7|||9|||4|||5
,|||8|||10|||4|||5
,|||9|||13|||4|||5
,|||10|||13|||21|||5
,|||11|||13|||27|||5
,|||12|||14|||4|||5
,|||13|||15|||6|||5
,|||14|||17|||4|||5
,|||15|||17|||8|||5
,|||16|||18|||4|||5
,|||17|||18|||8|||5
,|||18|||22|||24|||5
,|||19|||24|||4|||5
,|||20|||24|||8|||5
,|||21|||24|||12|||5
,|||22|||25|||4|||5
,|||23|||29|||4|||5
,|||24|||29|||8|||5
,|||25|||31|||4|||5
,|||26|||34|||4|||5
,|||27|||35|||7|||5
,|||28|||35|||9|||5
,|||29|||35|||11|||5
,|||30|||35|||13|||5
,|||31|||37|||4|||5
,|||32|||38|||4|||5
,|||33|||38|||8|||5
,|||34|||38|||10|||5
,|||35|||39|||4|||5
,|||36|||40|||4|||5
,|||37|||41|||7|||5
,|||38|||42|||7|||5
,|||39|||43|||4|||5
,|||40|||43|||8|||5
,|||41|||44|||4|||5
,|||42|||44|||8|||5
,|||43|||45|||4|||5
,|||44|||46|||11|||5
,|||45|||47|||4|||5
,|||46|||47|||8|||5
,|||47|||48|||4|||5
,|||48|||48|||8|||5
,|||49|||48|||12|||5
,|||50|||51|||20|||5
,|||51|||52|||21|||5
,|||52|||53|||16|||5
,|||53|||54|||4|||5
,|||54|||54|||8|||5
,|||55|||54|||12|||5
,|||56|||54|||16|||5
,|||57|||55|||4|||5
,|||58|||56|||13|||5
,|||59|||58|||16|||5
,|||60|||59|||4|||5
,|||61|||59|||8|||5
System|||1|||0|||14|||6
.|||1|||0|||15|||6
out|||1|||0|||16|||6
.|||2|||0|||17|||6
print|||1|||0|||18|||6
(|||2|||0|||19|||6
+|||1|||0|||21|||6
"|||1|||0|||22|||6
"|||2|||0|||23|||6
+=|||1|||1|||20|||6
+=|||2|||2|||12|||6
System|||2|||2|||15|||6
.|||3|||2|||16|||6
out|||2|||2|||17|||6
.|||4|||2|||18|||6
print|||2|||2|||19|||6
(|||5|||2|||20|||6
+|||2|||2|||22|||6
"|||3|||2|||23|||6
"|||4|||2|||24|||6
+=|||3|||3|||12|||6
System|||3|||3|||15|||6
.|||5|||3|||16|||6
out|||3|||3|||17|||6
.|||6|||3|||18|||6
print|||3|||3|||19|||6
(|||7|||3|||20|||6
+|||3|||3|||22|||6
"|||5|||3|||23|||6
"|||6|||3|||24|||6
*=|||1|||4|||20|||6
System|||4|||5|||33|||6
.|||8|||5|||34|||6
out|||4|||5|||35|||6
.|||9|||5|||36|||6
print|||4|||5|||37|||6
(|||10|||5|||38|||6
+|||4|||5|||43|||6
"|||7|||5|||44|||6
"|||8|||5|||45|||6
System|||5|||6|||18|||6
.|||11|||6|||19|||6
out|||5|||6|||20|||6
.|||12|||6|||21|||6
print|||5|||6|||22|||6
(|||12|||6|||23|||6
+|||5|||6|||28|||6
"|||9|||6|||29|||6
"|||10|||6|||30|||6
+=|||4|||7|||22|||6
System|||6|||8|||26|||6
.|||14|||8|||27|||6
out|||6|||8|||28|||6
.|||15|||8|||29|||6
print|||6|||8|||30|||6
(|||15|||8|||31|||6
+|||6|||8|||33|||6
"|||11|||8|||34|||6
"|||12|||8|||35|||6
=|||16|||8|||39|||6
+|||7|||8|||41|||6
=|||17|||8|||45|||6
=|||18|||8|||49|||6
++|||7|||9|||21|||6
=|||23|||10|||21|||6
=|||26|||11|||34|||6
=|||29|||12|||34|||6
=|||34|||13|||29|||6
=|||38|||14|||34|||6
0|||16|||14|||35|||6
=|||40|||15|||22|||6
=|||41|||15|||32|||6
=|||42|||15|||54|||6
"|||13|||16|||3|||6
"|||15|||16|||32|||6
.|||22|||16|||35|||6
(|||29|||16|||37|||6
++|||13|||16|||50|||6
=|||49|||17|||25|||6
*=|||2|||18|||28|||6
"|||17|||19|||3|||6
System|||7|||19|||25|||6
.|||25|||19|||26|||6
out|||7|||19|||27|||6
.|||26|||19|||28|||6
print|||7|||19|||29|||6
(|||35|||19|||30|||6
+|||10|||19|||40|||6
"|||19|||19|||41|||6
"|||20|||19|||42|||6
=|||59|||20|||65|||6
=|||60|||20|||79|||6
=|||64|||21|||55|||6
=|||66|||21|||70|||6
=|||67|||21|||80|||6
=|||71|||22|||50|||6
=|||72|||22|||63|||6
System|||8|||23|||35|||6
.|||33|||23|||36|||6
out|||8|||23|||37|||6
.|||34|||23|||38|||6
print|||8|||23|||39|||6
(|||48|||23|||40|||6
+|||17|||23|||42|||6
"|||21|||23|||43|||6
"|||22|||23|||44|||6
=|||76|||23|||48|||6
System|||9|||23|||64|||6
.|||35|||23|||65|||6
out|||9|||23|||66|||6
.|||36|||23|||67|||6
println|||1|||23|||68|||6
(|||51|||23|||69|||6
*=|||3|||24|||33|||6
*=|||4|||24|||41|||6
System|||10|||24|||49|||6
.|||37|||24|||50|||6
out|||10|||24|||51|||6
.|||38|||24|||52|||6
print|||9|||24|||53|||6
(|||55|||24|||54|||6
/|||4|||24|||56|||6
+=|||5|||25|||21|||6
"|||23|||26|||3|||6
++|||25|||26|||45|||6
"|||25|||27|||3|||6
System|||11|||27|||25|||6
.|||42|||27|||26|||6
out|||11|||27|||27|||6
.|||43|||27|||28|||6
print|||10|||27|||29|||6
(|||63|||27|||30|||6
char|||1|||27|||32|||6
=|||92|||28|||45|||6
0|||36|||28|||46|||6
if|||9|||28|||48|||6
(|||70|||28|||49|||6
==|||4|||28|||51|||6
System|||12|||28|||54|||6
.|||45|||28|||55|||6
out|||12|||28|||56|||6
.|||46|||28|||57|||6
print|||11|||28|||58|||6
(|||71|||28|||59|||6
+|||20|||28|||61|||6
"|||27|||28|||62|||6
"|||28|||28|||63|||6
++|||29|||29|||37|||6
System|||13|||29|||40|||6
.|||47|||29|||41|||6
out|||13|||29|||42|||6
.|||48|||29|||43|||6
print|||12|||29|||44|||6
(|||74|||29|||45|||6
System|||14|||30|||12|||6
.|||49|||30|||13|||6
out|||14|||30|||14|||6
.|||50|||30|||15|||6
print|||13|||30|||16|||6
(|||76|||30|||17|||6
+|||21|||30|||19|||6
"|||29|||30|||20|||6
"|||30|||30|||21|||6
++|||30|||30|||25|||6
+=|||6|||31|||17|||6
++|||31|||31|||21|||6
System|||15|||32|||12|||6
.|||51|||32|||13|||6
out|||15|||32|||14|||6
.|||52|||32|||15|||6
print|||14|||32|||16|||6
(|||79|||32|||17|||6
+|||22|||32|||19|||6
"|||31|||32|||20|||6
"|||32|||32|||21|||6
+=|||7|||32|||25|||6
System|||16|||33|||12|||6
.|||53|||33|||13|||6
out|||16|||33|||14|||6
.|||54|||33|||15|||6
print|||15|||33|||16|||6
(|||81|||33|||17|||6
+|||23|||33|||19|||6
"|||33|||33|||20|||6
"|||34|||33|||21|||6
+=|||8|||33|||25|||6
*=|||5|||34|||17|||6
++|||32|||34|||21|||6
System|||17|||35|||31|||6
.|||56|||35|||32|||6
out|||17|||35|||33|||6
.|||57|||35|||34|||6
print|||16|||35|||35|||6
(|||84|||35|||36|||6
+|||24|||35|||41|||6
"|||35|||35|||42|||6
"|||36|||35|||43|||6
++|||33|||35|||47|||6
System|||18|||36|||16|||6
.|||59|||36|||17|||6
out|||18|||36|||18|||6
.|||60|||36|||19|||6
print|||17|||36|||20|||6
(|||86|||36|||21|||6
+|||25|||36|||26|||6
"|||37|||36|||27|||6
"|||38|||36|||28|||6
--|||3|||36|||32|||6
+=|||9|||37|||19|||6
++|||34|||37|||26|||6
System|||19|||38|||22|||6
.|||62|||38|||23|||6
out|||19|||38|||24|||6
.|||63|||38|||25|||6
print|||18|||38|||26|||6
(|||89|||38|||27|||6
+|||26|||38|||29|||6
"|||39|||38|||30|||6
"|||40|||38|||31|||6
=|||111|||38|||35|||6
=|||112|||38|||41|||6
=|||113|||38|||45|||6
++|||35|||38|||49|||6
++|||36|||39|||17|||6
/=|||5|||39|||20|||6
=|||118|||40|||17|||6
/=|||6|||40|||27|||6
=|||121|||41|||31|||6
++|||37|||41|||38|||6
=|||124|||42|||31|||6
++|||38|||42|||38|||6
=|||128|||43|||23|||6
=|||129|||43|||29|||6
=|||133|||44|||31|||6
++|||39|||44|||35|||6
=|||135|||45|||19|||6
=|||136|||45|||29|||6
=|||137|||45|||51|||6
++|||40|||45|||55|||6
"|||41|||46|||3|||6
"|||43|||46|||29|||6
.|||70|||46|||32|||6
(|||103|||46|||34|||6
++|||41|||46|||47|||6
++|||42|||46|||50|||6
=|||144|||47|||21|||6
/=|||7|||47|||31|||6
*=|||6|||48|||25|||6
++|||43|||48|||29|||6
"|||45|||49|||3|||6
System|||20|||49|||23|||6
.|||73|||49|||24|||6
out|||20|||49|||25|||6
.|||74|||49|||26|||6
print|||19|||49|||27|||6
(|||109|||49|||28|||6
+|||30|||49|||38|||6
"|||47|||49|||39|||6
"|||48|||49|||40|||6
++|||44|||49|||44|||6
=|||154|||50|||61|||6
=|||155|||50|||75|||6
++|||45|||50|||80|||6
++|||46|||50|||84|||6
=|||159|||51|||49|||6
++|||47|||51|||53|||6
=|||161|||51|||68|||6
=|||162|||51|||78|||6
++|||48|||51|||82|||6
=|||166|||52|||48|||6
--|||4|||52|||55|||6
=|||167|||52|||64|||6
++|||49|||52|||68|||6
System|||21|||53|||28|||6
.|||81|||53|||29|||6
out|||21|||53|||30|||6
.|||82|||53|||31|||6
print|||20|||53|||32|||6
(|||122|||53|||33|||6
+|||37|||53|||35|||6
"|||49|||53|||36|||6
"|||50|||53|||37|||6
=|||171|||53|||41|||6
++|||50|||53|||57|||6
System|||22|||53|||60|||6
.|||83|||53|||61|||6
out|||22|||53|||62|||6
.|||84|||53|||63|||6
println|||2|||53|||64|||6
(|||125|||53|||65|||6
++|||51|||53|||69|||6
*=|||7|||54|||29|||6
*=|||8|||54|||37|||6
++|||52|||54|||45|||6
System|||23|||54|||48|||6
.|||85|||54|||49|||6
out|||23|||54|||50|||6
.|||86|||54|||51|||6
print|||21|||54|||52|||6
(|||129|||54|||53|||6
/|||9|||54|||55|||6
+=|||10|||55|||17|||6
/=|||8|||55|||23|||6
"|||51|||56|||3|||6
++|||53|||56|||42|||6
++|||54|||56|||45|||6
"|||53|||57|||3|||6
System|||24|||57|||23|||6
.|||90|||57|||24|||6
out|||24|||57|||25|||6
.|||91|||57|||26|||6
print|||22|||57|||27|||6
(|||137|||57|||28|||6
char|||2|||57|||30|||6
++|||55|||57|||45|||6
=|||187|||58|||39|||6
++|||56|||58|||43|||6
System|||25|||58|||52|||6
.|||93|||58|||53|||6
out|||25|||58|||54|||6
.|||94|||58|||55|||6
print|||23|||58|||56|||6
(|||145|||58|||57|||6
+|||40|||58|||59|||6
"|||55|||58|||60|||6
"|||56|||58|||61|||6
++|||57|||58|||65|||6
++|||58|||59|||36|||6
System|||26|||59|||38|||6
.|||95|||59|||39|||6
out|||26|||59|||40|||6
.|||96|||59|||41|||6
print|||24|||59|||42|||6
(|||148|||59|||43|||6
)|||1|||0|||13|||7
)|||2|||0|||24|||7
)|||3|||1|||18|||7
)|||4|||2|||14|||7
)|||5|||2|||25|||7
)|||6|||3|||14|||7
)|||7|||3|||25|||7
)|||8|||4|||18|||7
)|||9|||5|||32|||7
)|||10|||5|||46|||7
)|||11|||6|||17|||7
)|||12|||6|||31|||7
)|||13|||7|||20|||7
)|||14|||8|||24|||7
{|||2|||8|||25|||7
)|||15|||8|||36|||7
)|||16|||9|||19|||7
)|||17|||10|||19|||7
)|||18|||11|||23|||7
)|||19|||11|||32|||7
)|||20|||12|||23|||7
)|||21|||12|||32|||7
)|||22|||13|||31|||7
)|||23|||14|||24|||7
)|||24|||14|||32|||7
)|||25|||15|||19|||7
{|||3|||15|||20|||7
)|||26|||16|||25|||7
)|||27|||16|||29|||7
)|||28|||16|||43|||7
)|||29|||16|||44|||7
)|||30|||16|||48|||7
)|||31|||17|||23|||7
)|||32|||18|||26|||7
)|||33|||19|||20|||7
)|||34|||19|||24|||7
)|||35|||19|||33|||7
)|||36|||19|||39|||7
)|||37|||19|||43|||7
)|||38|||20|||17|||7
)|||39|||20|||37|||7
)|||40|||20|||51|||7
{|||4|||20|||52|||7
)|||41|||21|||17|||7
{|||5|||21|||18|||7
)|||42|||21|||41|||7
)|||43|||21|||53|||7
)|||44|||22|||15|||7
{|||6|||22|||16|||7
)|||45|||22|||43|||7
)|||46|||23|||13|||7
{|||7|||23|||14|||7
)|||47|||23|||33|||7
{|||8|||23|||34|||7
)|||48|||23|||45|||7
)|||49|||23|||55|||7
)|||50|||23|||61|||7
)|||51|||23|||70|||7
)|||52|||24|||30|||7
{|||9|||24|||31|||7
)|||53|||24|||38|||7
)|||54|||24|||46|||7
)|||55|||24|||58|||7
)|||56|||25|||19|||7
)|||57|||26|||27|||7
)|||58|||26|||31|||7
)|||59|||26|||39|||7
)|||60|||26|||43|||7
)|||61|||27|||20|||7
)|||62|||27|||24|||7
)|||63|||27|||33|||7
)|||64|||27|||40|||7
)|||65|||27|||43|||7
)|||66|||27|||44|||7
)|||67|||28|||13|||7
{|||10|||28|||14|||7
)|||68|||28|||35|||7
)|||69|||28|||43|||7
)|||70|||28|||53|||7
)|||71|||28|||64|||7
)|||72|||29|||15|||7
)|||73|||29|||38|||7
)|||74|||29|||47|||7
)|||75|||30|||10|||7
{|||11|||30|||11|||7
)|||76|||30|||22|||7
)|||77|||31|||14|||7
{|||12|||31|||15|||7
)|||78|||32|||10|||7
{|||13|||32|||11|||7
)|||79|||32|||22|||7
)|||80|||33|||10|||7
{|||14|||33|||11|||7
)|||81|||33|||22|||7
)|||82|||34|||14|||7
{|||15|||34|||15|||7
)|||83|||35|||29|||7
{|||17|||35|||30|||7
)|||84|||35|||44|||7
)|||85|||36|||14|||7
{|||18|||36|||15|||7
)|||86|||36|||29|||7
)|||87|||37|||16|||7
{|||19|||37|||17|||7
)|||88|||38|||20|||7
{|||20|||38|||21|||7
)|||89|||38|||32|||7
)|||90|||39|||14|||7
{|||21|||39|||15|||7
)|||91|||40|||14|||7
{|||22|||40|||15|||7
)|||92|||41|||19|||7
{|||23|||41|||20|||7
)|||93|||41|||29|||7
)|||94|||42|||19|||7
{|||24|||42|||20|||7
)|||95|||42|||29|||7
)|||96|||43|||16|||7
{|||25|||43|||17|||7
)|||97|||44|||20|||7
{|||26|||44|||21|||7
)|||98|||44|||29|||7
)|||99|||45|||16|||7
{|||27|||45|||17|||7
)|||100|||46|||24|||7
)|||101|||46|||25|||7
{|||28|||46|||26|||7
)|||102|||46|||40|||7
)|||103|||46|||41|||7
)|||104|||46|||45|||7
)|||105|||47|||18|||7
{|||29|||47|||19|||7
)|||106|||48|||22|||7
{|||30|||48|||23|||7
)|||107|||49|||20|||7
)|||108|||49|||21|||7
{|||31|||49|||22|||7
)|||109|||49|||31|||7
)|||110|||49|||37|||7
)|||111|||49|||41|||7
)|||112|||50|||14|||7
{|||32|||50|||15|||7
)|||113|||50|||32|||7
{|||33|||50|||33|||7
)|||114|||50|||47|||7
{|||34|||50|||48|||7
)|||115|||51|||14|||7
{|||35|||51|||15|||7
)|||116|||51|||34|||7
{|||36|||51|||35|||7
)|||117|||51|||47|||7
)|||118|||52|||12|||7
{|||37|||52|||13|||7
)|||119|||52|||40|||7
{|||38|||52|||41|||7
)|||120|||53|||10|||7
{|||39|||53|||11|||7
)|||121|||53|||26|||7
{|||40|||53|||27|||7
)|||122|||53|||38|||7
)|||123|||53|||48|||7
)|||124|||53|||54|||7
)|||125|||53|||66|||7
)|||126|||54|||26|||7
{|||41|||54|||27|||7
)|||127|||54|||34|||7
)|||128|||54|||42|||7
)|||129|||54|||57|||7
)|||130|||55|||14|||7
{|||42|||55|||15|||7
)|||131|||56|||26|||7
)|||132|||56|||27|||7
{|||43|||56|||28|||7
)|||133|||56|||36|||7
)|||134|||56|||40|||7
)|||135|||57|||20|||7
)|||136|||57|||21|||7
{|||44|||57|||22|||7
)|||137|||57|||31|||7
)|||138|||57|||38|||7
)|||139|||57|||41|||7
)|||140|||57|||42|||7
)|||141|||58|||10|||7
{|||45|||58|||11|||7
)|||142|||58|||28|||7
{|||46|||58|||29|||7
)|||143|||58|||37|||7
)|||144|||58|||51|||7
)|||145|||58|||62|||7
)|||146|||59|||15|||7
)|||147|||59|||34|||7
)|||148|||59|||45|||7
for|||1|||0|||0|||8
(|||1|||0|||1|||8
;|||1|||0|||6|||8
<=|||1|||0|||8|||8
;|||2|||0|||10|||8
++|||1|||0|||12|||8
for|||2|||1|||5|||8
(|||3|||1|||6|||8
;|||5|||1|||11|||8
<=|||2|||1|||13|||8
;|||6|||1|||15|||8
++|||2|||1|||17|||8
for|||3|||2|||0|||8
(|||4|||2|||1|||8
;|||8|||2|||6|||8
<=|||3|||2|||8|||8
;|||9|||2|||10|||8
for|||4|||3|||0|||8
(|||6|||3|||1|||8
;|||11|||3|||6|||8
<=|||4|||3|||8|||8
;|||12|||3|||10|||8
for|||5|||4|||5|||8
(|||8|||4|||6|||8
;|||15|||4|||11|||8
<=|||5|||4|||13|||8
;|||16|||4|||15|||8
++|||3|||4|||17|||8
for|||6|||5|||17|||8
(|||9|||5|||18|||8
;|||19|||5|||23|||8
<|||1|||5|||25|||8
;|||20|||5|||29|||8
++|||4|||5|||31|||8
for|||7|||6|||0|||8
(|||11|||6|||1|||8
;|||22|||6|||10|||8
;|||23|||6|||14|||8
--|||1|||6|||16|||8
for|||8|||7|||5|||8
(|||13|||7|||6|||8
;|||26|||7|||11|||8
<|||2|||7|||13|||8
;|||27|||7|||17|||8
++|||5|||7|||19|||8
for|||9|||8|||11|||8
(|||14|||8|||12|||8
;|||30|||8|||17|||8
<|||3|||8|||19|||8
;|||31|||8|||21|||8
++|||6|||8|||23|||8
for|||10|||9|||9|||8
(|||16|||9|||10|||8
;|||37|||9|||11|||8
;|||38|||9|||15|||8
for|||11|||10|||9|||8
(|||17|||10|||10|||8
;|||41|||10|||11|||8
;|||42|||10|||15|||8
for|||12|||11|||8|||8
(|||18|||11|||9|||8
;|||45|||11|||14|||8
<|||4|||11|||16|||8
;|||46|||11|||20|||8
++|||8|||11|||22|||8
if|||1|||11|||24|||8
(|||19|||11|||25|||8
for|||13|||12|||8|||8
(|||20|||12|||9|||8
;|||49|||12|||14|||8
<|||5|||12|||16|||8
;|||50|||12|||20|||8
++|||9|||12|||22|||8
if|||2|||12|||24|||8
(|||21|||12|||25|||8
for|||14|||13|||9|||8
(|||22|||13|||10|||8
;|||53|||13|||13|||8
;|||54|||13|||17|||8
for|||15|||14|||9|||8
(|||23|||14|||10|||8
;|||57|||14|||15|||8
<=|||6|||14|||17|||8
;|||58|||14|||21|||8
++|||10|||14|||23|||8
if|||3|||14|||25|||8
(|||24|||14|||26|||8
for|||16|||15|||0|||8
(|||25|||15|||1|||8
;|||60|||15|||8|||8
<|||7|||15|||10|||8
;|||61|||15|||16|||8
++|||11|||15|||18|||8
for|||17|||16|||12|||8
(|||26|||16|||13|||8
;|||67|||16|||18|||8
<|||8|||16|||20|||8
;|||68|||16|||26|||8
++|||12|||16|||28|||8
if|||4|||16|||30|||8
(|||28|||16|||31|||8
for|||18|||17|||13|||8
(|||31|||17|||14|||8
;|||71|||17|||15|||8
;|||72|||17|||19|||8
/=|||3|||17|||21|||8
for|||19|||18|||13|||8
(|||32|||18|||14|||8
;|||75|||18|||19|||8
<|||9|||18|||21|||8
;|||76|||18|||23|||8
++|||14|||18|||25|||8
for|||20|||19|||7|||8
(|||33|||19|||8|||8
;|||79|||19|||13|||8
<|||10|||19|||15|||8
;|||80|||19|||21|||8
++|||15|||19|||23|||8
for|||21|||20|||0|||8
(|||38|||20|||1|||8
;|||82|||20|||6|||8
<|||11|||20|||8|||8
;|||83|||20|||14|||8
++|||16|||20|||16|||8
for|||22|||20|||18|||8
(|||39|||20|||19|||8
;|||84|||20|||24|||8
<|||12|||20|||26|||8
;|||85|||20|||34|||8
++|||17|||20|||36|||8
if|||5|||20|||38|||8
(|||40|||20|||39|||8
for|||23|||21|||0|||8
(|||41|||21|||1|||8
;|||89|||21|||6|||8
<|||13|||21|||8|||8
;|||90|||21|||14|||8
++|||18|||21|||16|||8
for|||24|||21|||24|||8
(|||42|||21|||25|||8
;|||92|||21|||32|||8
<|||14|||21|||34|||8
;|||93|||21|||38|||8
++|||19|||21|||40|||8
if|||6|||21|||42|||8
(|||43|||21|||43|||8
for|||25|||22|||0|||8
(|||44|||22|||1|||8
;|||98|||22|||6|||8
<|||16|||22|||8|||8
;|||99|||22|||12|||8
++|||20|||22|||14|||8
while|||1|||22|||31|||8
(|||45|||22|||32|||8
&&|||1|||22|||36|||8
for|||26|||23|||0|||8
(|||46|||23|||1|||8
;|||103|||23|||6|||8
<|||17|||23|||8|||8
;|||104|||23|||10|||8
++|||21|||23|||12|||8
for|||27|||23|||20|||8
(|||47|||23|||21|||8
;|||106|||23|||26|||8
<=|||7|||23|||28|||8
;|||107|||23|||30|||8
++|||22|||23|||32|||8
for|||28|||24|||17|||8
(|||52|||24|||18|||8
;|||112|||24|||23|||8
<|||18|||24|||25|||8
;|||113|||24|||27|||8
++|||23|||24|||29|||8
for|||29|||25|||9|||8
(|||56|||25|||10|||8
;|||118|||25|||11|||8
;|||119|||25|||15|||8
for|||30|||26|||14|||8
(|||57|||26|||15|||8
;|||123|||26|||20|||8
<|||19|||26|||22|||8
;|||124|||26|||28|||8
++|||24|||26|||30|||8
if|||7|||26|||32|||8
(|||59|||26|||33|||8
for|||31|||27|||7|||8
(|||61|||27|||8|||8
;|||127|||27|||13|||8
<|||20|||27|||15|||8
;|||128|||27|||21|||8
++|||26|||27|||23|||8
for|||32|||28|||0|||8
(|||67|||28|||1|||8
;|||130|||28|||6|||8
<=|||8|||28|||8|||8
;|||131|||28|||10|||8
++|||27|||28|||12|||8
for|||33|||28|||20|||8
(|||68|||28|||21|||8
;|||133|||28|||26|||8
<=|||9|||28|||28|||8
;|||134|||28|||32|||8
++|||28|||28|||34|||8
if|||8|||28|||36|||8
(|||69|||28|||37|||8
(|||72|||29|||11|||8
for|||34|||29|||21|||8
(|||73|||29|||22|||8
;|||138|||29|||23|||8
;|||139|||29|||35|||8
while|||2|||30|||5|||8
(|||75|||30|||6|||8
<=|||10|||30|||8|||8
while|||3|||31|||9|||8
(|||77|||31|||10|||8
<=|||11|||31|||12|||8
while|||4|||32|||5|||8
(|||78|||32|||6|||8
<=|||12|||32|||8|||8
while|||5|||33|||5|||8
(|||80|||33|||6|||8
<=|||13|||33|||8|||8
while|||6|||34|||9|||8
(|||82|||34|||10|||8
<=|||14|||34|||12|||8
while|||7|||35|||22|||8
(|||83|||35|||23|||8
<|||21|||35|||25|||8
while|||8|||36|||9|||8
(|||85|||36|||10|||8
while|||9|||37|||9|||8
(|||87|||37|||10|||8
<|||22|||37|||12|||8
while|||10|||38|||15|||8
(|||88|||38|||16|||8
<|||23|||38|||18|||8
while|||11|||39|||9|||8
(|||90|||39|||10|||8
while|||12|||40|||9|||8
(|||91|||40|||10|||8
while|||13|||41|||12|||8
(|||92|||41|||13|||8
<|||24|||41|||15|||8
if|||10|||41|||21|||8
(|||93|||41|||22|||8
while|||14|||42|||12|||8
(|||94|||42|||13|||8
<|||25|||42|||15|||8
if|||11|||42|||21|||8
(|||95|||42|||22|||8
while|||15|||43|||11|||8
(|||96|||43|||12|||8
while|||16|||44|||13|||8
(|||97|||44|||14|||8
<=|||15|||44|||16|||8
if|||12|||44|||22|||8
(|||98|||44|||23|||8
while|||17|||45|||7|||8
(|||99|||45|||8|||8
<|||27|||45|||10|||8
while|||18|||46|||16|||8
(|||100|||46|||17|||8
<|||28|||46|||19|||8
if|||13|||46|||27|||8
(|||102|||46|||28|||8
while|||19|||47|||13|||8
(|||105|||47|||14|||8
while|||20|||48|||17|||8
(|||106|||48|||18|||8
<|||29|||48|||20|||8
while|||21|||49|||12|||8
(|||107|||49|||13|||8
<|||30|||49|||15|||8
while|||22|||50|||5|||8
(|||112|||50|||6|||8
<|||31|||50|||8|||8
while|||23|||50|||21|||8
(|||113|||50|||22|||8
<|||32|||50|||24|||8
if|||14|||50|||34|||8
(|||114|||50|||35|||8
while|||24|||51|||5|||8
(|||115|||51|||6|||8
<|||33|||51|||8|||8
while|||25|||51|||27|||8
(|||116|||51|||28|||8
<|||34|||51|||30|||8
if|||15|||51|||36|||8
(|||117|||51|||37|||8
while|||26|||52|||5|||8
(|||118|||52|||6|||8
<|||36|||52|||8|||8
while|||27|||52|||28|||8
(|||119|||52|||29|||8
&&|||2|||52|||33|||8
while|||28|||53|||5|||8
(|||120|||53|||6|||8
<|||37|||53|||8|||8
while|||29|||53|||21|||8
(|||121|||53|||22|||8
<=|||16|||53|||24|||8
while|||30|||54|||21|||8
(|||126|||54|||22|||8
<|||38|||54|||24|||8
while|||31|||55|||9|||8
(|||130|||55|||10|||8
while|||32|||56|||18|||8
(|||131|||56|||19|||8
<|||39|||56|||21|||8
if|||16|||56|||29|||8
(|||133|||56|||30|||8
while|||33|||57|||12|||8
(|||135|||57|||13|||8
<|||40|||57|||15|||8
while|||34|||58|||5|||8
(|||141|||58|||6|||8
<=|||17|||58|||8|||8
while|||35|||58|||21|||8
(|||142|||58|||22|||8
<=|||18|||58|||24|||8
if|||17|||58|||30|||8
(|||143|||58|||31|||8
if|||18|||58|||46|||8
(|||144|||58|||47|||8
(|||146|||59|||11|||8
while|||36|||59|||21|||8
(|||147|||59|||22|||8
;|||3|||0|||25|||9
;|||4|||1|||4|||9
;|||7|||1|||22|||9
;|||10|||2|||26|||9
;|||13|||3|||26|||9
;|||14|||4|||4|||9
;|||17|||4|||22|||9
;|||18|||5|||16|||9
;|||21|||5|||47|||9
;|||24|||6|||32|||9
;|||25|||7|||4|||9
;|||28|||7|||27|||9
;|||29|||8|||10|||9
;|||32|||8|||37|||9
;|||33|||8|||43|||9
;|||34|||8|||47|||9
;|||35|||8|||51|||9
}|||2|||8|||52|||9
;|||36|||9|||8|||9
;|||39|||9|||22|||9
;|||40|||10|||8|||9
;|||43|||10|||29|||9
;|||44|||11|||7|||9
;|||47|||11|||39|||9
;|||48|||12|||7|||9
;|||51|||12|||39|||9
;|||52|||13|||8|||9
;|||55|||13|||32|||9
;|||56|||14|||8|||9
;|||59|||14|||36|||9
;|||62|||15|||27|||9
;|||63|||15|||43|||9
;|||64|||15|||56|||9
}|||3|||15|||57|||9
;|||65|||16|||6|||9
;|||66|||16|||11|||9
;|||69|||16|||51|||9
;|||70|||17|||12|||9
;|||73|||17|||33|||9
;|||74|||18|||12|||9
;|||77|||18|||30|||9
;|||78|||19|||6|||9
;|||81|||19|||44|||9
;|||86|||20|||60|||9
;|||87|||20|||72|||9
;|||88|||20|||81|||9
}|||4|||20|||82|||9
;|||91|||21|||23|||9
;|||94|||21|||57|||9
;|||95|||21|||65|||9
;|||96|||21|||75|||9
;|||97|||21|||82|||9
}|||5|||21|||83|||9
;|||100|||22|||30|||9
;|||101|||22|||56|||9
;|||102|||22|||65|||9
}|||6|||22|||66|||9
;|||105|||23|||19|||9
;|||108|||23|||46|||9
;|||109|||23|||62|||9
}|||7|||23|||63|||9
;|||110|||23|||71|||9
}|||8|||23|||72|||9
;|||111|||24|||16|||9
;|||114|||24|||39|||9
;|||115|||24|||47|||9
}|||9|||24|||48|||9
;|||116|||24|||59|||9
;|||117|||25|||8|||9
;|||120|||25|||25|||9
;|||121|||26|||8|||9
;|||122|||26|||13|||9
;|||125|||26|||46|||9
;|||126|||27|||6|||9
;|||129|||27|||45|||9
;|||132|||28|||19|||9
;|||135|||28|||47|||9
;|||136|||28|||65|||9
}|||10|||28|||66|||9
;|||137|||29|||20|||9
;|||140|||29|||39|||9
;|||141|||29|||48|||9
;|||142|||30|||4|||9
;|||143|||30|||23|||9
;|||144|||30|||26|||9
}|||11|||30|||27|||9
;|||145|||31|||8|||9
;|||146|||31|||19|||9
;|||147|||31|||22|||9
}|||12|||31|||23|||9
;|||148|||32|||4|||9
;|||149|||32|||23|||9
;|||150|||32|||27|||9
}|||13|||32|||28|||9
;|||151|||33|||4|||9
;|||152|||33|||23|||9
;|||153|||33|||27|||9
}|||14|||33|||28|||9
;|||154|||34|||8|||9
;|||155|||34|||19|||9
;|||156|||34|||22|||9
}|||15|||34|||23|||9
;|||157|||35|||16|||9
;|||158|||35|||21|||9
;|||159|||35|||45|||9
;|||160|||35|||48|||9
}|||17|||35|||49|||9
;|||161|||36|||8|||9
;|||162|||36|||30|||9
;|||163|||36|||33|||9
}|||18|||36|||34|||9
;|||164|||37|||8|||9
;|||165|||37|||24|||9
;|||166|||37|||27|||9
}|||19|||37|||28|||9
;|||167|||38|||14|||9
;|||168|||38|||33|||9
;|||169|||38|||39|||9
;|||170|||38|||43|||9
;|||171|||38|||47|||9
;|||172|||38|||50|||9
}|||20|||38|||51|||9
;|||173|||39|||8|||9
;|||174|||39|||18|||9
;|||175|||39|||22|||9
}|||21|||39|||23|||9
;|||176|||40|||8|||9
;|||177|||40|||25|||9
;|||178|||40|||29|||9
}|||22|||40|||30|||9
;|||179|||41|||11|||9
;|||180|||41|||36|||9
;|||181|||41|||39|||9
}|||23|||41|||40|||9
;|||182|||42|||11|||9
;|||183|||42|||36|||9
;|||184|||42|||39|||9
}|||24|||42|||40|||9
;|||185|||43|||10|||9
;|||186|||43|||21|||9
;|||187|||43|||27|||9
;|||188|||43|||31|||9
}|||25|||43|||32|||9
;|||189|||44|||12|||9
;|||190|||44|||33|||9
;|||191|||44|||36|||9
}|||26|||44|||37|||9
;|||192|||45|||6|||9
;|||193|||45|||24|||9
;|||194|||45|||40|||9
;|||195|||45|||53|||9
;|||196|||45|||56|||9
}|||27|||45|||57|||9
;|||197|||46|||6|||9
;|||198|||46|||15|||9
;|||199|||46|||48|||9
;|||200|||46|||51|||9
}|||28|||46|||52|||9
;|||201|||47|||12|||9
;|||202|||47|||29|||9
;|||203|||47|||33|||9
}|||29|||47|||34|||9
;|||204|||48|||16|||9
;|||205|||48|||27|||9
;|||206|||48|||30|||9
}|||30|||48|||31|||9
;|||207|||49|||6|||9
;|||208|||49|||11|||9
;|||209|||49|||42|||9
;|||210|||49|||45|||9
}|||31|||49|||46|||9
;|||211|||50|||4|||9
;|||212|||50|||20|||9
;|||213|||50|||56|||9
;|||214|||50|||68|||9
;|||215|||50|||77|||9
}|||32|||50|||78|||9
;|||216|||50|||81|||9
}|||33|||50|||82|||9
;|||217|||50|||85|||9
}|||34|||50|||86|||9
;|||218|||51|||4|||9
;|||219|||51|||26|||9
;|||220|||51|||51|||9
;|||221|||51|||54|||9
}|||35|||51|||55|||9
;|||222|||51|||63|||9
;|||223|||51|||73|||9
;|||224|||51|||80|||9
;|||225|||51|||83|||9
}|||36|||51|||84|||9
;|||226|||52|||4|||9
;|||227|||52|||27|||9
;|||228|||52|||53|||9
;|||229|||52|||56|||9
}|||37|||52|||57|||9
;|||230|||52|||66|||9
;|||231|||52|||69|||9
}|||38|||52|||70|||9
;|||232|||53|||4|||9
;|||233|||53|||20|||9
;|||234|||53|||39|||9
;|||235|||53|||55|||9
;|||236|||53|||58|||9
}|||39|||53|||59|||9
;|||237|||53|||67|||9
;|||238|||53|||70|||9
}|||40|||53|||71|||9
;|||239|||54|||20|||9
;|||240|||54|||35|||9
;|||241|||54|||43|||9
;|||242|||54|||46|||9
}|||41|||54|||47|||9
;|||243|||54|||58|||9
;|||244|||55|||8|||9
;|||245|||55|||21|||9
;|||246|||55|||25|||9
}|||42|||55|||26|||9
;|||247|||56|||8|||9
;|||248|||56|||17|||9
;|||249|||56|||43|||9
;|||250|||56|||46|||9
}|||43|||56|||47|||9
;|||251|||57|||6|||9
;|||252|||57|||11|||9
;|||253|||57|||43|||9
;|||254|||57|||46|||9
}|||44|||57|||47|||9
;|||255|||58|||4|||9
;|||256|||58|||20|||9
;|||257|||58|||41|||9
;|||258|||58|||44|||9
}|||45|||58|||45|||9
;|||259|||58|||63|||9
;|||260|||58|||66|||9
}|||46|||58|||67|||9
;|||261|||59|||20|||9
;|||262|||59|||37|||9
