protected|||1|||0|||0|||3
class|||1|||0|||1|||3
AlgorithmicBase|||1|||0|||2|||3
{|||1|||0|||3|||3
private|||1|||0|||4|||3
public|||1|||1|||0|||3
class|||2|||1|||1|||3
RepeatMechanism|||1|||1|||2|||3
{|||4|||1|||3|||3
public|||2|||1|||4|||3
private|||2|||2|||0|||3
class|||3|||2|||1|||3
NumberRange|||1|||2|||2|||3
{|||7|||2|||3|||3
private|||3|||2|||4|||3
protected|||2|||3|||0|||3
class|||4|||3|||1|||3
LoopProcess|||1|||3|||2|||3
{|||10|||3|||3|||3
protected|||3|||3|||4|||3
public|||3|||4|||0|||3
class|||5|||4|||1|||3
DecisionGate|||1|||4|||2|||3
{|||13|||4|||3|||3
public|||4|||4|||4|||3
private|||4|||5|||0|||3
class|||6|||5|||1|||3
ConditionFail|||1|||5|||2|||3
{|||16|||5|||3|||3
private|||5|||5|||4|||3
protected|||4|||6|||0|||3
class|||7|||6|||1|||3
ArrayModify|||1|||6|||2|||3
{|||19|||6|||3|||3
protected|||5|||6|||4|||3
public|||5|||7|||0|||3
class|||8|||7|||1|||3
DataStore|||1|||7|||2|||3
{|||21|||7|||3|||3
public|||6|||7|||4|||3
private|||6|||8|||0|||3
class|||9|||8|||1|||3
IterateAction|||1|||8|||2|||3
{|||23|||8|||3|||3
private|||7|||8|||4|||3
protected|||6|||9|||0|||3
class|||10|||9|||1|||3
LimitAchieved|||1|||9|||2|||3
{|||26|||9|||3|||3
protected|||7|||9|||4|||3
public|||7|||10|||0|||3
class|||11|||10|||1|||3
StartState|||1|||10|||2|||3
{|||29|||10|||3|||3
public|||8|||10|||4|||3
private|||8|||11|||0|||3
class|||12|||11|||1|||3
InitializeVal|||1|||11|||2|||3
{|||31|||11|||3|||3
private|||9|||11|||4|||3
protected|||8|||12|||0|||3
class|||13|||12|||1|||3
SpanRun|||1|||12|||2|||3
{|||33|||12|||3|||3
protected|||9|||12|||4|||3
public|||9|||13|||0|||3
class|||14|||13|||1|||3
BoundCheck|||1|||13|||2|||3
{|||36|||13|||3|||3
public|||10|||13|||4|||3
private|||10|||14|||0|||3
class|||15|||14|||1|||3
QuickCycle|||1|||14|||2|||3
{|||39|||14|||3|||3
private|||11|||14|||4|||3
protected|||10|||15|||0|||3
class|||16|||15|||1|||3
BriefRepeat|||1|||15|||2|||3
{|||42|||15|||3|||3
protected|||11|||15|||4|||3
public|||11|||16|||0|||3
class|||17|||16|||1|||3
SizeCheck|||1|||16|||2|||3
{|||45|||16|||3|||3
public|||12|||16|||4|||3
private|||12|||17|||0|||3
class|||18|||17|||1|||3
NotSmaller|||1|||17|||2|||3
{|||48|||17|||3|||3
private|||13|||17|||4|||3
protected|||12|||18|||0|||3
class|||19|||18|||1|||3
ScaleValue|||1|||18|||2|||3
{|||51|||18|||3|||3
protected|||13|||18|||4|||3
public|||13|||19|||0|||3
class|||20|||19|||1|||3
ItemScale|||1|||19|||2|||3
{|||54|||19|||3|||3
public|||14|||19|||4|||3
private|||14|||20|||0|||3
class|||21|||20|||1|||3
IncrStep|||1|||20|||2|||3
{|||57|||20|||3|||3
private|||15|||20|||4|||3
protected|||14|||21|||0|||3
class|||22|||21|||1|||3
StepAdvance|||1|||21|||2|||3
{|||60|||21|||3|||3
protected|||15|||21|||4|||3
public|||15|||22|||0|||3
class|||23|||22|||1|||3
OriginZero|||1|||22|||2|||3
{|||63|||22|||3|||3
public|||16|||22|||4|||3
private|||16|||23|||0|||3
class|||24|||23|||1|||3
FirstPos|||1|||23|||2|||3
{|||65|||23|||3|||3
private|||17|||23|||4|||3
static|||1|||0|||5|||2
void|||1|||0|||6|||2
static|||2|||1|||5|||2
void|||2|||1|||6|||2
static|||3|||2|||5|||2
void|||3|||2|||6|||2
static|||4|||3|||5|||2
void|||4|||3|||6|||2
static|||5|||4|||5|||2
void|||5|||4|||6|||2
static|||6|||5|||5|||2
void|||6|||5|||6|||2
static|||7|||6|||5|||2
void|||7|||6|||6|||2
static|||8|||7|||5|||2
void|||8|||7|||6|||2
static|||9|||8|||5|||2
void|||9|||8|||6|||2
static|||10|||9|||5|||2
void|||10|||9|||6|||2
static|||11|||10|||5|||2
void|||11|||10|||6|||2
static|||12|||11|||5|||2
void|||12|||11|||6|||2
static|||13|||12|||5|||2
void|||13|||12|||6|||2
static|||14|||13|||5|||2
void|||14|||13|||6|||2
static|||15|||14|||5|||2
void|||15|||14|||6|||2
static|||16|||15|||5|||2
void|||16|||15|||6|||2
static|||17|||16|||5|||2
void|||17|||16|||6|||2
static|||18|||17|||5|||2
void|||18|||17|||6|||2
static|||19|||18|||5|||2
void|||19|||18|||6|||2
static|||20|||19|||5|||2
void|||20|||19|||6|||2
static|||21|||20|||5|||2
void|||21|||20|||6|||2
static|||22|||21|||5|||2
void|||22|||21|||6|||2
static|||23|||22|||5|||2
void|||23|||22|||6|||2
static|||24|||23|||5|||2
void|||24|||23|||6|||2
main|||1|||0|||7|||0
(|||1|||0|||8|||0
main|||2|||1|||7|||0
(|||4|||1|||8|||0
main|||3|||2|||7|||0
(|||7|||2|||8|||0
main|||4|||3|||7|||0
(|||11|||3|||8|||0
main|||5|||4|||7|||0
(|||14|||4|||8|||0
main|||6|||5|||7|||0
(|||18|||5|||8|||0
main|||7|||6|||7|||0
(|||23|||6|||8|||0
main|||8|||7|||7|||0
(|||26|||7|||8|||0
main|||9|||8|||7|||0
(|||29|||8|||8|||0
main|||10|||9|||7|||0
(|||33|||9|||8|||0
main|||11|||10|||7|||0
(|||37|||10|||8|||0
main|||12|||11|||7|||0
(|||40|||11|||8|||0
main|||13|||12|||7|||0
(|||43|||12|||8|||0
main|||14|||13|||7|||0
(|||46|||13|||8|||0
main|||15|||14|||7|||0
(|||49|||14|||8|||0
main|||16|||15|||7|||0
(|||53|||15|||8|||0
main|||17|||16|||7|||0
(|||57|||16|||8|||0
main|||18|||17|||7|||0
(|||60|||17|||8|||0
main|||19|||18|||7|||0
(|||63|||18|||8|||0
main|||20|||19|||7|||0
(|||65|||19|||8|||0
main|||21|||20|||7|||0
(|||67|||20|||8|||0
main|||22|||21|||7|||0
(|||71|||21|||8|||0
main|||23|||22|||7|||0
(|||75|||22|||8|||0
main|||24|||23|||7|||0
(|||78|||23|||8|||0
String|||1|||0|||9|||1
[|||1|||0|||10|||1
]|||1|||0|||11|||1
programArgs|||1|||0|||12|||1
String|||2|||1|||9|||1
[|||2|||1|||10|||1
]|||2|||1|||11|||1
args|||1|||1|||12|||1
String|||3|||2|||9|||1
[|||3|||2|||10|||1
]|||3|||2|||11|||1
args|||2|||2|||12|||1
String|||4|||3|||9|||1
[|||4|||3|||10|||1
]|||4|||3|||11|||1
args|||3|||3|||12|||1
String|||5|||4|||9|||1
[|||5|||4|||10|||1
]|||5|||4|||11|||1
args|||4|||4|||12|||1
String|||6|||5|||9|||1
[|||6|||5|||10|||1
]|||6|||5|||11|||1
args|||5|||5|||12|||1
String|||7|||6|||9|||1
[|||7|||6|||10|||1
]|||7|||6|||11|||1
args|||6|||6|||12|||1
String|||8|||7|||9|||1
[|||13|||7|||10|||1
]|||13|||7|||11|||1
args|||7|||7|||12|||1
String|||9|||8|||9|||1
[|||18|||8|||10|||1
]|||18|||8|||11|||1
args|||8|||8|||12|||1
String|||10|||9|||9|||1
[|||19|||9|||10|||1
]|||19|||9|||11|||1
args|||9|||9|||12|||1
String|||11|||10|||9|||1
[|||20|||10|||10|||1
]|||20|||10|||11|||1
args|||10|||10|||12|||1
String|||12|||11|||9|||1
[|||21|||11|||10|||1
]|||21|||11|||11|||1
args|||11|||11|||12|||1
String|||13|||12|||9|||1
[|||22|||12|||10|||1
]|||22|||12|||11|||1
args|||12|||12|||12|||1
String|||14|||13|||9|||1
[|||23|||13|||10|||1
]|||23|||13|||11|||1
args|||13|||13|||12|||1
String|||15|||14|||9|||1
[|||24|||14|||10|||1
]|||24|||14|||11|||1
args|||14|||14|||12|||1
String|||16|||15|||9|||1
[|||25|||15|||10|||1
]|||25|||15|||11|||1
args|||15|||15|||12|||1
String|||17|||16|||9|||1
[|||26|||16|||10|||1
]|||26|||16|||11|||1
args|||16|||16|||12|||1
String|||18|||17|||9|||1
[|||27|||17|||10|||1
]|||27|||17|||11|||1
args|||17|||17|||12|||1
String|||19|||18|||9|||1
[|||28|||18|||10|||1
]|||28|||18|||11|||1
args|||18|||18|||12|||1
String|||20|||19|||9|||1
[|||33|||19|||10|||1
]|||33|||19|||11|||1
args|||19|||19|||12|||1
String|||21|||20|||9|||1
[|||37|||20|||10|||1
]|||37|||20|||11|||1
args|||20|||20|||12|||1
String|||22|||21|||9|||1
[|||38|||21|||10|||1
]|||38|||21|||11|||1
args|||21|||21|||12|||1
String|||23|||22|||9|||1
[|||39|||22|||10|||1
]|||39|||22|||11|||1
args|||22|||22|||12|||1
String|||24|||23|||9|||1
[|||40|||23|||10|||1
]|||40|||23|||11|||1
args|||23|||23|||12|||1
)|||1|||0|||13|||9
{|||2|||0|||14|||9
;|||1|||0|||19|||9
)|||2|||0|||33|||9
{|||3|||0|||34|||9
)|||3|||0|||42|||9
;|||4|||0|||43|||9
)|||4|||1|||13|||9
{|||5|||1|||14|||9
;|||5|||1|||19|||9
)|||5|||1|||33|||9
{|||6|||1|||34|||9
)|||6|||1|||42|||9
;|||8|||1|||43|||9
)|||7|||2|||13|||9
{|||8|||2|||14|||9
;|||9|||2|||19|||9
)|||8|||2|||25|||9
{|||9|||2|||26|||9
)|||10|||2|||37|||9
;|||10|||2|||38|||9
;|||11|||2|||41|||9
)|||11|||3|||13|||9
{|||11|||3|||14|||9
;|||12|||3|||19|||9
)|||12|||3|||25|||9
{|||12|||3|||26|||9
)|||13|||3|||34|||9
;|||13|||3|||35|||9
;|||14|||3|||38|||9
)|||14|||4|||13|||9
{|||14|||4|||14|||9
;|||15|||4|||19|||9
;|||16|||4|||24|||9
)|||16|||4|||33|||9
{|||15|||4|||34|||9
)|||17|||4|||42|||9
;|||17|||4|||43|||9
)|||18|||5|||13|||9
{|||17|||5|||14|||9
;|||18|||5|||19|||9
;|||19|||5|||24|||9
)|||19|||5|||32|||9
)|||20|||5|||33|||9
{|||18|||5|||34|||9
)|||22|||5|||45|||9
;|||20|||5|||46|||9
)|||23|||6|||13|||9
{|||20|||6|||14|||9
;|||21|||6|||25|||9
;|||22|||6|||40|||9
)|||25|||6|||51|||9
;|||23|||6|||52|||9
)|||26|||7|||13|||9
{|||22|||7|||14|||9
;|||24|||7|||25|||9
;|||25|||7|||35|||9
)|||28|||7|||46|||9
;|||26|||7|||47|||9
)|||29|||8|||13|||9
{|||24|||8|||14|||9
;|||27|||8|||17|||9
)|||30|||8|||30|||9
{|||25|||8|||31|||9
)|||32|||8|||42|||9
;|||30|||8|||43|||9
)|||33|||9|||13|||9
{|||27|||9|||14|||9
;|||31|||9|||19|||9
)|||34|||9|||25|||9
{|||28|||9|||26|||9
)|||36|||9|||37|||9
;|||32|||9|||38|||9
;|||33|||9|||41|||9
)|||37|||10|||13|||9
{|||30|||10|||14|||9
;|||34|||10|||19|||9
)|||39|||10|||30|||9
;|||35|||10|||31|||9
)|||40|||11|||13|||9
{|||32|||11|||14|||9
;|||36|||11|||19|||9
)|||42|||11|||30|||9
;|||37|||11|||31|||9
)|||43|||12|||13|||9
{|||34|||12|||14|||9
;|||38|||12|||19|||9
)|||44|||12|||33|||9
{|||35|||12|||34|||9
)|||45|||12|||42|||9
;|||41|||12|||43|||9
)|||46|||13|||13|||9
{|||37|||13|||14|||9
;|||42|||13|||19|||9
)|||47|||13|||33|||9
{|||38|||13|||34|||9
)|||48|||13|||42|||9
;|||45|||13|||43|||9
)|||49|||14|||13|||9
{|||40|||14|||14|||9
;|||46|||14|||17|||9
)|||50|||14|||30|||9
{|||41|||14|||31|||9
)|||52|||14|||42|||9
;|||49|||14|||43|||9
)|||53|||15|||13|||9
{|||43|||15|||14|||9
;|||50|||15|||19|||9
)|||54|||15|||25|||9
{|||44|||15|||26|||9
)|||56|||15|||37|||9
;|||51|||15|||38|||9
;|||52|||15|||41|||9
)|||57|||16|||13|||9
{|||46|||16|||14|||9
;|||53|||16|||19|||9
;|||54|||16|||24|||9
)|||58|||16|||30|||9
{|||47|||16|||31|||9
)|||59|||16|||43|||9
;|||55|||16|||44|||9
)|||60|||17|||13|||9
{|||49|||17|||14|||9
;|||56|||17|||19|||9
;|||57|||17|||24|||9
)|||61|||17|||32|||9
{|||50|||17|||33|||9
)|||62|||17|||45|||9
;|||58|||17|||46|||9
)|||63|||18|||13|||9
{|||52|||18|||14|||9
;|||59|||18|||31|||9
;|||60|||18|||43|||9
)|||64|||18|||54|||9
;|||61|||18|||55|||9
)|||65|||19|||13|||9
{|||55|||19|||14|||9
;|||62|||19|||31|||9
;|||63|||19|||38|||9
)|||66|||19|||49|||9
;|||64|||19|||50|||9
)|||67|||20|||13|||9
{|||58|||20|||14|||9
;|||65|||20|||17|||9
)|||68|||20|||30|||9
{|||59|||20|||31|||9
)|||70|||20|||42|||9
;|||68|||20|||43|||9
)|||71|||21|||13|||9
{|||61|||21|||14|||9
;|||69|||21|||17|||9
)|||72|||21|||30|||9
{|||62|||21|||31|||9
)|||74|||21|||42|||9
;|||72|||21|||43|||9
)|||75|||22|||13|||9
{|||64|||22|||14|||9
;|||73|||22|||19|||9
)|||77|||22|||30|||9
;|||74|||22|||31|||9
)|||78|||23|||13|||9
{|||66|||23|||14|||9
;|||75|||23|||19|||9
)|||80|||23|||30|||9
;|||76|||23|||31|||9
float|||1|||0|||15|||5
int|||1|||0|||22|||5
float|||2|||1|||15|||5
int|||2|||1|||22|||5
float|||3|||2|||15|||5
int|||3|||2|||34|||5
float|||4|||3|||15|||5
int|||4|||4|||15|||5
int|||5|||4|||20|||5
float|||5|||4|||30|||5
float|||6|||5|||15|||5
float|||7|||5|||20|||5
int|||6|||5|||42|||5
int|||7|||6|||15|||5
int|||8|||6|||21|||5
int|||9|||6|||37|||5
int|||10|||7|||15|||5
int|||11|||7|||21|||5
int|||12|||7|||32|||5
float|||8|||8|||15|||5
int|||13|||8|||39|||5
float|||9|||9|||15|||5
int|||14|||9|||34|||5
float|||10|||10|||15|||5
int|||15|||10|||27|||5
float|||11|||11|||15|||5
int|||16|||11|||27|||5
int|||17|||12|||15|||5
int|||18|||12|||22|||5
int|||19|||13|||15|||5
int|||20|||13|||22|||5
float|||12|||14|||15|||5
int|||21|||14|||39|||5
float|||13|||15|||15|||5
int|||22|||15|||34|||5
float|||14|||16|||15|||5
float|||15|||16|||20|||5
float|||16|||17|||15|||5
float|||17|||17|||20|||5
int|||23|||18|||15|||5
int|||24|||19|||15|||5
float|||18|||20|||15|||5
int|||25|||20|||39|||5
float|||19|||21|||15|||5
int|||26|||21|||39|||5
float|||20|||22|||15|||5
int|||27|||22|||27|||5
float|||21|||23|||15|||5
int|||28|||23|||27|||5
totalElements|||1|||0|||16|||4
10|||1|||0|||18|||4
counter|||1|||0|||23|||4
counter|||2|||0|||27|||4
totalElements|||2|||0|||29|||4
counter|||3|||0|||31|||4
counter|||4|||0|||41|||4
itemsToRepeat|||1|||1|||16|||4
10|||2|||1|||18|||4
index|||1|||1|||23|||4
index|||2|||1|||27|||4
itemsToRepeat|||2|||1|||29|||4
index|||3|||1|||31|||4
index|||4|||1|||41|||4
iVal|||1|||2|||16|||4
iVal|||2|||2|||22|||4
10|||3|||2|||24|||4
iVal|||3|||2|||36|||4
iVal|||4|||2|||39|||4
iterator|||1|||3|||16|||4
iterator|||2|||3|||22|||4
10|||4|||3|||24|||4
iterator|||3|||3|||33|||4
iterator|||4|||3|||36|||4
currentIdx|||1|||4|||16|||4
5|||1|||4|||18|||4
maxValue|||1|||4|||21|||4
10|||5|||4|||23|||4
currentIdx|||2|||4|||27|||4
maxValue|||2|||4|||32|||4
currentIdx|||3|||4|||41|||4
checkIdx|||1|||5|||16|||4
5|||2|||5|||18|||4
upperLim|||1|||5|||21|||4
10|||6|||5|||23|||4
checkIdx|||2|||5|||29|||4
upperLim|||2|||5|||31|||4
checkIdx|||3|||5|||44|||4
dataPoints|||1|||6|||18|||4
5|||3|||6|||23|||4
dataPoints|||2|||6|||26|||4
dataPoints|||3|||6|||31|||4
dataPoints|||4|||6|||47|||4
container|||1|||7|||18|||4
5|||4|||7|||23|||4
container|||2|||7|||26|||4
container|||3|||7|||42|||4
kVal|||1|||8|||16|||4
kVal|||2|||8|||20|||4
kVal|||3|||8|||24|||4
5|||5|||8|||26|||4
kVal|||4|||8|||28|||4
kVal|||5|||8|||41|||4
limiter|||1|||9|||16|||4
limiter|||2|||9|||22|||4
5|||6|||9|||24|||4
limiter|||3|||9|||36|||4
limiter|||4|||9|||39|||4
initialValue|||1|||10|||16|||4
initialValue|||2|||10|||29|||4
identifier|||1|||11|||16|||4
1|||1|||11|||18|||4
identifier|||2|||11|||29|||4
limit|||1|||12|||16|||4
10|||7|||12|||18|||4
counterInner|||1|||12|||23|||4
counterInner|||2|||12|||27|||4
limit|||2|||12|||29|||4
counterInner|||3|||12|||31|||4
counterInner|||4|||12|||41|||4
topRange|||1|||13|||16|||4
10|||8|||13|||18|||4
walker|||1|||13|||23|||4
walker|||2|||13|||27|||4
topRange|||2|||13|||29|||4
walker|||3|||13|||31|||4
walker|||4|||13|||41|||4
loopCount|||1|||14|||16|||4
loopCount|||2|||14|||20|||4
loopCount|||3|||14|||24|||4
5|||7|||14|||26|||4
loopCount|||4|||14|||28|||4
loopCount|||5|||14|||41|||4
cycleVal|||1|||15|||16|||4
cycleVal|||2|||15|||22|||4
5|||8|||15|||24|||4
cycleVal|||3|||15|||36|||4
cycleVal|||4|||15|||39|||4
lengthVal|||1|||16|||16|||4
7|||1|||16|||18|||4
widthVal|||1|||16|||21|||4
10|||9|||16|||23|||4
lengthVal|||2|||16|||27|||4
widthVal|||2|||16|||29|||4
leftSide|||1|||17|||16|||4
7|||2|||17|||18|||4
rightSide|||1|||17|||21|||4
10|||10|||17|||23|||4
leftSide|||2|||17|||27|||4
rightSide|||2|||17|||29|||4
valueSet|||1|||18|||18|||4
1|||2|||18|||21|||4
2|||1|||18|||23|||4
3|||1|||18|||25|||4
4|||1|||18|||27|||4
5|||9|||18|||29|||4
valueSet|||2|||18|||32|||4
2|||2|||18|||34|||4
valueSet|||3|||18|||37|||4
2|||3|||18|||39|||4
2|||4|||18|||42|||4
valueSet|||4|||18|||50|||4
2|||5|||18|||52|||4
numberList|||1|||19|||18|||4
1|||3|||19|||21|||4
2|||6|||19|||23|||4
3|||2|||19|||25|||4
4|||2|||19|||27|||4
5|||10|||19|||29|||4
numberList|||2|||19|||32|||4
2|||7|||19|||34|||4
2|||8|||19|||37|||4
numberList|||3|||19|||45|||4
2|||9|||19|||47|||4
indexLoop|||1|||20|||16|||4
indexLoop|||2|||20|||20|||4
1|||4|||20|||22|||4
indexLoop|||3|||20|||24|||4
4|||3|||20|||26|||4
indexLoop|||4|||20|||28|||4
indexLoop|||5|||20|||41|||4
countIndex|||1|||21|||16|||4
countIndex|||2|||21|||20|||4
1|||5|||21|||22|||4
countIndex|||3|||21|||24|||4
4|||4|||21|||26|||4
countIndex|||4|||21|||28|||4
countIndex|||5|||21|||41|||4
zero|||1|||22|||16|||4
zero|||2|||22|||29|||4
startVal|||1|||23|||16|||4
1|||6|||23|||18|||4
startVal|||2|||23|||29|||4
=|||1|||0|||17|||6
for|||1|||0|||20|||6
(|||2|||0|||21|||6
=|||2|||0|||24|||6
0|||1|||0|||25|||6
;|||2|||0|||26|||6
<|||1|||0|||28|||6
;|||3|||0|||30|||6
++|||1|||0|||32|||6
(|||3|||0|||40|||6
=|||3|||1|||17|||6
for|||2|||1|||20|||6
(|||5|||1|||21|||6
=|||4|||1|||24|||6
0|||2|||1|||25|||6
;|||6|||1|||26|||6
<|||2|||1|||28|||6
;|||7|||1|||30|||6
++|||2|||1|||32|||6
(|||6|||1|||40|||6
=|||5|||2|||17|||6
0|||3|||2|||18|||6
while|||1|||2|||20|||6
(|||8|||2|||21|||6
<|||3|||2|||23|||6
(|||9|||2|||32|||6
(|||10|||2|||33|||6
)|||9|||2|||35|||6
++|||3|||2|||40|||6
=|||6|||3|||17|||6
0|||4|||3|||18|||6
while|||2|||3|||20|||6
(|||12|||3|||21|||6
<|||4|||3|||23|||6
(|||13|||3|||32|||6
++|||4|||3|||37|||6
=|||7|||4|||17|||6
=|||8|||4|||22|||6
if|||1|||4|||25|||6
(|||15|||4|||26|||6
<|||5|||4|||28|||6
(|||16|||4|||29|||6
)|||15|||4|||31|||6
(|||17|||4|||40|||6
=|||9|||5|||17|||6
=|||10|||5|||22|||6
if|||2|||5|||25|||6
(|||19|||5|||26|||6
!|||1|||5|||27|||6
(|||20|||5|||28|||6
>=|||1|||5|||30|||6
(|||21|||5|||40|||6
(|||22|||5|||41|||6
)|||21|||5|||43|||6
[|||8|||6|||16|||6
]|||8|||6|||17|||6
=|||11|||6|||19|||6
new|||1|||6|||20|||6
[|||9|||6|||22|||6
]|||9|||6|||24|||6
[|||10|||6|||27|||6
0|||5|||6|||28|||6
]|||10|||6|||29|||6
=|||12|||6|||30|||6
[|||11|||6|||32|||6
0|||6|||6|||33|||6
]|||11|||6|||34|||6
+|||1|||6|||35|||6
(|||24|||6|||36|||6
)|||24|||6|||38|||6
100.0f|||1|||6|||39|||6
(|||25|||6|||46|||6
[|||12|||6|||48|||6
0|||7|||6|||49|||6
]|||12|||6|||50|||6
[|||14|||7|||16|||6
]|||14|||7|||17|||6
=|||13|||7|||19|||6
new|||2|||7|||20|||6
[|||15|||7|||22|||6
]|||15|||7|||24|||6
[|||16|||7|||27|||6
0|||8|||7|||28|||6
]|||16|||7|||29|||6
+=|||1|||7|||30|||6
(|||27|||7|||31|||6
)|||27|||7|||33|||6
100.0f|||2|||7|||34|||6
(|||28|||7|||41|||6
[|||17|||7|||43|||6
0|||9|||7|||44|||6
]|||17|||7|||45|||6
for|||3|||8|||18|||6
(|||30|||8|||19|||6
=|||14|||8|||21|||6
0|||10|||8|||22|||6
;|||28|||8|||23|||6
<|||6|||8|||25|||6
;|||29|||8|||27|||6
++|||5|||8|||29|||6
(|||31|||8|||37|||6
(|||32|||8|||38|||6
)|||31|||8|||40|||6
=|||15|||9|||17|||6
0|||11|||9|||18|||6
while|||3|||9|||20|||6
(|||34|||9|||21|||6
<=|||1|||9|||23|||6
(|||35|||9|||32|||6
(|||36|||9|||33|||6
)|||35|||9|||35|||6
++|||6|||9|||40|||6
=|||16|||10|||17|||6
0|||12|||10|||18|||6
(|||38|||10|||25|||6
(|||39|||10|||26|||6
)|||38|||10|||28|||6
=|||17|||11|||17|||6
(|||41|||11|||25|||6
(|||42|||11|||26|||6
)|||41|||11|||28|||6
=|||18|||12|||17|||6
for|||4|||12|||20|||6
(|||44|||12|||21|||6
=|||19|||12|||24|||6
0|||13|||12|||25|||6
;|||39|||12|||26|||6
<|||7|||12|||28|||6
;|||40|||12|||30|||6
++|||7|||12|||32|||6
(|||45|||12|||40|||6
=|||20|||13|||17|||6
for|||5|||13|||20|||6
(|||47|||13|||21|||6
=|||21|||13|||24|||6
0|||14|||13|||25|||6
;|||43|||13|||26|||6
<|||8|||13|||28|||6
;|||44|||13|||30|||6
++|||8|||13|||32|||6
(|||48|||13|||40|||6
for|||6|||14|||18|||6
(|||50|||14|||19|||6
=|||22|||14|||21|||6
0|||15|||14|||22|||6
;|||47|||14|||23|||6
<|||9|||14|||25|||6
;|||48|||14|||27|||6
++|||9|||14|||29|||6
(|||51|||14|||37|||6
(|||52|||14|||38|||6
)|||51|||14|||40|||6
=|||23|||15|||17|||6
0|||16|||15|||18|||6
while|||4|||15|||20|||6
(|||54|||15|||21|||6
<|||10|||15|||23|||6
(|||55|||15|||32|||6
(|||56|||15|||33|||6
)|||55|||15|||35|||6
++|||10|||15|||40|||6
=|||24|||16|||17|||6
=|||25|||16|||22|||6
if|||3|||16|||25|||6
(|||58|||16|||26|||6
>|||1|||16|||28|||6
(|||59|||16|||37|||6
"|||1|||16|||38|||6
x|||1|||16|||39|||6
is|||1|||16|||40|||6
greater|||1|||16|||41|||6
"|||2|||16|||42|||6
=|||26|||17|||17|||6
=|||27|||17|||22|||6
if|||4|||17|||25|||6
(|||61|||17|||26|||6
<=|||2|||17|||28|||6
==|||1|||17|||30|||6
false|||1|||17|||31|||6
(|||62|||17|||39|||6
"|||3|||17|||40|||6
x|||2|||17|||41|||6
is|||2|||17|||42|||6
greater|||2|||17|||43|||6
"|||4|||17|||44|||6
[|||29|||18|||16|||6
]|||29|||18|||17|||6
=|||28|||18|||19|||6
{|||53|||18|||20|||6
,|||1|||18|||22|||6
,|||2|||18|||24|||6
,|||3|||18|||26|||6
,|||4|||18|||28|||6
}|||51|||18|||30|||6
[|||30|||18|||33|||6
]|||30|||18|||35|||6
=|||29|||18|||36|||6
[|||31|||18|||38|||6
]|||31|||18|||40|||6
*|||1|||18|||41|||6
(|||64|||18|||49|||6
[|||32|||18|||51|||6
]|||32|||18|||53|||6
[|||34|||19|||16|||6
]|||34|||19|||17|||6
=|||30|||19|||19|||6
{|||56|||19|||20|||6
,|||5|||19|||22|||6
,|||6|||19|||24|||6
,|||7|||19|||26|||6
,|||8|||19|||28|||6
}|||54|||19|||30|||6
[|||35|||19|||33|||6
]|||35|||19|||35|||6
*=|||1|||19|||36|||6
(|||66|||19|||44|||6
[|||36|||19|||46|||6
]|||36|||19|||48|||6
for|||7|||20|||18|||6
(|||68|||20|||19|||6
=|||31|||20|||21|||6
;|||66|||20|||23|||6
<|||11|||20|||25|||6
;|||67|||20|||27|||6
++|||11|||20|||29|||6
(|||69|||20|||37|||6
(|||70|||20|||38|||6
)|||69|||20|||40|||6
for|||8|||21|||18|||6
(|||72|||21|||19|||6
=|||32|||21|||21|||6
;|||70|||21|||23|||6
<=|||3|||21|||25|||6
;|||71|||21|||27|||6
++|||12|||21|||29|||6
(|||73|||21|||37|||6
(|||74|||21|||38|||6
)|||73|||21|||40|||6
=|||33|||22|||17|||6
0|||17|||22|||18|||6
(|||76|||22|||25|||6
(|||77|||22|||26|||6
)|||76|||22|||28|||6
=|||34|||23|||17|||6
(|||79|||23|||25|||6
(|||80|||23|||26|||6
)|||79|||23|||28|||6
System|||1|||0|||35|||7
.|||1|||0|||36|||7
out|||1|||0|||37|||7
.|||2|||0|||38|||7
println|||1|||0|||39|||7
System|||2|||1|||35|||7
.|||3|||1|||36|||7
out|||2|||1|||37|||7
.|||4|||1|||38|||7
println|||2|||1|||39|||7
System|||3|||2|||27|||7
.|||5|||2|||28|||7
out|||3|||2|||29|||7
.|||6|||2|||30|||7
println|||3|||2|||31|||7
System|||4|||3|||27|||7
.|||7|||3|||28|||7
out|||4|||3|||29|||7
.|||8|||3|||30|||7
println|||4|||3|||31|||7
System|||5|||4|||35|||7
.|||9|||4|||36|||7
out|||5|||4|||37|||7
.|||10|||4|||38|||7
println|||5|||4|||39|||7
System|||6|||5|||35|||7
.|||11|||5|||36|||7
out|||6|||5|||37|||7
.|||12|||5|||38|||7
println|||6|||5|||39|||7
System|||7|||6|||41|||7
.|||13|||6|||42|||7
out|||7|||6|||43|||7
.|||14|||6|||44|||7
println|||7|||6|||45|||7
System|||8|||7|||36|||7
.|||15|||7|||37|||7
out|||8|||7|||38|||7
.|||16|||7|||39|||7
println|||8|||7|||40|||7
System|||9|||8|||32|||7
.|||17|||8|||33|||7
out|||9|||8|||34|||7
.|||18|||8|||35|||7
println|||9|||8|||36|||7
System|||10|||9|||27|||7
.|||19|||9|||28|||7
out|||10|||9|||29|||7
.|||20|||9|||30|||7
println|||10|||9|||31|||7
System|||11|||10|||20|||7
.|||21|||10|||21|||7
out|||11|||10|||22|||7
.|||22|||10|||23|||7
println|||11|||10|||24|||7
System|||12|||11|||20|||7
.|||23|||11|||21|||7
out|||12|||11|||22|||7
.|||24|||11|||23|||7
println|||12|||11|||24|||7
System|||13|||12|||35|||7
.|||25|||12|||36|||7
out|||13|||12|||37|||7
.|||26|||12|||38|||7
println|||13|||12|||39|||7
System|||14|||13|||35|||7
.|||27|||13|||36|||7
out|||14|||13|||37|||7
.|||28|||13|||38|||7
println|||14|||13|||39|||7
System|||15|||14|||32|||7
.|||29|||14|||33|||7
out|||15|||14|||34|||7
.|||30|||14|||35|||7
println|||15|||14|||36|||7
System|||16|||15|||27|||7
.|||31|||15|||28|||7
out|||16|||15|||29|||7
.|||32|||15|||30|||7
println|||16|||15|||31|||7
System|||17|||16|||32|||7
.|||33|||16|||33|||7
out|||17|||16|||34|||7
.|||34|||16|||35|||7
println|||17|||16|||36|||7
System|||18|||17|||34|||7
.|||35|||17|||35|||7
out|||18|||17|||36|||7
.|||36|||17|||37|||7
println|||18|||17|||38|||7
System|||19|||18|||44|||7
.|||37|||18|||45|||7
out|||19|||18|||46|||7
.|||38|||18|||47|||7
println|||19|||18|||48|||7
System|||20|||19|||39|||7
.|||39|||19|||40|||7
out|||20|||19|||41|||7
.|||40|||19|||42|||7
println|||20|||19|||43|||7
System|||21|||20|||32|||7
.|||41|||20|||33|||7
out|||21|||20|||34|||7
.|||42|||20|||35|||7
println|||21|||20|||36|||7
System|||22|||21|||32|||7
.|||43|||21|||33|||7
out|||22|||21|||34|||7
.|||44|||21|||35|||7
println|||22|||21|||36|||7
System|||23|||22|||20|||7
.|||45|||22|||21|||7
out|||23|||22|||22|||7
.|||46|||22|||23|||7
println|||23|||22|||24|||7
System|||24|||23|||20|||7
.|||47|||23|||21|||7
out|||24|||23|||22|||7
.|||48|||23|||23|||7
println|||24|||23|||24|||7
}|||1|||0|||44|||8
}|||2|||0|||45|||8
}|||3|||0|||46|||8
}|||4|||1|||44|||8
}|||5|||1|||45|||8
}|||6|||1|||46|||8
}|||7|||2|||42|||8
}|||8|||2|||43|||8
}|||9|||2|||44|||8
}|||10|||3|||39|||8
}|||11|||3|||40|||8
}|||12|||3|||41|||8
}|||13|||4|||44|||8
}|||14|||4|||45|||8
}|||15|||4|||46|||8
}|||16|||5|||47|||8
}|||17|||5|||48|||8
}|||18|||5|||49|||8
}|||19|||6|||53|||8
}|||20|||6|||54|||8
}|||21|||7|||48|||8
}|||22|||7|||49|||8
}|||23|||8|||44|||8
}|||24|||8|||45|||8
}|||25|||8|||46|||8
}|||26|||9|||42|||8
}|||27|||9|||43|||8
}|||28|||9|||44|||8
}|||29|||10|||32|||8
}|||30|||10|||33|||8
}|||31|||11|||32|||8
}|||32|||11|||33|||8
}|||33|||12|||44|||8
}|||34|||12|||45|||8
}|||35|||12|||46|||8
}|||36|||13|||44|||8
}|||37|||13|||45|||8
}|||38|||13|||46|||8
}|||39|||14|||44|||8
}|||40|||14|||45|||8
}|||41|||14|||46|||8
}|||42|||15|||42|||8
}|||43|||15|||43|||8
}|||44|||15|||44|||8
}|||45|||16|||45|||8
}|||46|||16|||46|||8
}|||47|||16|||47|||8
}|||48|||17|||47|||8
}|||49|||17|||48|||8
}|||50|||17|||49|||8
}|||52|||18|||56|||8
}|||53|||18|||57|||8
}|||55|||19|||51|||8
}|||56|||19|||52|||8
}|||57|||20|||44|||8
}|||58|||20|||45|||8
}|||59|||20|||46|||8
}|||60|||21|||44|||8
}|||61|||21|||45|||8
}|||62|||21|||46|||8
}|||63|||22|||32|||8
}|||64|||22|||33|||8
}|||65|||23|||32|||8
}|||66|||23|||33|||8
