int|||1|||0|||2|||0
1|||1|||0|||5|||0
5|||1|||0|||9|||0
int|||2|||1|||0|||0
0|||1|||1|||3|||0
int|||3|||1|||7|||0
1|||2|||1|||10|||0
5|||2|||1|||14|||0
int|||4|||2|||2|||0
2|||1|||2|||5|||0
10|||1|||2|||9|||0
2|||2|||2|||13|||0
int|||5|||3|||2|||0
1|||3|||3|||5|||0
10|||2|||3|||9|||0
2|||3|||3|||13|||0
int|||6|||4|||0|||0
1|||4|||4|||3|||0
int|||7|||4|||7|||0
1|||5|||4|||10|||0
5|||3|||4|||14|||0
int|||8|||5|||0|||0
1|||6|||5|||6|||0
2|||4|||5|||8|||0
3|||1|||5|||10|||0
4|||1|||5|||12|||0
5|||4|||5|||14|||0
int|||9|||5|||19|||0
0|||2|||5|||22|||0
length|||1|||5|||28|||0
int|||10|||6|||2|||0
length|||2|||6|||7|||0
1|||7|||6|||9|||0
0|||3|||6|||13|||0
int|||11|||7|||0|||0
0|||4|||7|||3|||0
int|||12|||7|||7|||0
0|||5|||7|||10|||0
length|||3|||7|||16|||0
int|||13|||8|||0|||0
0|||6|||8|||3|||0
1|||8|||8|||7|||0
int|||14|||8|||13|||0
0|||7|||8|||16|||0
5|||5|||8|||20|||0
int|||15|||9|||0|||0
12345|||1|||9|||3|||0
0|||8|||9|||7|||0
0|||9|||9|||14|||0
10|||3|||9|||18|||0
int|||16|||10|||0|||0
0|||10|||10|||3|||0
1234|||1|||10|||7|||0
0|||11|||10|||14|||0
10|||4|||10|||18|||0
10|||5|||10|||24|||0
10|||6|||10|||28|||0
int|||17|||11|||0|||0
0|||12|||11|||5|||0
int|||18|||11|||10|||0
1|||9|||11|||13|||0
length|||4|||11|||19|||0
int|||19|||12|||0|||0
0|||13|||12|||5|||0
int|||20|||12|||10|||0
1|||10|||12|||13|||0
length|||5|||12|||19|||0
int|||21|||13|||0|||0
24|||1|||13|||3|||0
36|||1|||13|||7|||0
int|||22|||13|||11|||0
0|||14|||13|||16|||0
int|||23|||14|||0|||0
17|||1|||14|||3|||0
1|||11|||14|||7|||0
int|||24|||14|||11|||0
2|||5|||14|||14|||0
2|||6|||14|||20|||0
0|||15|||14|||31|||0
0|||16|||14|||35|||0
int|||25|||15|||2|||0
0|||17|||15|||5|||0
length|||6|||15|||13|||0
2|||7|||15|||15|||0
length|||7|||15|||37|||0
1|||12|||15|||41|||0
length|||8|||15|||48|||0
1|||13|||15|||52|||0
String|||1|||16|||0|||0
int|||26|||16|||7|||0
0|||18|||16|||10|||0
int|||27|||16|||14|||0
0|||19|||16|||17|||0
length|||9|||16|||23|||0
-|||6|||16|||46|||0
1|||14|||16|||47|||0
int|||28|||17|||0|||0
121|||1|||17|||3|||0
0|||20|||17|||7|||0
0|||21|||17|||18|||0
10|||7|||17|||22|||0
10|||8|||17|||28|||0
10|||9|||17|||32|||0
int|||29|||18|||0|||0
2|||8|||18|||3|||0
3|||2|||18|||7|||0
1|||15|||18|||11|||0
int|||30|||18|||15|||0
0|||22|||18|||18|||0
String|||2|||19|||0|||0
int|||31|||19|||9|||0
0|||23|||19|||12|||0
length|||10|||19|||18|||0
int|||32|||19|||32|||0
int|||33|||20|||2|||0
0|||24|||20|||5|||0
length|||11|||20|||11|||0
1|||16|||20|||13|||0
int|||34|||20|||20|||0
0|||25|||20|||23|||0
length|||12|||20|||29|||0
1|||17|||20|||33|||0
1|||18|||20|||49|||0
int|||35|||20|||53|||0
1|||19|||20|||70|||0
1|||20|||20|||77|||0
int|||36|||21|||2|||0
0|||26|||21|||5|||0
length|||13|||21|||11|||0
1|||21|||21|||13|||0
int|||37|||21|||19|||0
int|||38|||21|||26|||0
1|||22|||21|||31|||0
length|||14|||21|||37|||0
int|||39|||21|||58|||0
int|||40|||22|||2|||0
1|||23|||22|||5|||0
length|||15|||22|||11|||0
int|||41|||22|||17|||0
1|||24|||22|||29|||0
0|||27|||22|||35|||0
1|||25|||22|||48|||0
1|||26|||22|||61|||0
int|||42|||23|||2|||0
0|||28|||23|||5|||0
5|||6|||23|||9|||0
int|||43|||23|||15|||0
1|||27|||23|||18|||0
int|||44|||23|||22|||0
0|||29|||23|||25|||0
1|||28|||23|||60|||0
int|||45|||24|||0|||0
5|||7|||24|||3|||0
2|||9|||24|||7|||0
1|||29|||24|||11|||0
1|||30|||24|||15|||0
int|||46|||24|||19|||0
0|||30|||24|||22|||0
1|||31|||24|||45|||0
int|||47|||25|||0|||0
123|||1|||25|||3|||0
0|||31|||25|||7|||0
0|||32|||25|||14|||0
10|||10|||25|||18|||0
10|||11|||25|||24|||0
String|||3|||26|||0|||0
int|||48|||26|||9|||0
1|||32|||26|||12|||0
int|||49|||26|||16|||0
0|||33|||26|||19|||0
length|||16|||26|||25|||0
String|||4|||27|||0|||0
int|||50|||27|||9|||0
0|||34|||27|||12|||0
length|||17|||27|||18|||0
char|||1|||27|||32|||0
32|||1|||27|||42|||0
int|||51|||28|||2|||0
2|||10|||28|||5|||0
50|||1|||28|||9|||0
int|||52|||28|||15|||0
1|||33|||28|||18|||0
int|||53|||28|||22|||0
2|||11|||28|||25|||0
2|||12|||28|||31|||0
0|||35|||28|||42|||0
0|||36|||28|||46|||0
1|||34|||28|||52|||0
int|||54|||29|||0|||0
12|||1|||29|||3|||0
18|||1|||29|||7|||0
0|||37|||29|||28|||0
0|||38|||29|||34|||0
int|||55|||30|||0|||0
1|||35|||30|||3|||0
5|||8|||30|||9|||0
int|||56|||31|||0|||0
0|||39|||31|||3|||0
1|||36|||31|||7|||0
5|||9|||31|||13|||0
int|||57|||32|||0|||0
2|||13|||32|||3|||0
10|||12|||32|||9|||0
2|||14|||32|||26|||0
int|||58|||33|||0|||0
1|||37|||33|||3|||0
10|||13|||33|||9|||0
2|||15|||33|||26|||0
int|||59|||34|||0|||0
1|||38|||34|||3|||0
1|||39|||34|||7|||0
5|||10|||34|||13|||0
int|||60|||35|||0|||0
1|||40|||35|||6|||0
2|||16|||35|||8|||0
3|||3|||35|||10|||0
4|||2|||35|||12|||0
5|||11|||35|||14|||0
int|||61|||35|||17|||0
0|||40|||35|||20|||0
length|||18|||35|||28|||0
int|||62|||36|||0|||0
length|||19|||36|||5|||0
1|||41|||36|||7|||0
0|||41|||36|||13|||0
int|||63|||37|||0|||0
0|||42|||37|||3|||0
0|||43|||37|||7|||0
length|||20|||37|||15|||0
int|||64|||38|||0|||0
0|||44|||38|||3|||0
1|||42|||38|||7|||0
0|||45|||38|||13|||0
5|||12|||38|||19|||0
int|||65|||39|||0|||0
12345|||2|||39|||3|||0
0|||46|||39|||7|||0
0|||47|||39|||13|||0
10|||14|||39|||21|||0
int|||66|||40|||0|||0
0|||48|||40|||3|||0
1234|||2|||40|||7|||0
0|||49|||40|||13|||0
10|||15|||40|||20|||0
10|||16|||40|||24|||0
10|||17|||40|||28|||0
int|||67|||41|||0|||0
0|||50|||41|||5|||0
1|||43|||41|||10|||0
length|||21|||41|||18|||0
int|||68|||42|||0|||0
0|||51|||42|||5|||0
1|||44|||42|||10|||0
length|||22|||42|||18|||0
int|||69|||43|||0|||0
24|||2|||43|||3|||0
36|||2|||43|||7|||0
0|||52|||43|||15|||0
int|||70|||44|||0|||0
17|||2|||44|||3|||0
1|||45|||44|||7|||0
2|||17|||44|||11|||0
2|||18|||44|||19|||0
0|||53|||44|||28|||0
0|||54|||44|||32|||0
int|||71|||45|||0|||0
0|||55|||45|||3|||0
length|||23|||45|||13|||0
2|||19|||45|||15|||0
length|||24|||45|||34|||0
1|||46|||45|||38|||0
length|||25|||45|||45|||0
1|||47|||45|||49|||0
String|||5|||46|||0|||0
int|||72|||46|||7|||0
0|||56|||46|||10|||0
0|||57|||46|||14|||0
length|||26|||46|||22|||0
-|||20|||46|||43|||0
1|||48|||46|||44|||0
int|||73|||47|||0|||0
121|||2|||47|||3|||0
0|||58|||47|||7|||0
0|||59|||47|||17|||0
10|||18|||47|||24|||0
10|||19|||47|||28|||0
10|||20|||47|||32|||0
int|||74|||48|||0|||0
2|||20|||48|||3|||0
3|||4|||48|||7|||0
1|||49|||48|||11|||0
0|||60|||48|||15|||0
String|||6|||49|||0|||0
int|||75|||49|||7|||0
0|||61|||49|||10|||0
length|||27|||49|||18|||0
int|||76|||49|||30|||0
int|||77|||50|||0|||0
0|||62|||50|||3|||0
length|||28|||50|||11|||0
1|||50|||50|||13|||0
int|||78|||50|||16|||0
0|||63|||50|||19|||0
length|||29|||50|||27|||0
1|||51|||50|||31|||0
1|||52|||50|||45|||0
int|||79|||50|||49|||0
1|||53|||50|||66|||0
1|||54|||50|||73|||0
int|||80|||51|||0|||0
0|||64|||51|||3|||0
length|||30|||51|||11|||0
1|||55|||51|||13|||0
int|||81|||51|||16|||0
1|||56|||51|||25|||0
length|||31|||51|||33|||0
int|||82|||51|||56|||0
int|||83|||52|||0|||0
1|||57|||52|||3|||0
length|||32|||52|||11|||0
int|||84|||52|||14|||0
1|||58|||52|||26|||0
0|||65|||52|||32|||0
1|||59|||52|||46|||0
1|||60|||52|||62|||0
int|||85|||53|||0|||0
0|||66|||53|||3|||0
5|||13|||53|||9|||0
int|||86|||53|||12|||0
1|||61|||53|||15|||0
0|||67|||53|||19|||0
1|||62|||53|||53|||0
int|||87|||54|||0|||0
5|||14|||54|||3|||0
2|||21|||54|||7|||0
1|||63|||54|||11|||0
1|||64|||54|||15|||0
0|||68|||54|||19|||0
1|||65|||54|||41|||0
int|||88|||55|||0|||0
123|||2|||55|||3|||0
0|||69|||55|||7|||0
0|||70|||55|||13|||0
10|||21|||55|||20|||0
10|||22|||55|||24|||0
String|||7|||56|||0|||0
int|||89|||56|||9|||0
1|||66|||56|||12|||0
0|||71|||56|||16|||0
length|||33|||56|||24|||0
String|||8|||57|||0|||0
int|||90|||57|||7|||0
0|||72|||57|||10|||0
length|||34|||57|||18|||0
char|||2|||57|||30|||0
32|||2|||57|||40|||0
int|||91|||58|||0|||0
2|||22|||58|||3|||0
50|||2|||58|||9|||0
int|||92|||58|||12|||0
1|||67|||58|||15|||0
2|||23|||58|||19|||0
2|||24|||58|||27|||0
0|||73|||58|||36|||0
0|||74|||58|||40|||0
1|||68|||58|||50|||0
int|||93|||59|||0|||0
12|||2|||59|||3|||0
18|||2|||59|||7|||0
0|||75|||59|||27|||0
0|||76|||59|||33|||0
System|||1|||0|||14|||1
.|||1|||0|||15|||1
out|||1|||0|||16|||1
.|||2|||0|||17|||1
print|||1|||0|||18|||1
"|||1|||0|||22|||1
"|||2|||0|||23|||1
System|||2|||2|||15|||1
.|||3|||2|||16|||1
out|||2|||2|||17|||1
.|||4|||2|||18|||1
print|||2|||2|||19|||1
"|||3|||2|||23|||1
"|||4|||2|||24|||1
System|||3|||3|||15|||1
.|||5|||3|||16|||1
out|||3|||3|||17|||1
.|||6|||3|||18|||1
print|||3|||3|||19|||1
"|||5|||3|||23|||1
"|||6|||3|||24|||1
System|||4|||5|||33|||1
.|||8|||5|||34|||1
out|||4|||5|||35|||1
.|||9|||5|||36|||1
print|||4|||5|||37|||1
"|||7|||5|||44|||1
"|||8|||5|||45|||1
System|||5|||6|||18|||1
.|||11|||6|||19|||1
out|||5|||6|||20|||1
.|||12|||6|||21|||1
print|||5|||6|||22|||1
"|||9|||6|||29|||1
"|||10|||6|||30|||1
System|||6|||8|||26|||1
.|||14|||8|||27|||1
out|||6|||8|||28|||1
.|||15|||8|||29|||1
print|||6|||8|||30|||1
"|||11|||8|||34|||1
"|||12|||8|||35|||1
}|||2|||8|||52|||1
}|||3|||15|||57|||1
"|||13|||16|||3|||1
hello|||1|||16|||4|||1
"|||14|||16|||5|||1
"|||15|||16|||32|||1
aeiou|||1|||16|||33|||1
"|||16|||16|||34|||1
"|||17|||19|||3|||1
abc|||1|||19|||4|||1
"|||18|||19|||5|||1
System|||7|||19|||25|||1
.|||25|||19|||26|||1
out|||7|||19|||27|||1
.|||26|||19|||28|||1
print|||7|||19|||29|||1
"|||19|||19|||41|||1
"|||20|||19|||42|||1
}|||4|||20|||82|||1
}|||5|||21|||83|||1
}|||6|||22|||66|||1
System|||8|||23|||35|||1
.|||33|||23|||36|||1
out|||8|||23|||37|||1
.|||34|||23|||38|||1
print|||8|||23|||39|||1
"|||21|||23|||43|||1
"|||22|||23|||44|||1
}|||7|||23|||63|||1
System|||9|||23|||64|||1
.|||35|||23|||65|||1
out|||9|||23|||66|||1
.|||36|||23|||67|||1
println|||1|||23|||68|||1
(|||51|||23|||69|||1
}|||8|||23|||72|||1
}|||9|||24|||48|||1
System|||10|||24|||49|||1
.|||37|||24|||50|||1
out|||10|||24|||51|||1
.|||38|||24|||52|||1
print|||9|||24|||53|||1
"|||23|||26|||3|||1
Hello|||1|||26|||4|||1
world|||1|||26|||5|||1
"|||24|||26|||7|||1
'|||1|||26|||41|||1
'|||2|||26|||42|||1
"|||25|||27|||3|||1
hello|||2|||27|||4|||1
"|||26|||27|||5|||1
System|||11|||27|||25|||1
.|||42|||27|||26|||1
out|||11|||27|||27|||1
.|||43|||27|||28|||1
print|||10|||27|||29|||1
System|||12|||28|||54|||1
.|||45|||28|||55|||1
out|||12|||28|||56|||1
.|||46|||28|||57|||1
print|||11|||28|||58|||1
"|||27|||28|||62|||1
"|||28|||28|||63|||1
}|||10|||28|||66|||1
System|||13|||29|||40|||1
.|||47|||29|||41|||1
out|||13|||29|||42|||1
.|||48|||29|||43|||1
print|||12|||29|||44|||1
System|||14|||30|||12|||1
.|||49|||30|||13|||1
out|||14|||30|||14|||1
.|||50|||30|||15|||1
print|||13|||30|||16|||1
"|||29|||30|||20|||1
"|||30|||30|||21|||1
}|||11|||30|||27|||1
}|||12|||31|||23|||1
System|||15|||32|||12|||1
.|||51|||32|||13|||1
out|||15|||32|||14|||1
.|||52|||32|||15|||1
print|||14|||32|||16|||1
"|||31|||32|||20|||1
"|||32|||32|||21|||1
}|||13|||32|||28|||1
System|||16|||33|||12|||1
.|||53|||33|||13|||1
out|||16|||33|||14|||1
.|||54|||33|||15|||1
print|||15|||33|||16|||1
"|||33|||33|||20|||1
"|||34|||33|||21|||1
}|||14|||33|||28|||1
}|||15|||34|||23|||1
System|||17|||35|||31|||1
.|||56|||35|||32|||1
out|||17|||35|||33|||1
.|||57|||35|||34|||1
print|||16|||35|||35|||1
"|||35|||35|||42|||1
"|||36|||35|||43|||1
}|||17|||35|||49|||1
System|||18|||36|||16|||1
.|||59|||36|||17|||1
out|||18|||36|||18|||1
.|||60|||36|||19|||1
print|||17|||36|||20|||1
"|||37|||36|||27|||1
"|||38|||36|||28|||1
}|||18|||36|||34|||1
}|||19|||37|||28|||1
System|||19|||38|||22|||1
.|||62|||38|||23|||1
out|||19|||38|||24|||1
.|||63|||38|||25|||1
print|||18|||38|||26|||1
"|||39|||38|||30|||1
"|||40|||38|||31|||1
}|||20|||38|||51|||1
}|||21|||39|||23|||1
}|||22|||40|||30|||1
}|||23|||41|||40|||1
}|||24|||42|||40|||1
}|||25|||43|||32|||1
}|||26|||44|||37|||1
}|||27|||45|||57|||1
"|||41|||46|||3|||1
hello|||3|||46|||4|||1
"|||42|||46|||5|||1
"|||43|||46|||29|||1
aeiou|||2|||46|||30|||1
"|||44|||46|||31|||1
}|||28|||46|||52|||1
}|||29|||47|||34|||1
}|||30|||48|||31|||1
"|||45|||49|||3|||1
abc|||2|||49|||4|||1
"|||46|||49|||5|||1
System|||20|||49|||23|||1
.|||73|||49|||24|||1
out|||20|||49|||25|||1
.|||74|||49|||26|||1
print|||19|||49|||27|||1
"|||47|||49|||39|||1
"|||48|||49|||40|||1
}|||31|||49|||46|||1
}|||32|||50|||78|||1
}|||33|||50|||82|||1
}|||34|||50|||86|||1
}|||35|||51|||55|||1
}|||36|||51|||84|||1
}|||37|||52|||57|||1
}|||38|||52|||70|||1
System|||21|||53|||28|||1
.|||81|||53|||29|||1
out|||21|||53|||30|||1
.|||82|||53|||31|||1
print|||20|||53|||32|||1
"|||49|||53|||36|||1
"|||50|||53|||37|||1
}|||39|||53|||59|||1
System|||22|||53|||60|||1
.|||83|||53|||61|||1
out|||22|||53|||62|||1
.|||84|||53|||63|||1
println|||2|||53|||64|||1
(|||125|||53|||65|||1
}|||40|||53|||71|||1
}|||41|||54|||47|||1
System|||23|||54|||48|||1
.|||85|||54|||49|||1
out|||23|||54|||50|||1
.|||86|||54|||51|||1
print|||21|||54|||52|||1
}|||42|||55|||26|||1
"|||51|||56|||3|||1
Hello|||2|||56|||4|||1
world|||2|||56|||5|||1
"|||52|||56|||7|||1
'|||3|||56|||38|||1
'|||4|||56|||39|||1
}|||43|||56|||47|||1
"|||53|||57|||3|||1
hello|||4|||57|||4|||1
"|||54|||57|||5|||1
System|||24|||57|||23|||1
.|||90|||57|||24|||1
out|||24|||57|||25|||1
.|||91|||57|||26|||1
print|||22|||57|||27|||1
}|||44|||57|||47|||1
}|||45|||58|||45|||1
System|||25|||58|||52|||1
.|||93|||58|||53|||1
out|||25|||58|||54|||1
.|||94|||58|||55|||1
print|||23|||58|||56|||1
"|||55|||58|||60|||1
"|||56|||58|||61|||1
}|||46|||58|||67|||1
System|||26|||59|||38|||1
.|||95|||59|||39|||1
out|||26|||59|||40|||1
.|||96|||59|||41|||1
print|||24|||59|||42|||1
<=|||1|||0|||8|||2
++|||1|||0|||12|||2
+|||1|||0|||21|||2
<=|||2|||1|||13|||2
++|||2|||1|||17|||2
+=|||1|||1|||20|||2
<=|||3|||2|||8|||2
+=|||2|||2|||12|||2
+|||2|||2|||22|||2
<=|||4|||3|||8|||2
+=|||3|||3|||12|||2
+|||3|||3|||22|||2
<=|||5|||4|||13|||2
++|||3|||4|||17|||2
*=|||1|||4|||20|||2
<|||1|||5|||25|||2
++|||4|||5|||31|||2
+|||4|||5|||43|||2
-|||1|||6|||8|||2
>=|||1|||6|||12|||2
--|||1|||6|||16|||2
+|||5|||6|||28|||2
<|||2|||7|||13|||2
++|||5|||7|||19|||2
+=|||4|||7|||22|||2
<|||3|||8|||19|||2
++|||6|||8|||23|||2
+|||6|||8|||33|||2
+|||7|||8|||41|||2
>|||1|||9|||13|||2
/=|||1|||9|||17|||2
++|||7|||9|||21|||2
>|||2|||10|||13|||2
/=|||2|||10|||17|||2
*|||1|||10|||23|||2
+|||8|||10|||25|||2
%|||1|||10|||27|||2
<|||4|||11|||16|||2
++|||8|||11|||22|||2
>|||3|||11|||30|||2
<|||5|||12|||16|||2
++|||9|||12|||22|||2
<|||6|||12|||30|||2
!=|||1|||13|||15|||2
%|||2|||13|||25|||2
<=|||6|||14|||17|||2
/|||1|||14|||19|||2
++|||10|||14|||23|||2
%|||3|||14|||28|||2
==|||1|||14|||30|||2
<|||7|||15|||10|||2
/|||2|||15|||14|||2
++|||11|||15|||18|||2
-|||2|||15|||38|||2
-|||3|||15|||40|||2
-|||4|||15|||49|||2
-|||5|||15|||51|||2
<|||8|||16|||20|||2
++|||12|||16|||28|||2
!=|||2|||16|||45|||2
++|||13|||16|||50|||2
>|||4|||17|||17|||2
/=|||3|||17|||21|||2
*|||2|||17|||27|||2
+|||9|||17|||29|||2
%|||4|||17|||31|||2
<|||9|||18|||21|||2
++|||14|||18|||25|||2
*=|||2|||18|||28|||2
<|||10|||19|||15|||2
++|||15|||19|||23|||2
+|||10|||19|||40|||2
<|||11|||20|||8|||2
-|||7|||20|||12|||2
++|||16|||20|||16|||2
<|||12|||20|||26|||2
-|||8|||20|||30|||2
-|||9|||20|||32|||2
++|||17|||20|||36|||2
>|||5|||20|||44|||2
+|||11|||20|||48|||2
+|||12|||20|||69|||2
+|||13|||20|||76|||2
<|||13|||21|||8|||2
-|||10|||21|||12|||2
++|||18|||21|||16|||2
+|||14|||21|||30|||2
<|||14|||21|||34|||2
++|||19|||21|||40|||2
<|||15|||21|||48|||2
<|||16|||22|||8|||2
++|||20|||22|||14|||2
-|||11|||22|||28|||2
>=|||2|||22|||34|||2
>|||6|||22|||41|||2
+|||15|||22|||47|||2
--|||2|||22|||54|||2
+|||16|||22|||60|||2
<|||17|||23|||8|||2
++|||21|||23|||12|||2
<=|||7|||23|||28|||2
++|||22|||23|||32|||2
+|||17|||23|||42|||2
*|||3|||23|||50|||2
-|||12|||23|||53|||2
/|||3|||23|||56|||2
+|||18|||23|||59|||2
<|||18|||24|||25|||2
++|||23|||24|||29|||2
*=|||3|||24|||33|||2
-|||13|||24|||36|||2
*=|||4|||24|||41|||2
+|||19|||24|||44|||2
/|||4|||24|||56|||2
>|||7|||25|||13|||2
/=|||4|||25|||17|||2
+=|||5|||25|||21|||2
%|||5|||25|||23|||2
<|||19|||26|||22|||2
++|||24|||26|||30|||2
==|||2|||26|||40|||2
++|||25|||26|||45|||2
<|||20|||27|||15|||2
++|||26|||27|||23|||2
-|||14|||27|||41|||2
<=|||8|||28|||8|||2
++|||27|||28|||12|||2
<=|||9|||28|||28|||2
/|||5|||28|||30|||2
++|||28|||28|||34|||2
%|||6|||28|||39|||2
==|||3|||28|||41|||2
==|||4|||28|||51|||2
+|||20|||28|||61|||2
>|||8|||29|||13|||2
?|||1|||29|||16|||2
:|||1|||29|||18|||2
%|||7|||29|||25|||2
!=|||3|||29|||27|||2
%|||8|||29|||31|||2
!=|||4|||29|||33|||2
++|||29|||29|||37|||2
<=|||10|||30|||8|||2
+|||21|||30|||19|||2
++|||30|||30|||25|||2
<=|||11|||31|||12|||2
+=|||6|||31|||17|||2
++|||31|||31|||21|||2
<=|||12|||32|||8|||2
+|||22|||32|||19|||2
+=|||7|||32|||25|||2
<=|||13|||33|||8|||2
+|||23|||33|||19|||2
+=|||8|||33|||25|||2
<=|||14|||34|||12|||2
*=|||5|||34|||17|||2
++|||32|||34|||21|||2
<|||21|||35|||25|||2
+|||24|||35|||41|||2
++|||33|||35|||47|||2
-|||15|||36|||6|||2
>=|||3|||36|||12|||2
+|||25|||36|||26|||2
--|||3|||36|||32|||2
<|||22|||37|||12|||2
+=|||9|||37|||19|||2
++|||34|||37|||26|||2
<|||23|||38|||18|||2
+|||26|||38|||29|||2
+|||27|||38|||37|||2
++|||35|||38|||49|||2
>|||9|||39|||12|||2
++|||36|||39|||17|||2
/=|||5|||39|||20|||2
>|||10|||40|||12|||2
*|||4|||40|||19|||2
+|||28|||40|||21|||2
%|||9|||40|||23|||2
/=|||6|||40|||27|||2
<|||24|||41|||15|||2
>|||11|||41|||27|||2
++|||37|||41|||38|||2
<|||25|||42|||15|||2
<|||26|||42|||27|||2
++|||38|||42|||38|||2
!=|||5|||43|||14|||2
%|||10|||43|||25|||2
<=|||15|||44|||16|||2
/|||6|||44|||18|||2
%|||11|||44|||25|||2
==|||5|||44|||27|||2
++|||39|||44|||35|||2
<|||27|||45|||10|||2
/|||7|||45|||14|||2
-|||16|||45|||35|||2
-|||17|||45|||37|||2
-|||18|||45|||46|||2
-|||19|||45|||48|||2
++|||40|||45|||55|||2
<|||28|||46|||19|||2
!=|||6|||46|||42|||2
++|||41|||46|||47|||2
++|||42|||46|||50|||2
>|||12|||47|||16|||2
*|||5|||47|||23|||2
+|||29|||47|||25|||2
%|||12|||47|||27|||2
/=|||7|||47|||31|||2
<|||29|||48|||20|||2
*=|||6|||48|||25|||2
++|||43|||48|||29|||2
<|||30|||49|||15|||2
+|||30|||49|||38|||2
++|||44|||49|||44|||2
<|||31|||50|||8|||2
-|||21|||50|||12|||2
<|||32|||50|||24|||2
-|||22|||50|||28|||2
-|||23|||50|||30|||2
>|||13|||50|||40|||2
+|||31|||50|||44|||2
+|||32|||50|||65|||2
+|||33|||50|||72|||2
++|||45|||50|||80|||2
++|||46|||50|||84|||2
<|||33|||51|||8|||2
-|||24|||51|||12|||2
+|||34|||51|||24|||2
<|||34|||51|||30|||2
<|||35|||51|||42|||2
++|||47|||51|||53|||2
++|||48|||51|||82|||2
<|||36|||52|||8|||2
-|||25|||52|||25|||2
>=|||4|||52|||31|||2
>|||14|||52|||38|||2
+|||35|||52|||45|||2
--|||4|||52|||55|||2
+|||36|||52|||61|||2
++|||49|||52|||68|||2
<|||37|||53|||8|||2
<=|||16|||53|||24|||2
+|||37|||53|||35|||2
*|||6|||53|||43|||2
-|||26|||53|||46|||2
/|||8|||53|||49|||2
+|||38|||53|||52|||2
++|||50|||53|||57|||2
++|||51|||53|||69|||2
<|||38|||54|||24|||2
*=|||7|||54|||29|||2
-|||27|||54|||32|||2
*=|||8|||54|||37|||2
+|||39|||54|||40|||2
++|||52|||54|||45|||2
/|||9|||54|||55|||2
>|||15|||55|||12|||2
+=|||10|||55|||17|||2
%|||13|||55|||19|||2
/=|||8|||55|||23|||2
<|||39|||56|||21|||2
==|||6|||56|||37|||2
++|||53|||56|||42|||2
++|||54|||56|||45|||2
<|||40|||57|||15|||2
-|||28|||57|||39|||2
++|||55|||57|||45|||2
<=|||17|||58|||8|||2
<=|||18|||58|||24|||2
/|||10|||58|||26|||2
%|||14|||58|||33|||2
==|||7|||58|||35|||2
++|||56|||58|||43|||2
==|||8|||58|||49|||2
+|||40|||58|||59|||2
++|||57|||58|||65|||2
>|||16|||59|||13|||2
?|||2|||59|||16|||2
:|||2|||59|||18|||2
%|||15|||59|||24|||2
!=|||7|||59|||26|||2
%|||16|||59|||30|||2
!=|||8|||59|||32|||2
++|||58|||59|||36|||2
for|||1|||0|||0|||3
(|||1|||0|||1|||3
(|||2|||0|||19|||3
for|||2|||1|||5|||3
(|||3|||1|||6|||3
for|||3|||2|||0|||3
(|||4|||2|||1|||3
(|||5|||2|||20|||3
for|||4|||3|||0|||3
(|||6|||3|||1|||3
(|||7|||3|||20|||3
for|||5|||4|||5|||3
(|||8|||4|||6|||3
{|||1|||5|||5|||3
for|||6|||5|||17|||3
(|||9|||5|||18|||3
.|||7|||5|||27|||3
(|||10|||5|||38|||3
for|||7|||6|||0|||3
(|||11|||6|||1|||3
.|||10|||6|||6|||3
(|||12|||6|||23|||3
for|||8|||7|||5|||3
(|||13|||7|||6|||3
.|||13|||7|||15|||3
for|||9|||8|||11|||3
(|||14|||8|||12|||3
(|||15|||8|||31|||3
for|||10|||9|||9|||3
(|||16|||9|||10|||3
for|||11|||10|||9|||3
(|||17|||10|||10|||3
for|||12|||11|||8|||3
(|||18|||11|||9|||3
.|||16|||11|||18|||3
if|||1|||11|||24|||3
(|||19|||11|||25|||3
for|||13|||12|||8|||3
(|||20|||12|||9|||3
.|||17|||12|||18|||3
if|||2|||12|||24|||3
(|||21|||12|||25|||3
for|||14|||13|||9|||3
(|||22|||13|||10|||3
for|||15|||14|||9|||3
(|||23|||14|||10|||3
if|||3|||14|||25|||3
(|||24|||14|||26|||3
for|||16|||15|||0|||3
(|||25|||15|||1|||3
.|||18|||15|||12|||3
.|||19|||15|||36|||3
.|||20|||15|||47|||3
for|||17|||16|||12|||3
(|||26|||16|||13|||3
.|||21|||16|||22|||3
(|||27|||16|||24|||3
if|||4|||16|||30|||3
(|||28|||16|||31|||3
.|||22|||16|||35|||3
indexOf|||1|||16|||36|||3
(|||29|||16|||37|||3
.|||23|||16|||39|||3
(|||30|||16|||41|||3
for|||18|||17|||13|||3
(|||31|||17|||14|||3
for|||19|||18|||13|||3
(|||32|||18|||14|||3
for|||20|||19|||7|||3
(|||33|||19|||8|||3
.|||24|||19|||17|||3
(|||34|||19|||19|||3
(|||35|||19|||30|||3
(|||36|||19|||31|||3
.|||27|||19|||35|||3
(|||37|||19|||37|||3
for|||21|||20|||0|||3
(|||38|||20|||1|||3
.|||28|||20|||10|||3
for|||22|||20|||18|||3
(|||39|||20|||19|||3
.|||29|||20|||28|||3
if|||5|||20|||38|||3
(|||40|||20|||39|||3
for|||23|||21|||0|||3
(|||41|||21|||1|||3
.|||30|||21|||10|||3
for|||24|||21|||24|||3
(|||42|||21|||25|||3
.|||31|||21|||36|||3
if|||6|||21|||42|||3
(|||43|||21|||43|||3
for|||25|||22|||0|||3
(|||44|||22|||1|||3
.|||32|||22|||10|||3
while|||1|||22|||31|||3
(|||45|||22|||32|||3
&&|||1|||22|||36|||3
for|||26|||23|||0|||3
(|||46|||23|||1|||3
for|||27|||23|||20|||3
(|||47|||23|||21|||3
(|||48|||23|||40|||3
(|||49|||23|||51|||3
(|||50|||23|||57|||3
for|||28|||24|||17|||3
(|||52|||24|||18|||3
(|||53|||24|||34|||3
(|||54|||24|||42|||3
(|||55|||24|||54|||3
for|||29|||25|||9|||3
(|||56|||25|||10|||3
for|||30|||26|||14|||3
(|||57|||26|||15|||3
.|||39|||26|||24|||3
(|||58|||26|||26|||3
if|||7|||26|||32|||3
(|||59|||26|||33|||3
.|||40|||26|||35|||3
(|||60|||26|||37|||3
for|||31|||27|||7|||3
(|||61|||27|||8|||3
.|||41|||27|||17|||3
(|||62|||27|||19|||3
(|||63|||27|||30|||3
(|||64|||27|||31|||3
(|||65|||27|||34|||3
.|||44|||27|||36|||3
(|||66|||27|||38|||3
for|||32|||28|||0|||3
(|||67|||28|||1|||3
for|||33|||28|||20|||3
(|||68|||28|||21|||3
if|||8|||28|||36|||3
(|||69|||28|||37|||3
if|||9|||28|||48|||3
(|||70|||28|||49|||3
(|||71|||28|||59|||3
(|||72|||29|||11|||3
for|||34|||29|||21|||3
(|||73|||29|||22|||3
|||||1|||29|||29|||3
(|||74|||29|||45|||3
while|||2|||30|||5|||3
(|||75|||30|||6|||3
(|||76|||30|||17|||3
while|||3|||31|||9|||3
(|||77|||31|||10|||3
while|||4|||32|||5|||3
(|||78|||32|||6|||3
(|||79|||32|||17|||3
while|||5|||33|||5|||3
(|||80|||33|||6|||3
(|||81|||33|||17|||3
while|||6|||34|||9|||3
(|||82|||34|||10|||3
{|||16|||35|||5|||3
while|||7|||35|||22|||3
(|||83|||35|||23|||3
.|||55|||35|||27|||3
(|||84|||35|||36|||3
.|||58|||36|||4|||3
while|||8|||36|||9|||3
(|||85|||36|||10|||3
(|||86|||36|||21|||3
while|||9|||37|||9|||3
(|||87|||37|||10|||3
.|||61|||37|||14|||3
while|||10|||38|||15|||3
(|||88|||38|||16|||3
(|||89|||38|||27|||3
while|||11|||39|||9|||3
(|||90|||39|||10|||3
while|||12|||40|||9|||3
(|||91|||40|||10|||3
while|||13|||41|||12|||3
(|||92|||41|||13|||3
.|||64|||41|||17|||3
if|||10|||41|||21|||3
(|||93|||41|||22|||3
while|||14|||42|||12|||3
(|||94|||42|||13|||3
.|||65|||42|||17|||3
if|||11|||42|||21|||3
(|||95|||42|||22|||3
while|||15|||43|||11|||3
(|||96|||43|||12|||3
while|||16|||44|||13|||3
(|||97|||44|||14|||3
if|||12|||44|||22|||3
(|||98|||44|||23|||3
while|||17|||45|||7|||3
(|||99|||45|||8|||3
.|||66|||45|||12|||3
.|||67|||45|||33|||3
.|||68|||45|||44|||3
while|||18|||46|||16|||3
(|||100|||46|||17|||3
.|||69|||46|||21|||3
(|||101|||46|||23|||3
if|||13|||46|||27|||3
(|||102|||46|||28|||3
.|||70|||46|||32|||3
indexOf|||2|||46|||33|||3
(|||103|||46|||34|||3
.|||71|||46|||36|||3
(|||104|||46|||38|||3
while|||19|||47|||13|||3
(|||105|||47|||14|||3
while|||20|||48|||17|||3
(|||106|||48|||18|||3
while|||21|||49|||12|||3
(|||107|||49|||13|||3
.|||72|||49|||17|||3
(|||108|||49|||19|||3
(|||109|||49|||28|||3
(|||110|||49|||29|||3
.|||75|||49|||33|||3
(|||111|||49|||35|||3
while|||22|||50|||5|||3
(|||112|||50|||6|||3
.|||76|||50|||10|||3
while|||23|||50|||21|||3
(|||113|||50|||22|||3
.|||77|||50|||26|||3
if|||14|||50|||34|||3
(|||114|||50|||35|||3
while|||24|||51|||5|||3
(|||115|||51|||6|||3
.|||78|||51|||10|||3
while|||25|||51|||27|||3
(|||116|||51|||28|||3
.|||79|||51|||32|||3
if|||15|||51|||36|||3
(|||117|||51|||37|||3
while|||26|||52|||5|||3
(|||118|||52|||6|||3
.|||80|||52|||10|||3
while|||27|||52|||28|||3
(|||119|||52|||29|||3
&&|||2|||52|||33|||3
while|||28|||53|||5|||3
(|||120|||53|||6|||3
while|||29|||53|||21|||3
(|||121|||53|||22|||3
(|||122|||53|||33|||3
(|||123|||53|||44|||3
(|||124|||53|||50|||3
while|||30|||54|||21|||3
(|||126|||54|||22|||3
(|||127|||54|||30|||3
(|||128|||54|||38|||3
(|||129|||54|||53|||3
while|||31|||55|||9|||3
(|||130|||55|||10|||3
while|||32|||56|||18|||3
(|||131|||56|||19|||3
.|||87|||56|||23|||3
(|||132|||56|||25|||3
if|||16|||56|||29|||3
(|||133|||56|||30|||3
.|||88|||56|||32|||3
(|||134|||56|||34|||3
while|||33|||57|||12|||3
(|||135|||57|||13|||3
.|||89|||57|||17|||3
(|||136|||57|||19|||3
(|||137|||57|||28|||3
(|||138|||57|||29|||3
(|||139|||57|||32|||3
.|||92|||57|||34|||3
(|||140|||57|||36|||3
while|||34|||58|||5|||3
(|||141|||58|||6|||3
while|||35|||58|||21|||3
(|||142|||58|||22|||3
if|||17|||58|||30|||3
(|||143|||58|||31|||3
if|||18|||58|||46|||3
(|||144|||58|||47|||3
(|||145|||58|||57|||3
(|||146|||59|||11|||3
while|||36|||59|||21|||3
(|||147|||59|||22|||3
|||||2|||59|||28|||3
(|||148|||59|||43|||3
i|||1|||0|||3|||4
i|||2|||0|||7|||4
i|||3|||0|||11|||4
i|||4|||0|||20|||4
i|||5|||1|||8|||4
i|||6|||1|||12|||4
i|||7|||1|||16|||4
i|||8|||1|||21|||4
i|||9|||2|||3|||4
i|||10|||2|||7|||4
i|||11|||2|||11|||4
i|||12|||2|||21|||4
i|||13|||3|||3|||4
i|||14|||3|||7|||4
i|||15|||3|||11|||4
i|||16|||3|||21|||4
i|||17|||4|||8|||4
i|||18|||4|||12|||4
i|||19|||4|||16|||4
i|||20|||4|||21|||4
i|||21|||5|||20|||4
i|||22|||5|||24|||4
i|||23|||5|||30|||4
i|||24|||5|||41|||4
i|||25|||6|||3|||4
i|||26|||6|||11|||4
i|||27|||6|||15|||4
i|||28|||6|||26|||4
i|||29|||7|||8|||4
i|||30|||7|||12|||4
i|||31|||7|||18|||4
i|||32|||7|||25|||4
i|||33|||8|||14|||4
i|||34|||8|||18|||4
i|||35|||8|||22|||4
i|||36|||11|||11|||4
i|||37|||11|||15|||4
i|||38|||11|||21|||4
i|||39|||11|||28|||4
i|||40|||11|||37|||4
i|||41|||12|||11|||4
i|||42|||12|||15|||4
i|||43|||12|||21|||4
i|||44|||12|||28|||4
i|||45|||12|||37|||4
i|||46|||14|||12|||4
i|||47|||14|||16|||4
i|||48|||14|||22|||4
i|||49|||14|||29|||4
i|||50|||15|||3|||4
i|||51|||15|||9|||4
i|||52|||15|||17|||4
i|||53|||15|||25|||4
i|||54|||15|||30|||4
i|||55|||15|||39|||4
i|||56|||15|||50|||4
i|||57|||16|||15|||4
i|||58|||16|||19|||4
i|||59|||16|||27|||4
i|||60|||16|||42|||4
i|||61|||18|||16|||4
i|||62|||18|||20|||4
i|||63|||18|||24|||4
i|||64|||19|||10|||4
i|||65|||19|||14|||4
i|||66|||19|||22|||4
i|||67|||19|||38|||4
i|||68|||20|||3|||4
i|||69|||20|||7|||4
i|||70|||20|||15|||4
i|||71|||20|||31|||4
i|||72|||21|||3|||4
i|||73|||21|||7|||4
i|||74|||21|||15|||4
i|||75|||21|||22|||4
i|||76|||21|||29|||4
i|||77|||21|||63|||4
i|||78|||21|||68|||4
i|||79|||22|||3|||4
i|||80|||22|||7|||4
i|||81|||22|||13|||4
i|||82|||22|||22|||4
i|||83|||22|||27|||4
i|||84|||23|||3|||4
i|||85|||23|||7|||4
i|||86|||23|||11|||4
i|||87|||23|||29|||4
i|||88|||23|||52|||4
i|||89|||24|||20|||4
i|||90|||24|||24|||4
i|||91|||24|||28|||4
i|||92|||24|||37|||4
i|||93|||24|||43|||4
i|||94|||26|||17|||4
i|||95|||26|||21|||4
i|||96|||26|||29|||4
i|||97|||26|||38|||4
i|||98|||27|||10|||4
i|||99|||27|||14|||4
i|||100|||27|||22|||4
i|||101|||27|||39|||4
i|||102|||28|||3|||4
i|||103|||28|||7|||4
i|||104|||28|||11|||4
i|||105|||28|||29|||4
i|||106|||28|||38|||4
i|||107|||28|||60|||4
i|||108|||30|||1|||4
i|||109|||30|||7|||4
i|||110|||30|||18|||4
i|||111|||30|||24|||4
i|||112|||31|||5|||4
i|||113|||31|||11|||4
i|||114|||31|||18|||4
i|||115|||31|||20|||4
i|||116|||32|||1|||4
i|||117|||32|||7|||4
i|||118|||32|||18|||4
i|||119|||32|||24|||4
i|||120|||33|||1|||4
i|||121|||33|||7|||4
i|||122|||33|||18|||4
i|||123|||33|||24|||4
i|||124|||34|||5|||4
i|||125|||34|||11|||4
i|||126|||34|||18|||4
i|||127|||34|||20|||4
i|||128|||35|||18|||4
i|||129|||35|||24|||4
i|||130|||35|||39|||4
i|||131|||35|||46|||4
i|||132|||36|||1|||4
i|||133|||36|||11|||4
i|||134|||36|||24|||4
i|||135|||36|||31|||4
i|||136|||37|||5|||4
i|||137|||37|||11|||4
i|||138|||37|||22|||4
i|||139|||37|||25|||4
i|||140|||38|||11|||4
i|||141|||38|||17|||4
i|||142|||38|||48|||4
i|||143|||41|||8|||4
i|||144|||41|||14|||4
i|||145|||41|||25|||4
i|||146|||41|||34|||4
i|||147|||41|||37|||4
i|||148|||42|||8|||4
i|||149|||42|||14|||4
i|||150|||42|||25|||4
i|||151|||42|||34|||4
i|||152|||42|||37|||4
i|||153|||44|||9|||4
i|||154|||44|||15|||4
i|||155|||44|||26|||4
i|||156|||44|||34|||4
i|||157|||45|||1|||4
i|||158|||45|||9|||4
i|||159|||45|||22|||4
i|||160|||45|||27|||4
i|||161|||45|||36|||4
i|||162|||45|||47|||4
i|||163|||45|||54|||4
i|||164|||46|||12|||4
i|||165|||46|||18|||4
i|||166|||46|||39|||4
i|||167|||46|||49|||4
i|||168|||48|||13|||4
i|||169|||48|||19|||4
i|||170|||48|||28|||4
i|||171|||49|||8|||4
i|||172|||49|||14|||4
i|||173|||49|||36|||4
i|||174|||49|||43|||4
i|||175|||50|||1|||4
i|||176|||50|||7|||4
i|||177|||50|||29|||4
i|||178|||50|||83|||4
i|||179|||51|||1|||4
i|||180|||51|||7|||4
i|||181|||51|||19|||4
i|||182|||51|||23|||4
i|||183|||51|||61|||4
i|||184|||51|||66|||4
i|||185|||51|||81|||4
i|||186|||52|||1|||4
i|||187|||52|||7|||4
i|||188|||52|||19|||4
i|||189|||52|||24|||4
i|||190|||52|||67|||4
i|||191|||53|||1|||4
i|||192|||53|||7|||4
i|||193|||53|||25|||4
i|||194|||53|||45|||4
i|||195|||53|||68|||4
i|||196|||54|||17|||4
i|||197|||54|||23|||4
i|||198|||54|||33|||4
i|||199|||54|||39|||4
i|||200|||54|||44|||4
i|||201|||56|||14|||4
i|||202|||56|||20|||4
i|||203|||56|||35|||4
i|||204|||56|||44|||4
i|||205|||57|||8|||4
i|||206|||57|||14|||4
i|||207|||57|||37|||4
i|||208|||57|||44|||4
i|||209|||58|||1|||4
i|||210|||58|||7|||4
i|||211|||58|||25|||4
i|||212|||58|||32|||4
i|||213|||58|||58|||4
i|||214|||58|||64|||4
)|||1|||0|||13|||5
)|||2|||0|||24|||5
)|||3|||1|||18|||5
)|||4|||2|||14|||5
)|||5|||2|||25|||5
)|||6|||3|||14|||5
)|||7|||3|||25|||5
)|||8|||4|||18|||5
}|||1|||5|||15|||5
)|||9|||5|||32|||5
)|||10|||5|||46|||5
)|||11|||6|||17|||5
)|||12|||6|||31|||5
)|||13|||7|||20|||5
)|||14|||8|||24|||5
{|||2|||8|||25|||5
)|||15|||8|||36|||5
)|||16|||9|||19|||5
)|||17|||10|||19|||5
)|||18|||11|||23|||5
)|||19|||11|||32|||5
)|||20|||12|||23|||5
)|||21|||12|||32|||5
)|||22|||13|||31|||5
)|||23|||14|||24|||5
)|||24|||14|||32|||5
)|||25|||15|||19|||5
{|||3|||15|||20|||5
)|||26|||16|||25|||5
)|||27|||16|||29|||5
)|||28|||16|||43|||5
)|||29|||16|||44|||5
)|||30|||16|||48|||5
)|||31|||17|||23|||5
)|||32|||18|||26|||5
)|||33|||19|||20|||5
)|||34|||19|||24|||5
)|||35|||19|||33|||5
)|||36|||19|||39|||5
)|||37|||19|||43|||5
)|||38|||20|||17|||5
)|||39|||20|||37|||5
)|||40|||20|||51|||5
{|||4|||20|||52|||5
)|||41|||21|||17|||5
{|||5|||21|||18|||5
)|||42|||21|||41|||5
)|||43|||21|||53|||5
)|||44|||22|||15|||5
{|||6|||22|||16|||5
)|||45|||22|||43|||5
)|||46|||23|||13|||5
{|||7|||23|||14|||5
)|||47|||23|||33|||5
{|||8|||23|||34|||5
)|||48|||23|||45|||5
)|||49|||23|||55|||5
)|||50|||23|||61|||5
)|||51|||23|||70|||5
)|||52|||24|||30|||5
{|||9|||24|||31|||5
)|||53|||24|||38|||5
)|||54|||24|||46|||5
)|||55|||24|||58|||5
)|||56|||25|||19|||5
)|||57|||26|||27|||5
)|||58|||26|||31|||5
)|||59|||26|||39|||5
)|||60|||26|||43|||5
)|||61|||27|||20|||5
)|||62|||27|||24|||5
)|||63|||27|||33|||5
)|||64|||27|||40|||5
)|||65|||27|||43|||5
)|||66|||27|||44|||5
)|||67|||28|||13|||5
{|||10|||28|||14|||5
)|||68|||28|||35|||5
)|||69|||28|||43|||5
)|||70|||28|||53|||5
)|||71|||28|||64|||5
)|||72|||29|||15|||5
)|||73|||29|||38|||5
)|||74|||29|||47|||5
)|||75|||30|||10|||5
{|||11|||30|||11|||5
)|||76|||30|||22|||5
)|||77|||31|||14|||5
{|||12|||31|||15|||5
)|||78|||32|||10|||5
{|||13|||32|||11|||5
)|||79|||32|||22|||5
)|||80|||33|||10|||5
{|||14|||33|||11|||5
)|||81|||33|||22|||5
)|||82|||34|||14|||5
{|||15|||34|||15|||5
}|||16|||35|||15|||5
)|||83|||35|||29|||5
{|||17|||35|||30|||5
)|||84|||35|||44|||5
)|||85|||36|||14|||5
{|||18|||36|||15|||5
)|||86|||36|||29|||5
)|||87|||37|||16|||5
{|||19|||37|||17|||5
)|||88|||38|||20|||5
{|||20|||38|||21|||5
)|||89|||38|||32|||5
)|||90|||39|||14|||5
{|||21|||39|||15|||5
)|||91|||40|||14|||5
{|||22|||40|||15|||5
)|||92|||41|||19|||5
{|||23|||41|||20|||5
)|||93|||41|||29|||5
)|||94|||42|||19|||5
{|||24|||42|||20|||5
)|||95|||42|||29|||5
)|||96|||43|||16|||5
{|||25|||43|||17|||5
)|||97|||44|||20|||5
{|||26|||44|||21|||5
)|||98|||44|||29|||5
)|||99|||45|||16|||5
{|||27|||45|||17|||5
)|||100|||46|||24|||5
)|||101|||46|||25|||5
{|||28|||46|||26|||5
)|||102|||46|||40|||5
)|||103|||46|||41|||5
)|||104|||46|||45|||5
)|||105|||47|||18|||5
{|||29|||47|||19|||5
)|||106|||48|||22|||5
{|||30|||48|||23|||5
)|||107|||49|||20|||5
)|||108|||49|||21|||5
{|||31|||49|||22|||5
)|||109|||49|||31|||5
)|||110|||49|||37|||5
)|||111|||49|||41|||5
)|||112|||50|||14|||5
{|||32|||50|||15|||5
)|||113|||50|||32|||5
{|||33|||50|||33|||5
)|||114|||50|||47|||5
{|||34|||50|||48|||5
)|||115|||51|||14|||5
{|||35|||51|||15|||5
)|||116|||51|||34|||5
{|||36|||51|||35|||5
)|||117|||51|||47|||5
)|||118|||52|||12|||5
{|||37|||52|||13|||5
)|||119|||52|||40|||5
{|||38|||52|||41|||5
)|||120|||53|||10|||5
{|||39|||53|||11|||5
)|||121|||53|||26|||5
{|||40|||53|||27|||5
)|||122|||53|||38|||5
)|||123|||53|||48|||5
)|||124|||53|||54|||5
)|||125|||53|||66|||5
)|||126|||54|||26|||5
{|||41|||54|||27|||5
)|||127|||54|||34|||5
)|||128|||54|||42|||5
)|||129|||54|||57|||5
)|||130|||55|||14|||5
{|||42|||55|||15|||5
)|||131|||56|||26|||5
)|||132|||56|||27|||5
{|||43|||56|||28|||5
)|||133|||56|||36|||5
)|||134|||56|||40|||5
)|||135|||57|||20|||5
)|||136|||57|||21|||5
{|||44|||57|||22|||5
)|||137|||57|||31|||5
)|||138|||57|||38|||5
)|||139|||57|||41|||5
)|||140|||57|||42|||5
)|||141|||58|||10|||5
{|||45|||58|||11|||5
)|||142|||58|||28|||5
{|||46|||58|||29|||5
)|||143|||58|||37|||5
)|||144|||58|||51|||5
)|||145|||58|||62|||5
)|||146|||59|||15|||5
)|||147|||59|||34|||5
)|||148|||59|||45|||5
;|||1|||0|||6|||6
;|||2|||0|||10|||6
;|||3|||0|||25|||6
;|||4|||1|||4|||6
;|||5|||1|||11|||6
;|||6|||1|||15|||6
;|||7|||1|||22|||6
;|||8|||2|||6|||6
;|||9|||2|||10|||6
;|||10|||2|||26|||6
;|||11|||3|||6|||6
;|||12|||3|||10|||6
;|||13|||3|||26|||6
;|||14|||4|||4|||6
;|||15|||4|||11|||6
;|||16|||4|||15|||6
;|||17|||4|||22|||6
;|||18|||5|||16|||6
;|||19|||5|||23|||6
;|||20|||5|||29|||6
;|||21|||5|||47|||6
;|||22|||6|||10|||6
;|||23|||6|||14|||6
;|||24|||6|||32|||6
;|||25|||7|||4|||6
;|||26|||7|||11|||6
;|||27|||7|||17|||6
;|||28|||7|||27|||6
;|||29|||8|||10|||6
;|||30|||8|||17|||6
;|||31|||8|||21|||6
;|||32|||8|||37|||6
;|||33|||8|||43|||6
;|||34|||8|||47|||6
;|||35|||8|||51|||6
;|||36|||9|||8|||6
;|||37|||9|||11|||6
;|||38|||9|||15|||6
;|||39|||9|||22|||6
;|||40|||10|||8|||6
;|||41|||10|||11|||6
;|||42|||10|||15|||6
;|||43|||10|||29|||6
;|||44|||11|||7|||6
;|||45|||11|||14|||6
;|||46|||11|||20|||6
;|||47|||11|||39|||6
;|||48|||12|||7|||6
;|||49|||12|||14|||6
;|||50|||12|||20|||6
;|||51|||12|||39|||6
;|||52|||13|||8|||6
;|||53|||13|||13|||6
;|||54|||13|||17|||6
,|||10|||13|||21|||6
,|||11|||13|||27|||6
;|||55|||13|||32|||6
;|||56|||14|||8|||6
;|||57|||14|||15|||6
;|||58|||14|||21|||6
;|||59|||14|||36|||6
;|||60|||15|||8|||6
;|||61|||15|||16|||6
;|||62|||15|||27|||6
;|||63|||15|||43|||6
;|||64|||15|||56|||6
;|||65|||16|||6|||6
;|||66|||16|||11|||6
;|||67|||16|||18|||6
;|||68|||16|||26|||6
;|||69|||16|||51|||6
;|||70|||17|||12|||6
;|||71|||17|||15|||6
;|||72|||17|||19|||6
;|||73|||17|||33|||6
;|||74|||18|||12|||6
;|||75|||18|||19|||6
;|||76|||18|||23|||6
;|||77|||18|||30|||6
;|||78|||19|||6|||6
;|||79|||19|||13|||6
;|||80|||19|||21|||6
;|||81|||19|||44|||6
;|||82|||20|||6|||6
;|||83|||20|||14|||6
;|||84|||20|||24|||6
;|||85|||20|||34|||6
;|||86|||20|||60|||6
;|||87|||20|||72|||6
;|||88|||20|||81|||6
;|||89|||21|||6|||6
;|||90|||21|||14|||6
;|||91|||21|||23|||6
;|||92|||21|||32|||6
;|||93|||21|||38|||6
;|||94|||21|||57|||6
;|||95|||21|||65|||6
;|||96|||21|||75|||6
;|||97|||21|||82|||6
;|||98|||22|||6|||6
;|||99|||22|||12|||6
;|||100|||22|||30|||6
;|||101|||22|||56|||6
;|||102|||22|||65|||6
;|||103|||23|||6|||6
;|||104|||23|||10|||6
;|||105|||23|||19|||6
;|||106|||23|||26|||6
;|||107|||23|||30|||6
;|||108|||23|||46|||6
;|||109|||23|||62|||6
;|||110|||23|||71|||6
;|||111|||24|||16|||6
;|||112|||24|||23|||6
;|||113|||24|||27|||6
;|||114|||24|||39|||6
;|||115|||24|||47|||6
;|||116|||24|||59|||6
;|||117|||25|||8|||6
;|||118|||25|||11|||6
;|||119|||25|||15|||6
;|||120|||25|||25|||6
;|||121|||26|||8|||6
;|||122|||26|||13|||6
;|||123|||26|||20|||6
;|||124|||26|||28|||6
;|||125|||26|||46|||6
;|||126|||27|||6|||6
;|||127|||27|||13|||6
;|||128|||27|||21|||6
;|||129|||27|||45|||6
;|||130|||28|||6|||6
;|||131|||28|||10|||6
;|||132|||28|||19|||6
;|||133|||28|||26|||6
;|||134|||28|||32|||6
;|||135|||28|||47|||6
;|||136|||28|||65|||6
;|||137|||29|||20|||6
;|||138|||29|||23|||6
;|||139|||29|||35|||6
;|||140|||29|||39|||6
;|||141|||29|||48|||6
;|||142|||30|||4|||6
;|||143|||30|||23|||6
;|||144|||30|||26|||6
;|||145|||31|||8|||6
;|||146|||31|||19|||6
;|||147|||31|||22|||6
;|||148|||32|||4|||6
;|||149|||32|||23|||6
;|||150|||32|||27|||6
;|||151|||33|||4|||6
;|||152|||33|||23|||6
;|||153|||33|||27|||6
;|||154|||34|||8|||6
;|||155|||34|||19|||6
;|||156|||34|||22|||6
;|||157|||35|||16|||6
;|||158|||35|||21|||6
;|||159|||35|||45|||6
;|||160|||35|||48|||6
;|||161|||36|||8|||6
;|||162|||36|||30|||6
;|||163|||36|||33|||6
;|||164|||37|||8|||6
;|||165|||37|||24|||6
;|||166|||37|||27|||6
;|||167|||38|||14|||6
;|||168|||38|||33|||6
;|||169|||38|||39|||6
;|||170|||38|||43|||6
;|||171|||38|||47|||6
;|||172|||38|||50|||6
;|||173|||39|||8|||6
;|||174|||39|||18|||6
;|||175|||39|||22|||6
;|||176|||40|||8|||6
;|||177|||40|||25|||6
;|||178|||40|||29|||6
;|||179|||41|||11|||6
;|||180|||41|||36|||6
;|||181|||41|||39|||6
;|||182|||42|||11|||6
;|||183|||42|||36|||6
;|||184|||42|||39|||6
;|||185|||43|||10|||6
;|||186|||43|||21|||6
;|||187|||43|||27|||6
;|||188|||43|||31|||6
;|||189|||44|||12|||6
;|||190|||44|||33|||6
;|||191|||44|||36|||6
;|||192|||45|||6|||6
;|||193|||45|||24|||6
;|||194|||45|||40|||6
;|||195|||45|||53|||6
;|||196|||45|||56|||6
;|||197|||46|||6|||6
;|||198|||46|||15|||6
;|||199|||46|||48|||6
;|||200|||46|||51|||6
;|||201|||47|||12|||6
;|||202|||47|||29|||6
;|||203|||47|||33|||6
;|||204|||48|||16|||6
;|||205|||48|||27|||6
;|||206|||48|||30|||6
;|||207|||49|||6|||6
;|||208|||49|||11|||6
;|||209|||49|||42|||6
;|||210|||49|||45|||6
;|||211|||50|||4|||6
;|||212|||50|||20|||6
;|||213|||50|||56|||6
;|||214|||50|||68|||6
;|||215|||50|||77|||6
;|||216|||50|||81|||6
;|||217|||50|||85|||6
;|||218|||51|||4|||6
;|||219|||51|||26|||6
;|||220|||51|||51|||6
;|||221|||51|||54|||6
;|||222|||51|||63|||6
;|||223|||51|||73|||6
;|||224|||51|||80|||6
;|||225|||51|||83|||6
;|||226|||52|||4|||6
;|||227|||52|||27|||6
;|||228|||52|||53|||6
;|||229|||52|||56|||6
;|||230|||52|||66|||6
;|||231|||52|||69|||6
;|||232|||53|||4|||6
;|||233|||53|||20|||6
;|||234|||53|||39|||6
;|||235|||53|||55|||6
;|||236|||53|||58|||6
;|||237|||53|||67|||6
;|||238|||53|||70|||6
;|||239|||54|||20|||6
;|||240|||54|||35|||6
;|||241|||54|||43|||6
;|||242|||54|||46|||6
;|||243|||54|||58|||6
;|||244|||55|||8|||6
;|||245|||55|||21|||6
;|||246|||55|||25|||6
;|||247|||56|||8|||6
;|||248|||56|||17|||6
;|||249|||56|||43|||6
;|||250|||56|||46|||6
;|||251|||57|||6|||6
;|||252|||57|||11|||6
;|||253|||57|||43|||6
;|||254|||57|||46|||6
;|||255|||58|||4|||6
;|||256|||58|||20|||6
;|||257|||58|||41|||6
;|||258|||58|||44|||6
;|||259|||58|||63|||6
;|||260|||58|||66|||6
;|||261|||59|||20|||6
;|||262|||59|||37|||6
sum|||1|||1|||1|||7
sum|||2|||1|||19|||7
fact|||1|||4|||1|||7
fact|||2|||4|||19|||7
arr|||1|||5|||3|||7
arr|||2|||5|||26|||7
arr|||3|||5|||39|||7
arr|||4|||6|||5|||7
arr|||5|||6|||24|||7
sum|||3|||7|||1|||7
arr|||6|||7|||14|||7
sum|||4|||7|||21|||7
arr|||7|||7|||23|||7
a|||1|||8|||1|||7
b|||1|||8|||5|||7
c|||1|||8|||9|||7
a|||2|||8|||32|||7
c|||2|||8|||38|||7
a|||3|||8|||40|||7
b|||2|||8|||42|||7
a|||4|||8|||44|||7
b|||3|||8|||46|||7
b|||4|||8|||48|||7
c|||3|||8|||50|||7
num|||1|||9|||1|||7
count|||1|||9|||5|||7
num|||2|||9|||12|||7
num|||3|||9|||16|||7
count|||2|||9|||20|||7
rev|||1|||10|||1|||7
num|||4|||10|||5|||7
num|||5|||10|||12|||7
num|||6|||10|||16|||7
rev|||2|||10|||20|||7
rev|||3|||10|||22|||7
num|||7|||10|||26|||7
max|||1|||11|||1|||7
arr|||8|||11|||3|||7
arr|||9|||11|||17|||7
arr|||10|||11|||26|||7
max|||2|||11|||31|||7
max|||3|||11|||33|||7
arr|||11|||11|||35|||7
min|||1|||12|||1|||7
arr|||12|||12|||3|||7
arr|||13|||12|||17|||7
arr|||14|||12|||26|||7
min|||2|||12|||31|||7
min|||3|||12|||33|||7
arr|||15|||12|||35|||7
a|||5|||13|||1|||7
b|||5|||13|||5|||7
t|||1|||13|||12|||7
b|||6|||13|||14|||7
t|||2|||13|||18|||7
b|||7|||13|||20|||7
b|||8|||13|||22|||7
a|||6|||13|||24|||7
b|||9|||13|||26|||7
a|||7|||13|||28|||7
t|||3|||13|||30|||7
n|||1|||14|||1|||7
flag|||1|||14|||5|||7
n|||2|||14|||18|||7
n|||3|||14|||27|||7
flag|||2|||14|||33|||7
temp|||1|||15|||7|||7
arr|||16|||15|||11|||7
temp|||2|||15|||21|||7
arr|||17|||15|||23|||7
arr|||18|||15|||28|||7
arr|||19|||15|||33|||7
arr|||20|||15|||35|||7
arr|||21|||15|||44|||7
arr|||22|||15|||46|||7
temp|||3|||15|||55|||7
str|||1|||16|||1|||7
vc|||1|||16|||8|||7
str|||2|||16|||21|||7
str|||3|||16|||38|||7
vc|||2|||16|||49|||7
num|||8|||17|||1|||7
rev|||4|||17|||5|||7
temp|||4|||17|||9|||7
num|||9|||17|||11|||7
temp|||5|||17|||16|||7
temp|||6|||17|||20|||7
rev|||5|||17|||24|||7
rev|||6|||17|||26|||7
temp|||7|||17|||30|||7
x|||1|||18|||1|||7
y|||1|||18|||5|||7
res|||1|||18|||9|||7
y|||2|||18|||22|||7
res|||2|||18|||27|||7
x|||2|||18|||29|||7
s|||1|||19|||1|||7
s|||2|||19|||16|||7
s|||3|||19|||34|||7
arr|||23|||20|||9|||7
j|||1|||20|||21|||7
j|||2|||20|||25|||7
arr|||24|||20|||27|||7
j|||3|||20|||35|||7
arr|||25|||20|||40|||7
j|||4|||20|||42|||7
arr|||26|||20|||45|||7
j|||5|||20|||47|||7
t|||4|||20|||54|||7
arr|||27|||20|||56|||7
j|||6|||20|||58|||7
arr|||28|||20|||61|||7
j|||7|||20|||63|||7
arr|||29|||20|||66|||7
j|||8|||20|||68|||7
arr|||30|||20|||73|||7
j|||9|||20|||75|||7
t|||5|||20|||80|||7
arr|||31|||21|||9|||7
min|||4|||21|||20|||7
j|||10|||21|||27|||7
j|||11|||21|||33|||7
arr|||32|||21|||35|||7
j|||12|||21|||39|||7
arr|||33|||21|||44|||7
j|||13|||21|||46|||7
arr|||34|||21|||49|||7
min|||5|||21|||51|||7
min|||6|||21|||54|||7
j|||14|||21|||56|||7
t|||6|||21|||59|||7
arr|||35|||21|||61|||7
arr|||36|||21|||66|||7
arr|||37|||21|||71|||7
min|||7|||21|||73|||7
arr|||38|||21|||76|||7
min|||8|||21|||78|||7
t|||7|||21|||81|||7
arr|||39|||22|||9|||7
key|||1|||22|||18|||7
arr|||40|||22|||20|||7
j|||15|||22|||25|||7
j|||16|||22|||33|||7
arr|||41|||22|||37|||7
j|||17|||22|||39|||7
key|||2|||22|||42|||7
arr|||42|||22|||44|||7
j|||18|||22|||46|||7
arr|||43|||22|||51|||7
j|||19|||22|||53|||7
arr|||44|||22|||57|||7
j|||20|||22|||59|||7
key|||3|||22|||64|||7
c|||4|||23|||16|||7
j|||21|||23|||23|||7
j|||22|||23|||27|||7
j|||23|||23|||31|||7
c|||5|||23|||41|||7
c|||6|||23|||47|||7
c|||7|||23|||49|||7
j|||24|||23|||54|||7
j|||25|||23|||58|||7
n|||4|||24|||1|||7
r|||1|||24|||5|||7
num|||10|||24|||9|||7
den|||1|||24|||13|||7
r|||2|||24|||26|||7
num|||11|||24|||32|||7
n|||5|||24|||35|||7
den|||2|||24|||40|||7
num|||12|||24|||55|||7
den|||3|||24|||57|||7
num|||13|||25|||1|||7
sum|||5|||25|||5|||7
num|||14|||25|||12|||7
num|||15|||25|||16|||7
sum|||6|||25|||20|||7
num|||16|||25|||22|||7
str|||4|||26|||1|||7
Java|||1|||26|||6|||7
wc|||1|||26|||10|||7
str|||5|||26|||23|||7
str|||6|||26|||34|||7
wc|||2|||26|||44|||7
str|||7|||27|||1|||7
str|||8|||27|||16|||7
str|||9|||27|||35|||7
f|||1|||28|||16|||7
j|||26|||28|||23|||7
j|||27|||28|||27|||7
j|||28|||28|||33|||7
j|||29|||28|||40|||7
f|||2|||28|||44|||7
f|||3|||28|||50|||7
a|||8|||29|||1|||7
b|||10|||29|||5|||7
lcm|||1|||29|||9|||7
a|||9|||29|||12|||7
b|||11|||29|||14|||7
a|||10|||29|||17|||7
b|||12|||29|||19|||7
lcm|||2|||29|||24|||7
a|||11|||29|||26|||7
lcm|||3|||29|||30|||7
b|||13|||29|||32|||7
lcm|||4|||29|||36|||7
lcm|||5|||29|||46|||7
sum|||7|||31|||1|||7
sum|||8|||31|||16|||7
fact|||3|||34|||1|||7
fact|||4|||34|||16|||7
arr|||45|||35|||3|||7
arr|||46|||35|||26|||7
arr|||47|||35|||37|||7
arr|||48|||36|||3|||7
arr|||49|||36|||22|||7
sum|||9|||37|||1|||7
arr|||50|||37|||13|||7
sum|||10|||37|||18|||7
arr|||51|||37|||20|||7
a|||12|||38|||1|||7
b|||14|||38|||5|||7
c|||8|||38|||9|||7
a|||13|||38|||28|||7
c|||9|||38|||34|||7
a|||14|||38|||36|||7
b|||15|||38|||38|||7
a|||15|||38|||40|||7
b|||16|||38|||42|||7
b|||17|||38|||44|||7
c|||10|||38|||46|||7
num|||17|||39|||1|||7
count|||3|||39|||5|||7
num|||18|||39|||11|||7
count|||4|||39|||16|||7
num|||19|||39|||19|||7
rev|||7|||40|||1|||7
num|||20|||40|||5|||7
num|||21|||40|||11|||7
rev|||8|||40|||16|||7
rev|||9|||40|||18|||7
num|||22|||40|||22|||7
num|||23|||40|||26|||7
max|||4|||41|||1|||7
arr|||52|||41|||3|||7
arr|||53|||41|||16|||7
arr|||54|||41|||23|||7
max|||5|||41|||28|||7
max|||6|||41|||30|||7
arr|||55|||41|||32|||7
min|||9|||42|||1|||7
arr|||56|||42|||3|||7
arr|||57|||42|||16|||7
arr|||58|||42|||23|||7
min|||10|||42|||28|||7
min|||11|||42|||30|||7
arr|||59|||42|||32|||7
a|||16|||43|||1|||7
b|||18|||43|||5|||7
t|||8|||43|||9|||7
b|||19|||43|||13|||7
t|||9|||43|||18|||7
b|||20|||43|||20|||7
b|||21|||43|||22|||7
a|||17|||43|||24|||7
b|||22|||43|||26|||7
a|||18|||43|||28|||7
t|||10|||43|||30|||7
n|||6|||44|||1|||7
flag|||3|||44|||5|||7
n|||7|||44|||17|||7
n|||8|||44|||24|||7
flag|||4|||44|||30|||7
temp|||8|||45|||5|||7
arr|||60|||45|||11|||7
temp|||9|||45|||18|||7
arr|||61|||45|||20|||7
arr|||62|||45|||25|||7
arr|||63|||45|||30|||7
arr|||64|||45|||32|||7
arr|||65|||45|||41|||7
arr|||66|||45|||43|||7
temp|||10|||45|||52|||7
str|||10|||46|||1|||7
vc|||3|||46|||8|||7
str|||11|||46|||20|||7
str|||12|||46|||35|||7
vc|||4|||46|||46|||7
num|||24|||47|||1|||7
rev|||10|||47|||5|||7
temp|||11|||47|||9|||7
num|||25|||47|||11|||7
temp|||12|||47|||15|||7
rev|||11|||47|||20|||7
rev|||12|||47|||22|||7
temp|||13|||47|||26|||7
temp|||14|||47|||30|||7
x|||3|||48|||1|||7
y|||3|||48|||5|||7
res|||3|||48|||9|||7
y|||4|||48|||21|||7
res|||4|||48|||24|||7
x|||4|||48|||26|||7
s|||4|||49|||1|||7
s|||5|||49|||16|||7
s|||6|||49|||32|||7
arr|||67|||50|||9|||7
j|||30|||50|||17|||7
j|||31|||50|||23|||7
arr|||68|||50|||25|||7
arr|||69|||50|||36|||7
j|||32|||50|||38|||7
arr|||70|||50|||41|||7
j|||33|||50|||43|||7
t|||11|||50|||50|||7
arr|||71|||50|||52|||7
j|||34|||50|||54|||7
arr|||72|||50|||57|||7
j|||35|||50|||59|||7
arr|||73|||50|||62|||7
j|||36|||50|||64|||7
arr|||74|||50|||69|||7
j|||37|||50|||71|||7
t|||12|||50|||76|||7
j|||38|||50|||79|||7
arr|||75|||51|||9|||7
min|||12|||51|||17|||7
j|||39|||51|||21|||7
j|||40|||51|||29|||7
arr|||76|||51|||31|||7
arr|||77|||51|||38|||7
j|||41|||51|||40|||7
arr|||78|||51|||43|||7
min|||13|||51|||45|||7
min|||14|||51|||48|||7
j|||42|||51|||50|||7
j|||43|||51|||52|||7
t|||13|||51|||57|||7
arr|||79|||51|||59|||7
arr|||80|||51|||64|||7
arr|||81|||51|||69|||7
min|||15|||51|||71|||7
arr|||82|||51|||74|||7
min|||16|||51|||76|||7
t|||14|||51|||79|||7
arr|||83|||52|||9|||7
key|||4|||52|||15|||7
arr|||84|||52|||17|||7
j|||44|||52|||22|||7
j|||45|||52|||30|||7
arr|||85|||52|||34|||7
j|||46|||52|||36|||7
key|||5|||52|||39|||7
arr|||86|||52|||42|||7
j|||47|||52|||44|||7
arr|||87|||52|||49|||7
j|||48|||52|||51|||7
j|||49|||52|||54|||7
arr|||88|||52|||58|||7
j|||50|||52|||60|||7
key|||6|||52|||65|||7
c|||11|||53|||13|||7
j|||51|||53|||17|||7
j|||52|||53|||23|||7
c|||12|||53|||34|||7
c|||13|||53|||40|||7
c|||14|||53|||42|||7
j|||53|||53|||47|||7
j|||54|||53|||51|||7
j|||55|||53|||56|||7
n|||9|||54|||1|||7
r|||3|||54|||5|||7
num|||26|||54|||9|||7
den|||4|||54|||13|||7
r|||4|||54|||25|||7
num|||27|||54|||28|||7
n|||10|||54|||31|||7
den|||5|||54|||36|||7
num|||28|||54|||54|||7
den|||6|||54|||56|||7
num|||29|||55|||1|||7
sum|||11|||55|||5|||7
num|||30|||55|||11|||7
sum|||12|||55|||16|||7
num|||31|||55|||18|||7
num|||32|||55|||22|||7
str|||13|||56|||1|||7
Java|||2|||56|||6|||7
wc|||3|||56|||10|||7
str|||14|||56|||22|||7
str|||15|||56|||31|||7
wc|||4|||56|||41|||7
str|||16|||57|||1|||7
str|||17|||57|||16|||7
str|||18|||57|||33|||7
f|||4|||58|||13|||7
j|||56|||58|||17|||7
j|||57|||58|||23|||7
j|||58|||58|||34|||7
f|||5|||58|||38|||7
j|||59|||58|||42|||7
f|||6|||58|||48|||7
a|||19|||59|||1|||7
b|||23|||59|||5|||7
lcm|||6|||59|||9|||7
a|||20|||59|||12|||7
b|||24|||59|||14|||7
a|||21|||59|||17|||7
b|||25|||59|||19|||7
lcm|||7|||59|||23|||7
a|||22|||59|||25|||7
lcm|||8|||59|||29|||7
b|||26|||59|||31|||7
lcm|||9|||59|||35|||7
lcm|||10|||59|||44|||7
=|||1|||0|||4|||8
=|||2|||1|||2|||8
=|||3|||1|||9|||8
=|||4|||2|||4|||8
=|||5|||3|||4|||8
=|||6|||4|||2|||8
=|||7|||4|||9|||8
=|||8|||5|||4|||8
,|||1|||5|||7|||8
,|||2|||5|||9|||8
,|||3|||5|||11|||8
,|||4|||5|||13|||8
=|||9|||5|||21|||8
=|||10|||6|||4|||8
=|||11|||7|||2|||8
=|||12|||7|||9|||8
=|||13|||8|||2|||8
,|||5|||8|||4|||8
=|||14|||8|||6|||8
,|||6|||8|||8|||8
=|||15|||8|||15|||8
=|||16|||8|||39|||8
=|||17|||8|||45|||8
=|||18|||8|||49|||8
=|||19|||9|||2|||8
,|||7|||9|||4|||8
=|||20|||9|||6|||8
=|||21|||10|||2|||8
,|||8|||10|||4|||8
=|||22|||10|||6|||8
=|||23|||10|||21|||8
=|||24|||11|||2|||8
=|||25|||11|||12|||8
=|||26|||11|||34|||8
=|||27|||12|||2|||8
=|||28|||12|||12|||8
=|||29|||12|||34|||8
=|||30|||13|||2|||8
,|||9|||13|||4|||8
=|||31|||13|||6|||8
=|||32|||13|||19|||8
=|||33|||13|||23|||8
=|||34|||13|||29|||8
=|||35|||14|||2|||8
,|||12|||14|||4|||8
=|||36|||14|||6|||8
=|||37|||14|||13|||8
=|||38|||14|||34|||8
=|||39|||15|||4|||8
,|||13|||15|||6|||8
=|||40|||15|||22|||8
=|||41|||15|||32|||8
=|||42|||15|||54|||8
=|||43|||16|||2|||8
=|||44|||16|||9|||8
=|||45|||16|||16|||8
=|||46|||17|||2|||8
,|||14|||17|||4|||8
=|||47|||17|||6|||8
,|||15|||17|||8|||8
=|||48|||17|||10|||8
=|||49|||17|||25|||8
=|||50|||18|||2|||8
,|||16|||18|||4|||8
=|||51|||18|||6|||8
,|||17|||18|||8|||8
=|||52|||18|||10|||8
=|||53|||18|||17|||8
=|||54|||19|||2|||8
=|||55|||19|||11|||8
=|||56|||20|||4|||8
=|||57|||20|||22|||8
=|||58|||20|||55|||8
=|||59|||20|||65|||8
=|||60|||20|||79|||8
=|||61|||21|||4|||8
=|||62|||21|||21|||8
=|||63|||21|||28|||8
=|||64|||21|||55|||8
=|||65|||21|||60|||8
=|||66|||21|||70|||8
=|||67|||21|||80|||8
=|||68|||22|||4|||8
=|||69|||22|||19|||8
,|||18|||22|||24|||8
=|||70|||22|||26|||8
=|||71|||22|||50|||8
=|||72|||22|||63|||8
=|||73|||23|||4|||8
=|||74|||23|||17|||8
=|||75|||23|||24|||8
=|||76|||23|||48|||8
=|||77|||24|||2|||8
,|||19|||24|||4|||8
=|||78|||24|||6|||8
,|||20|||24|||8|||8
=|||79|||24|||10|||8
,|||21|||24|||12|||8
=|||80|||24|||14|||8
=|||81|||24|||21|||8
=|||82|||25|||2|||8
,|||22|||25|||4|||8
=|||83|||25|||6|||8
=|||84|||26|||2|||8
=|||85|||26|||11|||8
=|||86|||26|||18|||8
=|||87|||27|||2|||8
=|||88|||27|||11|||8
=|||89|||28|||4|||8
=|||90|||28|||17|||8
=|||91|||28|||24|||8
=|||92|||28|||45|||8
=|||93|||29|||2|||8
,|||23|||29|||4|||8
=|||94|||29|||6|||8
,|||24|||29|||8|||8
=|||95|||29|||10|||8
=|||96|||30|||2|||8
=|||97|||31|||2|||8
,|||25|||31|||4|||8
=|||98|||31|||6|||8
=|||99|||32|||2|||8
=|||100|||33|||2|||8
=|||101|||34|||2|||8
,|||26|||34|||4|||8
=|||102|||34|||6|||8
=|||103|||35|||4|||8
,|||27|||35|||7|||8
,|||28|||35|||9|||8
,|||29|||35|||11|||8
,|||30|||35|||13|||8
=|||104|||35|||19|||8
=|||105|||36|||2|||8
=|||106|||37|||2|||8
,|||31|||37|||4|||8
=|||107|||37|||6|||8
=|||108|||38|||2|||8
,|||32|||38|||4|||8
=|||109|||38|||6|||8
,|||33|||38|||8|||8
,|||34|||38|||10|||8
=|||110|||38|||12|||8
=|||111|||38|||35|||8
=|||112|||38|||41|||8
=|||113|||38|||45|||8
=|||114|||39|||2|||8
,|||35|||39|||4|||8
=|||115|||39|||6|||8
=|||116|||40|||2|||8
,|||36|||40|||4|||8
=|||117|||40|||6|||8
=|||118|||40|||17|||8
=|||119|||41|||2|||8
,|||37|||41|||7|||8
=|||120|||41|||9|||8
=|||121|||41|||31|||8
=|||122|||42|||2|||8
,|||38|||42|||7|||8
=|||123|||42|||9|||8
=|||124|||42|||31|||8
=|||125|||43|||2|||8
,|||39|||43|||4|||8
=|||126|||43|||6|||8
,|||40|||43|||8|||8
=|||127|||43|||19|||8
=|||128|||43|||23|||8
=|||129|||43|||29|||8
=|||130|||44|||2|||8
,|||41|||44|||4|||8
=|||131|||44|||6|||8
,|||42|||44|||8|||8
=|||132|||44|||10|||8
=|||133|||44|||31|||8
=|||134|||45|||2|||8
,|||43|||45|||4|||8
=|||135|||45|||19|||8
=|||136|||45|||29|||8
=|||137|||45|||51|||8
=|||138|||46|||2|||8
=|||139|||46|||9|||8
,|||44|||46|||11|||8
=|||140|||46|||13|||8
=|||141|||47|||2|||8
,|||45|||47|||4|||8
=|||142|||47|||6|||8
,|||46|||47|||8|||8
=|||143|||47|||10|||8
=|||144|||47|||21|||8
=|||145|||48|||2|||8
,|||47|||48|||4|||8
=|||146|||48|||6|||8
,|||48|||48|||8|||8
=|||147|||48|||10|||8
,|||49|||48|||12|||8
=|||148|||48|||14|||8
=|||149|||49|||2|||8
=|||150|||49|||9|||8
=|||151|||50|||2|||8
=|||152|||50|||18|||8
=|||153|||50|||51|||8
=|||154|||50|||61|||8
=|||155|||50|||75|||8
=|||156|||51|||2|||8
=|||157|||51|||18|||8
,|||50|||51|||20|||8
=|||158|||51|||22|||8
=|||159|||51|||49|||8
=|||160|||51|||58|||8
=|||161|||51|||68|||8
=|||162|||51|||78|||8
=|||163|||52|||2|||8
=|||164|||52|||16|||8
,|||51|||52|||21|||8
=|||165|||52|||23|||8
=|||166|||52|||48|||8
=|||167|||52|||64|||8
=|||168|||53|||2|||8
=|||169|||53|||14|||8
,|||52|||53|||16|||8
=|||170|||53|||18|||8
=|||171|||53|||41|||8
=|||172|||54|||2|||8
,|||53|||54|||4|||8
=|||173|||54|||6|||8
,|||54|||54|||8|||8
=|||174|||54|||10|||8
,|||55|||54|||12|||8
=|||175|||54|||14|||8
,|||56|||54|||16|||8
=|||176|||54|||18|||8
=|||177|||55|||2|||8
,|||57|||55|||4|||8
=|||178|||55|||6|||8
=|||179|||56|||2|||8
=|||180|||56|||11|||8
,|||58|||56|||13|||8
=|||181|||56|||15|||8
=|||182|||57|||2|||8
=|||183|||57|||9|||8
=|||184|||58|||2|||8
=|||185|||58|||14|||8
,|||59|||58|||16|||8
=|||186|||58|||18|||8
=|||187|||58|||39|||8
=|||188|||59|||2|||8
,|||60|||59|||4|||8
=|||189|||59|||6|||8
,|||61|||59|||8|||8
=|||190|||59|||10|||8
[|||1|||5|||1|||9
]|||1|||5|||2|||9
[|||2|||5|||40|||9
]|||2|||5|||42|||9
[|||3|||6|||25|||9
]|||3|||6|||27|||9
[|||4|||7|||24|||9
]|||4|||7|||26|||9
[|||5|||11|||4|||9
]|||5|||11|||6|||9
[|||6|||11|||27|||9
]|||6|||11|||29|||9
[|||7|||11|||36|||9
]|||7|||11|||38|||9
[|||8|||12|||4|||9
]|||8|||12|||6|||9
[|||9|||12|||27|||9
]|||9|||12|||29|||9
[|||10|||12|||36|||9
]|||10|||12|||38|||9
[|||11|||15|||24|||9
]|||11|||15|||26|||9
[|||12|||15|||29|||9
]|||12|||15|||31|||9
[|||13|||15|||34|||9
]|||13|||15|||42|||9
[|||14|||15|||45|||9
]|||14|||15|||53|||9
charAt|||1|||16|||40|||9
charAt|||2|||19|||36|||9
[|||15|||20|||41|||9
]|||15|||20|||43|||9
[|||16|||20|||46|||9
]|||16|||20|||50|||9
[|||17|||20|||57|||9
]|||17|||20|||59|||9
[|||18|||20|||62|||9
]|||18|||20|||64|||9
[|||19|||20|||67|||9
]|||19|||20|||71|||9
[|||20|||20|||74|||9
]|||20|||20|||78|||9
[|||21|||21|||45|||9
]|||21|||21|||47|||9
[|||22|||21|||50|||9
]|||22|||21|||52|||9
[|||23|||21|||62|||9
]|||23|||21|||64|||9
[|||24|||21|||67|||9
]|||24|||21|||69|||9
[|||25|||21|||72|||9
]|||25|||21|||74|||9
[|||26|||21|||77|||9
]|||26|||21|||79|||9
[|||27|||22|||21|||9
]|||27|||22|||23|||9
[|||28|||22|||38|||9
]|||28|||22|||40|||9
[|||29|||22|||45|||9
]|||29|||22|||49|||9
[|||30|||22|||52|||9
]|||30|||22|||55|||9
[|||31|||22|||58|||9
]|||31|||22|||62|||9
charAt|||3|||26|||36|||9
charAt|||4|||27|||37|||9
[|||32|||35|||1|||9
]|||32|||35|||2|||9
[|||33|||35|||38|||9
]|||33|||35|||40|||9
[|||34|||36|||23|||9
]|||34|||36|||25|||9
[|||35|||37|||21|||9
]|||35|||37|||23|||9
[|||36|||41|||4|||9
]|||36|||41|||6|||9
[|||37|||41|||24|||9
]|||37|||41|||26|||9
[|||38|||41|||33|||9
]|||38|||41|||35|||9
[|||39|||42|||4|||9
]|||39|||42|||6|||9
[|||40|||42|||24|||9
]|||40|||42|||26|||9
[|||41|||42|||33|||9
]|||41|||42|||35|||9
[|||42|||45|||21|||9
]|||42|||45|||23|||9
[|||43|||45|||26|||9
]|||43|||45|||28|||9
[|||44|||45|||31|||9
]|||44|||45|||39|||9
[|||45|||45|||42|||9
]|||45|||45|||50|||9
charAt|||5|||46|||37|||9
charAt|||6|||49|||34|||9
[|||46|||50|||37|||9
]|||46|||50|||39|||9
[|||47|||50|||42|||9
]|||47|||50|||46|||9
[|||48|||50|||53|||9
]|||48|||50|||55|||9
[|||49|||50|||58|||9
]|||49|||50|||60|||9
[|||50|||50|||63|||9
]|||50|||50|||67|||9
[|||51|||50|||70|||9
]|||51|||50|||74|||9
[|||52|||51|||39|||9
]|||52|||51|||41|||9
[|||53|||51|||44|||9
]|||53|||51|||46|||9
[|||54|||51|||60|||9
]|||54|||51|||62|||9
[|||55|||51|||65|||9
]|||55|||51|||67|||9
[|||56|||51|||70|||9
]|||56|||51|||72|||9
[|||57|||51|||75|||9
]|||57|||51|||77|||9
[|||58|||52|||18|||9
]|||58|||52|||20|||9
[|||59|||52|||35|||9
]|||59|||52|||37|||9
[|||60|||52|||43|||9
]|||60|||52|||47|||9
[|||61|||52|||50|||9
]|||61|||52|||52|||9
[|||62|||52|||59|||9
]|||62|||52|||63|||9
charAt|||7|||56|||33|||9
charAt|||8|||57|||35|||9
