i|||1|||0|||3|||0
i|||2|||0|||7|||0
i|||3|||0|||11|||0
i|||4|||0|||20|||0
i|||5|||1|||8|||0
i|||6|||1|||12|||0
i|||7|||1|||16|||0
i|||8|||1|||21|||0
i|||9|||2|||3|||0
i|||10|||2|||7|||0
i|||11|||2|||11|||0
i|||12|||2|||21|||0
i|||13|||3|||3|||0
i|||14|||3|||7|||0
i|||15|||3|||11|||0
i|||16|||3|||21|||0
i|||17|||4|||8|||0
i|||18|||4|||12|||0
i|||19|||4|||16|||0
i|||20|||4|||21|||0
i|||21|||5|||20|||0
i|||22|||5|||24|||0
i|||23|||5|||30|||0
i|||24|||5|||41|||0
i|||25|||6|||3|||0
i|||26|||6|||11|||0
i|||27|||6|||15|||0
i|||28|||6|||26|||0
i|||29|||7|||8|||0
i|||30|||7|||12|||0
i|||31|||7|||18|||0
i|||32|||7|||25|||0
i|||33|||8|||14|||0
i|||34|||8|||18|||0
i|||35|||8|||22|||0
i|||36|||11|||11|||0
i|||37|||11|||15|||0
i|||38|||11|||21|||0
i|||39|||11|||28|||0
i|||40|||11|||37|||0
i|||41|||12|||11|||0
i|||42|||12|||15|||0
i|||43|||12|||21|||0
i|||44|||12|||28|||0
i|||45|||12|||37|||0
i|||46|||14|||12|||0
i|||47|||14|||16|||0
i|||48|||14|||22|||0
i|||49|||14|||29|||0
i|||50|||15|||3|||0
i|||51|||15|||9|||0
i|||52|||15|||17|||0
i|||53|||15|||25|||0
i|||54|||15|||30|||0
i|||55|||15|||39|||0
i|||56|||15|||50|||0
i|||57|||16|||15|||0
i|||58|||16|||19|||0
i|||59|||16|||27|||0
i|||60|||16|||42|||0
i|||61|||18|||16|||0
i|||62|||18|||20|||0
i|||63|||18|||24|||0
i|||64|||19|||10|||0
i|||65|||19|||14|||0
i|||66|||19|||22|||0
i|||67|||19|||38|||0
i|||68|||20|||3|||0
i|||69|||20|||7|||0
i|||70|||20|||15|||0
j|||1|||20|||21|||0
j|||2|||20|||25|||0
i|||71|||20|||31|||0
j|||3|||20|||35|||0
j|||4|||20|||42|||0
j|||5|||20|||47|||0
j|||6|||20|||58|||0
j|||7|||20|||63|||0
j|||8|||20|||68|||0
j|||9|||20|||75|||0
i|||72|||21|||3|||0
i|||73|||21|||7|||0
i|||74|||21|||15|||0
i|||75|||21|||22|||0
j|||10|||21|||27|||0
i|||76|||21|||29|||0
j|||11|||21|||33|||0
j|||12|||21|||39|||0
j|||13|||21|||46|||0
j|||14|||21|||56|||0
i|||77|||21|||63|||0
i|||78|||21|||68|||0
i|||79|||22|||3|||0
i|||80|||22|||7|||0
i|||81|||22|||13|||0
i|||82|||22|||22|||0
j|||15|||22|||25|||0
i|||83|||22|||27|||0
j|||16|||22|||33|||0
j|||17|||22|||39|||0
j|||18|||22|||46|||0
j|||19|||22|||53|||0
j|||20|||22|||59|||0
i|||84|||23|||3|||0
i|||85|||23|||7|||0
i|||86|||23|||11|||0
j|||21|||23|||23|||0
j|||22|||23|||27|||0
i|||87|||23|||29|||0
j|||23|||23|||31|||0
i|||88|||23|||52|||0
j|||24|||23|||54|||0
j|||25|||23|||58|||0
i|||89|||24|||20|||0
i|||90|||24|||24|||0
i|||91|||24|||28|||0
i|||92|||24|||37|||0
i|||93|||24|||43|||0
i|||94|||26|||17|||0
i|||95|||26|||21|||0
i|||96|||26|||29|||0
i|||97|||26|||38|||0
i|||98|||27|||10|||0
i|||99|||27|||14|||0
i|||100|||27|||22|||0
i|||101|||27|||39|||0
i|||102|||28|||3|||0
i|||103|||28|||7|||0
i|||104|||28|||11|||0
j|||26|||28|||23|||0
j|||27|||28|||27|||0
i|||105|||28|||29|||0
j|||28|||28|||33|||0
i|||106|||28|||38|||0
j|||29|||28|||40|||0
i|||107|||28|||60|||0
i|||108|||30|||1|||0
i|||109|||30|||7|||0
i|||110|||30|||18|||0
i|||111|||30|||24|||0
i|||112|||31|||5|||0
i|||113|||31|||11|||0
i|||114|||31|||18|||0
i|||115|||31|||20|||0
i|||116|||32|||1|||0
i|||117|||32|||7|||0
i|||118|||32|||18|||0
i|||119|||32|||24|||0
i|||120|||33|||1|||0
i|||121|||33|||7|||0
i|||122|||33|||18|||0
i|||123|||33|||24|||0
i|||124|||34|||5|||0
i|||125|||34|||11|||0
i|||126|||34|||18|||0
i|||127|||34|||20|||0
i|||128|||35|||18|||0
i|||129|||35|||24|||0
i|||130|||35|||39|||0
i|||131|||35|||46|||0
i|||132|||36|||1|||0
i|||133|||36|||11|||0
i|||134|||36|||24|||0
i|||135|||36|||31|||0
i|||136|||37|||5|||0
i|||137|||37|||11|||0
i|||138|||37|||22|||0
i|||139|||37|||25|||0
i|||140|||38|||11|||0
i|||141|||38|||17|||0
i|||142|||38|||48|||0
i|||143|||41|||8|||0
i|||144|||41|||14|||0
i|||145|||41|||25|||0
i|||146|||41|||34|||0
i|||147|||41|||37|||0
i|||148|||42|||8|||0
i|||149|||42|||14|||0
i|||150|||42|||25|||0
i|||151|||42|||34|||0
i|||152|||42|||37|||0
i|||153|||44|||9|||0
i|||154|||44|||15|||0
i|||155|||44|||26|||0
i|||156|||44|||34|||0
i|||157|||45|||1|||0
i|||158|||45|||9|||0
i|||159|||45|||22|||0
i|||160|||45|||27|||0
i|||161|||45|||36|||0
i|||162|||45|||47|||0
i|||163|||45|||54|||0
i|||164|||46|||12|||0
i|||165|||46|||18|||0
i|||166|||46|||39|||0
i|||167|||46|||49|||0
i|||168|||48|||13|||0
i|||169|||48|||19|||0
i|||170|||48|||28|||0
i|||171|||49|||8|||0
i|||172|||49|||14|||0
i|||173|||49|||36|||0
i|||174|||49|||43|||0
i|||175|||50|||1|||0
i|||176|||50|||7|||0
j|||30|||50|||17|||0
j|||31|||50|||23|||0
i|||177|||50|||29|||0
j|||32|||50|||38|||0
j|||33|||50|||43|||0
j|||34|||50|||54|||0
j|||35|||50|||59|||0
j|||36|||50|||64|||0
j|||37|||50|||71|||0
j|||38|||50|||79|||0
i|||178|||50|||83|||0
i|||179|||51|||1|||0
i|||180|||51|||7|||0
i|||181|||51|||19|||0
j|||39|||51|||21|||0
i|||182|||51|||23|||0
j|||40|||51|||29|||0
j|||41|||51|||40|||0
j|||42|||51|||50|||0
j|||43|||51|||52|||0
i|||183|||51|||61|||0
i|||184|||51|||66|||0
i|||185|||51|||81|||0
i|||186|||52|||1|||0
i|||187|||52|||7|||0
i|||188|||52|||19|||0
j|||44|||52|||22|||0
i|||189|||52|||24|||0
j|||45|||52|||30|||0
j|||46|||52|||36|||0
j|||47|||52|||44|||0
j|||48|||52|||51|||0
j|||49|||52|||54|||0
j|||50|||52|||60|||0
i|||190|||52|||67|||0
i|||191|||53|||1|||0
i|||192|||53|||7|||0
j|||51|||53|||17|||0
j|||52|||53|||23|||0
i|||193|||53|||25|||0
i|||194|||53|||45|||0
j|||53|||53|||47|||0
j|||54|||53|||51|||0
j|||55|||53|||56|||0
i|||195|||53|||68|||0
i|||196|||54|||17|||0
i|||197|||54|||23|||0
i|||198|||54|||33|||0
i|||199|||54|||39|||0
i|||200|||54|||44|||0
i|||201|||56|||14|||0
i|||202|||56|||20|||0
i|||203|||56|||35|||0
i|||204|||56|||44|||0
i|||205|||57|||8|||0
i|||206|||57|||14|||0
i|||207|||57|||37|||0
i|||208|||57|||44|||0
i|||209|||58|||1|||0
i|||210|||58|||7|||0
j|||56|||58|||17|||0
j|||57|||58|||23|||0
i|||211|||58|||25|||0
i|||212|||58|||32|||0
j|||58|||58|||34|||0
j|||59|||58|||42|||0
i|||213|||58|||58|||0
i|||214|||58|||64|||0
=|||1|||0|||4|||1
=|||2|||1|||2|||1
=|||3|||1|||9|||1
=|||4|||2|||4|||1
=|||5|||3|||4|||1
=|||6|||4|||2|||1
=|||7|||4|||9|||1
*=|||1|||4|||20|||1
=|||8|||5|||4|||1
=|||9|||5|||21|||1
=|||10|||6|||4|||1
=|||11|||7|||2|||1
=|||12|||7|||9|||1
=|||13|||8|||2|||1
=|||14|||8|||6|||1
=|||15|||8|||15|||1
=|||16|||8|||39|||1
=|||17|||8|||45|||1
=|||18|||8|||49|||1
=|||19|||9|||2|||1
=|||20|||9|||6|||1
/=|||1|||9|||17|||1
=|||21|||10|||2|||1
=|||22|||10|||6|||1
/=|||2|||10|||17|||1
=|||23|||10|||21|||1
=|||24|||11|||2|||1
=|||25|||11|||12|||1
=|||26|||11|||34|||1
=|||27|||12|||2|||1
=|||28|||12|||12|||1
=|||29|||12|||34|||1
=|||30|||13|||2|||1
=|||31|||13|||6|||1
=|||32|||13|||19|||1
=|||33|||13|||23|||1
=|||34|||13|||29|||1
=|||35|||14|||2|||1
=|||36|||14|||6|||1
=|||37|||14|||13|||1
=|||38|||14|||34|||1
=|||39|||15|||4|||1
=|||40|||15|||22|||1
=|||41|||15|||32|||1
=|||42|||15|||54|||1
=|||43|||16|||2|||1
=|||44|||16|||9|||1
=|||45|||16|||16|||1
=|||46|||17|||2|||1
=|||47|||17|||6|||1
=|||48|||17|||10|||1
/=|||3|||17|||21|||1
=|||49|||17|||25|||1
=|||50|||18|||2|||1
=|||51|||18|||6|||1
=|||52|||18|||10|||1
=|||53|||18|||17|||1
*=|||2|||18|||28|||1
=|||54|||19|||2|||1
=|||55|||19|||11|||1
=|||56|||20|||4|||1
=|||57|||20|||22|||1
=|||58|||20|||55|||1
=|||59|||20|||65|||1
=|||60|||20|||79|||1
=|||61|||21|||4|||1
=|||62|||21|||21|||1
=|||63|||21|||28|||1
=|||64|||21|||55|||1
=|||65|||21|||60|||1
=|||66|||21|||70|||1
=|||67|||21|||80|||1
=|||68|||22|||4|||1
=|||69|||22|||19|||1
=|||70|||22|||26|||1
=|||71|||22|||50|||1
=|||72|||22|||63|||1
=|||73|||23|||4|||1
=|||74|||23|||17|||1
=|||75|||23|||24|||1
=|||76|||23|||48|||1
=|||77|||24|||2|||1
=|||78|||24|||6|||1
=|||79|||24|||10|||1
=|||80|||24|||14|||1
=|||81|||24|||21|||1
*=|||3|||24|||33|||1
*=|||4|||24|||41|||1
=|||82|||25|||2|||1
=|||83|||25|||6|||1
/=|||4|||25|||17|||1
=|||84|||26|||2|||1
=|||85|||26|||11|||1
=|||86|||26|||18|||1
=|||87|||27|||2|||1
=|||88|||27|||11|||1
=|||89|||28|||4|||1
=|||90|||28|||17|||1
=|||91|||28|||24|||1
=|||92|||28|||45|||1
=|||93|||29|||2|||1
=|||94|||29|||6|||1
=|||95|||29|||10|||1
=|||96|||30|||2|||1
=|||97|||31|||2|||1
=|||98|||31|||6|||1
=|||99|||32|||2|||1
=|||100|||33|||2|||1
=|||101|||34|||2|||1
=|||102|||34|||6|||1
*=|||5|||34|||17|||1
=|||103|||35|||4|||1
=|||104|||35|||19|||1
=|||105|||36|||2|||1
=|||106|||37|||2|||1
=|||107|||37|||6|||1
=|||108|||38|||2|||1
=|||109|||38|||6|||1
=|||110|||38|||12|||1
=|||111|||38|||35|||1
=|||112|||38|||41|||1
=|||113|||38|||45|||1
=|||114|||39|||2|||1
=|||115|||39|||6|||1
/=|||5|||39|||20|||1
=|||116|||40|||2|||1
=|||117|||40|||6|||1
=|||118|||40|||17|||1
/=|||6|||40|||27|||1
=|||119|||41|||2|||1
=|||120|||41|||9|||1
=|||121|||41|||31|||1
=|||122|||42|||2|||1
=|||123|||42|||9|||1
=|||124|||42|||31|||1
=|||125|||43|||2|||1
=|||126|||43|||6|||1
=|||127|||43|||19|||1
=|||128|||43|||23|||1
=|||129|||43|||29|||1
=|||130|||44|||2|||1
=|||131|||44|||6|||1
=|||132|||44|||10|||1
=|||133|||44|||31|||1
=|||134|||45|||2|||1
=|||135|||45|||19|||1
=|||136|||45|||29|||1
=|||137|||45|||51|||1
=|||138|||46|||2|||1
=|||139|||46|||9|||1
=|||140|||46|||13|||1
=|||141|||47|||2|||1
=|||142|||47|||6|||1
=|||143|||47|||10|||1
=|||144|||47|||21|||1
/=|||7|||47|||31|||1
=|||145|||48|||2|||1
=|||146|||48|||6|||1
=|||147|||48|||10|||1
=|||148|||48|||14|||1
*=|||6|||48|||25|||1
=|||149|||49|||2|||1
=|||150|||49|||9|||1
=|||151|||50|||2|||1
=|||152|||50|||18|||1
=|||153|||50|||51|||1
=|||154|||50|||61|||1
=|||155|||50|||75|||1
=|||156|||51|||2|||1
=|||157|||51|||18|||1
=|||158|||51|||22|||1
=|||159|||51|||49|||1
=|||160|||51|||58|||1
=|||161|||51|||68|||1
=|||162|||51|||78|||1
=|||163|||52|||2|||1
=|||164|||52|||16|||1
=|||165|||52|||23|||1
=|||166|||52|||48|||1
=|||167|||52|||64|||1
=|||168|||53|||2|||1
=|||169|||53|||14|||1
=|||170|||53|||18|||1
=|||171|||53|||41|||1
=|||172|||54|||2|||1
=|||173|||54|||6|||1
=|||174|||54|||10|||1
=|||175|||54|||14|||1
=|||176|||54|||18|||1
*=|||7|||54|||29|||1
*=|||8|||54|||37|||1
=|||177|||55|||2|||1
=|||178|||55|||6|||1
/=|||8|||55|||23|||1
=|||179|||56|||2|||1
=|||180|||56|||11|||1
=|||181|||56|||15|||1
=|||182|||57|||2|||1
=|||183|||57|||9|||1
=|||184|||58|||2|||1
=|||185|||58|||14|||1
=|||186|||58|||18|||1
=|||187|||58|||39|||1
=|||188|||59|||2|||1
=|||189|||59|||6|||1
=|||190|||59|||10|||1
1|||1|||0|||5|||2
5|||1|||0|||9|||2
sum|||1|||1|||1|||2
0|||1|||1|||3|||2
1|||2|||1|||10|||2
5|||2|||1|||14|||2
sum|||2|||1|||19|||2
2|||1|||2|||5|||2
10|||1|||2|||9|||2
2|||2|||2|||13|||2
1|||3|||3|||5|||2
10|||2|||3|||9|||2
2|||3|||3|||13|||2
fact|||1|||4|||1|||2
1|||4|||4|||3|||2
1|||5|||4|||10|||2
5|||3|||4|||14|||2
fact|||2|||4|||19|||2
1|||6|||5|||6|||2
2|||4|||5|||8|||2
3|||1|||5|||10|||2
4|||1|||5|||12|||2
5|||4|||5|||14|||2
0|||2|||5|||22|||2
1|||7|||6|||9|||2
0|||3|||6|||13|||2
sum|||3|||7|||1|||2
0|||4|||7|||3|||2
0|||5|||7|||10|||2
sum|||4|||7|||21|||2
a|||1|||8|||1|||2
0|||6|||8|||3|||2
b|||1|||8|||5|||2
1|||8|||8|||7|||2
c|||1|||8|||9|||2
0|||7|||8|||16|||2
5|||5|||8|||20|||2
a|||2|||8|||32|||2
c|||2|||8|||38|||2
a|||3|||8|||40|||2
b|||2|||8|||42|||2
a|||4|||8|||44|||2
b|||3|||8|||46|||2
b|||4|||8|||48|||2
c|||3|||8|||50|||2
num|||1|||9|||1|||2
12345|||1|||9|||3|||2
count|||1|||9|||5|||2
0|||8|||9|||7|||2
num|||2|||9|||12|||2
0|||9|||9|||14|||2
num|||3|||9|||16|||2
10|||3|||9|||18|||2
count|||2|||9|||20|||2
rev|||1|||10|||1|||2
0|||10|||10|||3|||2
num|||4|||10|||5|||2
1234|||1|||10|||7|||2
num|||5|||10|||12|||2
0|||11|||10|||14|||2
num|||6|||10|||16|||2
10|||4|||10|||18|||2
rev|||2|||10|||20|||2
rev|||3|||10|||22|||2
10|||5|||10|||24|||2
num|||7|||10|||26|||2
10|||6|||10|||28|||2
max|||1|||11|||1|||2
0|||12|||11|||5|||2
1|||9|||11|||13|||2
max|||2|||11|||31|||2
max|||3|||11|||33|||2
min|||1|||12|||1|||2
0|||13|||12|||5|||2
1|||10|||12|||13|||2
min|||2|||12|||31|||2
min|||3|||12|||33|||2
a|||5|||13|||1|||2
24|||1|||13|||3|||2
b|||5|||13|||5|||2
36|||1|||13|||7|||2
t|||1|||13|||12|||2
b|||6|||13|||14|||2
0|||14|||13|||16|||2
t|||2|||13|||18|||2
b|||7|||13|||20|||2
b|||8|||13|||22|||2
a|||6|||13|||24|||2
b|||9|||13|||26|||2
a|||7|||13|||28|||2
t|||3|||13|||30|||2
n|||1|||14|||1|||2
17|||1|||14|||3|||2
flag|||1|||14|||5|||2
1|||11|||14|||7|||2
2|||5|||14|||14|||2
n|||2|||14|||18|||2
2|||6|||14|||20|||2
n|||3|||14|||27|||2
0|||15|||14|||31|||2
flag|||2|||14|||33|||2
0|||16|||14|||35|||2
0|||17|||15|||5|||2
temp|||1|||15|||7|||2
2|||7|||15|||15|||2
temp|||2|||15|||21|||2
1|||12|||15|||41|||2
1|||13|||15|||52|||2
temp|||3|||15|||55|||2
String|||1|||16|||0|||2
str|||1|||16|||1|||2
hello|||1|||16|||4|||2
vc|||1|||16|||8|||2
0|||18|||16|||10|||2
0|||19|||16|||17|||2
str|||2|||16|||21|||2
aeiou|||1|||16|||33|||2
str|||3|||16|||38|||2
1|||14|||16|||47|||2
vc|||2|||16|||49|||2
num|||8|||17|||1|||2
121|||1|||17|||3|||2
rev|||4|||17|||5|||2
0|||20|||17|||7|||2
temp|||4|||17|||9|||2
num|||9|||17|||11|||2
temp|||5|||17|||16|||2
0|||21|||17|||18|||2
temp|||6|||17|||20|||2
10|||7|||17|||22|||2
rev|||5|||17|||24|||2
rev|||6|||17|||26|||2
10|||8|||17|||28|||2
temp|||7|||17|||30|||2
10|||9|||17|||32|||2
x|||1|||18|||1|||2
2|||8|||18|||3|||2
y|||1|||18|||5|||2
3|||2|||18|||7|||2
res|||1|||18|||9|||2
1|||15|||18|||11|||2
0|||22|||18|||18|||2
y|||2|||18|||22|||2
res|||2|||18|||27|||2
x|||2|||18|||29|||2
String|||2|||19|||0|||2
s|||1|||19|||1|||2
abc|||1|||19|||4|||2
0|||23|||19|||12|||2
s|||2|||19|||16|||2
s|||3|||19|||34|||2
0|||24|||20|||5|||2
1|||16|||20|||13|||2
0|||25|||20|||23|||2
1|||17|||20|||33|||2
1|||18|||20|||49|||2
t|||4|||20|||54|||2
1|||19|||20|||70|||2
1|||20|||20|||77|||2
t|||5|||20|||80|||2
0|||26|||21|||5|||2
1|||21|||21|||13|||2
min|||4|||21|||20|||2
1|||22|||21|||31|||2
min|||5|||21|||51|||2
min|||6|||21|||54|||2
t|||6|||21|||59|||2
min|||7|||21|||73|||2
min|||8|||21|||78|||2
t|||7|||21|||81|||2
1|||23|||22|||5|||2
key|||1|||22|||18|||2
1|||24|||22|||29|||2
0|||27|||22|||35|||2
key|||2|||22|||42|||2
1|||25|||22|||48|||2
1|||26|||22|||61|||2
key|||3|||22|||64|||2
0|||28|||23|||5|||2
5|||6|||23|||9|||2
c|||4|||23|||16|||2
1|||27|||23|||18|||2
0|||29|||23|||25|||2
c|||5|||23|||41|||2
c|||6|||23|||47|||2
c|||7|||23|||49|||2
1|||28|||23|||60|||2
n|||4|||24|||1|||2
5|||7|||24|||3|||2
r|||1|||24|||5|||2
2|||9|||24|||7|||2
num|||10|||24|||9|||2
1|||29|||24|||11|||2
den|||1|||24|||13|||2
1|||30|||24|||15|||2
0|||30|||24|||22|||2
r|||2|||24|||26|||2
num|||11|||24|||32|||2
n|||5|||24|||35|||2
den|||2|||24|||40|||2
1|||31|||24|||45|||2
num|||12|||24|||55|||2
den|||3|||24|||57|||2
num|||13|||25|||1|||2
123|||1|||25|||3|||2
sum|||5|||25|||5|||2
0|||31|||25|||7|||2
num|||14|||25|||12|||2
0|||32|||25|||14|||2
num|||15|||25|||16|||2
10|||10|||25|||18|||2
sum|||6|||25|||20|||2
num|||16|||25|||22|||2
10|||11|||25|||24|||2
String|||3|||26|||0|||2
str|||4|||26|||1|||2
Hello|||1|||26|||4|||2
world|||1|||26|||5|||2
Java|||1|||26|||6|||2
wc|||1|||26|||10|||2
1|||32|||26|||12|||2
0|||33|||26|||19|||2
str|||5|||26|||23|||2
str|||6|||26|||34|||2
wc|||2|||26|||44|||2
String|||4|||27|||0|||2
str|||7|||27|||1|||2
hello|||2|||27|||4|||2
0|||34|||27|||12|||2
str|||8|||27|||16|||2
char|||1|||27|||32|||2
str|||9|||27|||35|||2
32|||1|||27|||42|||2
2|||10|||28|||5|||2
50|||1|||28|||9|||2
f|||1|||28|||16|||2
1|||33|||28|||18|||2
2|||11|||28|||25|||2
2|||12|||28|||31|||2
0|||35|||28|||42|||2
f|||2|||28|||44|||2
0|||36|||28|||46|||2
f|||3|||28|||50|||2
1|||34|||28|||52|||2
a|||8|||29|||1|||2
12|||1|||29|||3|||2
b|||10|||29|||5|||2
18|||1|||29|||7|||2
lcm|||1|||29|||9|||2
a|||9|||29|||12|||2
b|||11|||29|||14|||2
a|||10|||29|||17|||2
b|||12|||29|||19|||2
lcm|||2|||29|||24|||2
a|||11|||29|||26|||2
0|||37|||29|||28|||2
lcm|||3|||29|||30|||2
b|||13|||29|||32|||2
0|||38|||29|||34|||2
lcm|||4|||29|||36|||2
lcm|||5|||29|||46|||2
1|||35|||30|||3|||2
5|||8|||30|||9|||2
sum|||7|||31|||1|||2
0|||39|||31|||3|||2
1|||36|||31|||7|||2
5|||9|||31|||13|||2
sum|||8|||31|||16|||2
2|||13|||32|||3|||2
10|||12|||32|||9|||2
2|||14|||32|||26|||2
1|||37|||33|||3|||2
10|||13|||33|||9|||2
2|||15|||33|||26|||2
fact|||3|||34|||1|||2
1|||38|||34|||3|||2
1|||39|||34|||7|||2
5|||10|||34|||13|||2
fact|||4|||34|||16|||2
1|||40|||35|||6|||2
2|||16|||35|||8|||2
3|||3|||35|||10|||2
4|||2|||35|||12|||2
5|||11|||35|||14|||2
0|||40|||35|||20|||2
1|||41|||36|||7|||2
0|||41|||36|||13|||2
sum|||9|||37|||1|||2
0|||42|||37|||3|||2
0|||43|||37|||7|||2
sum|||10|||37|||18|||2
a|||12|||38|||1|||2
0|||44|||38|||3|||2
b|||14|||38|||5|||2
1|||42|||38|||7|||2
c|||8|||38|||9|||2
0|||45|||38|||13|||2
5|||12|||38|||19|||2
a|||13|||38|||28|||2
c|||9|||38|||34|||2
a|||14|||38|||36|||2
b|||15|||38|||38|||2
a|||15|||38|||40|||2
b|||16|||38|||42|||2
b|||17|||38|||44|||2
c|||10|||38|||46|||2
num|||17|||39|||1|||2
12345|||2|||39|||3|||2
count|||3|||39|||5|||2
0|||46|||39|||7|||2
num|||18|||39|||11|||2
0|||47|||39|||13|||2
count|||4|||39|||16|||2
num|||19|||39|||19|||2
10|||14|||39|||21|||2
rev|||7|||40|||1|||2
0|||48|||40|||3|||2
num|||20|||40|||5|||2
1234|||2|||40|||7|||2
num|||21|||40|||11|||2
0|||49|||40|||13|||2
rev|||8|||40|||16|||2
rev|||9|||40|||18|||2
10|||15|||40|||20|||2
num|||22|||40|||22|||2
10|||16|||40|||24|||2
num|||23|||40|||26|||2
10|||17|||40|||28|||2
max|||4|||41|||1|||2
0|||50|||41|||5|||2
1|||43|||41|||10|||2
max|||5|||41|||28|||2
max|||6|||41|||30|||2
min|||9|||42|||1|||2
0|||51|||42|||5|||2
1|||44|||42|||10|||2
min|||10|||42|||28|||2
min|||11|||42|||30|||2
a|||16|||43|||1|||2
24|||2|||43|||3|||2
b|||18|||43|||5|||2
36|||2|||43|||7|||2
t|||8|||43|||9|||2
b|||19|||43|||13|||2
0|||52|||43|||15|||2
t|||9|||43|||18|||2
b|||20|||43|||20|||2
b|||21|||43|||22|||2
a|||17|||43|||24|||2
b|||22|||43|||26|||2
a|||18|||43|||28|||2
t|||10|||43|||30|||2
n|||6|||44|||1|||2
17|||2|||44|||3|||2
flag|||3|||44|||5|||2
1|||45|||44|||7|||2
2|||17|||44|||11|||2
n|||7|||44|||17|||2
2|||18|||44|||19|||2
n|||8|||44|||24|||2
0|||53|||44|||28|||2
flag|||4|||44|||30|||2
0|||54|||44|||32|||2
0|||55|||45|||3|||2
temp|||8|||45|||5|||2
2|||19|||45|||15|||2
temp|||9|||45|||18|||2
1|||46|||45|||38|||2
1|||47|||45|||49|||2
temp|||10|||45|||52|||2
String|||5|||46|||0|||2
str|||10|||46|||1|||2
hello|||3|||46|||4|||2
vc|||3|||46|||8|||2
0|||56|||46|||10|||2
0|||57|||46|||14|||2
str|||11|||46|||20|||2
aeiou|||2|||46|||30|||2
str|||12|||46|||35|||2
1|||48|||46|||44|||2
vc|||4|||46|||46|||2
num|||24|||47|||1|||2
121|||2|||47|||3|||2
rev|||10|||47|||5|||2
0|||58|||47|||7|||2
temp|||11|||47|||9|||2
num|||25|||47|||11|||2
temp|||12|||47|||15|||2
0|||59|||47|||17|||2
rev|||11|||47|||20|||2
rev|||12|||47|||22|||2
10|||18|||47|||24|||2
temp|||13|||47|||26|||2
10|||19|||47|||28|||2
temp|||14|||47|||30|||2
10|||20|||47|||32|||2
x|||3|||48|||1|||2
2|||20|||48|||3|||2
y|||3|||48|||5|||2
3|||4|||48|||7|||2
res|||3|||48|||9|||2
1|||49|||48|||11|||2
0|||60|||48|||15|||2
y|||4|||48|||21|||2
res|||4|||48|||24|||2
x|||4|||48|||26|||2
String|||6|||49|||0|||2
s|||4|||49|||1|||2
abc|||2|||49|||4|||2
0|||61|||49|||10|||2
s|||5|||49|||16|||2
s|||6|||49|||32|||2
0|||62|||50|||3|||2
1|||50|||50|||13|||2
0|||63|||50|||19|||2
1|||51|||50|||31|||2
1|||52|||50|||45|||2
t|||11|||50|||50|||2
1|||53|||50|||66|||2
1|||54|||50|||73|||2
t|||12|||50|||76|||2
0|||64|||51|||3|||2
1|||55|||51|||13|||2
min|||12|||51|||17|||2
1|||56|||51|||25|||2
min|||13|||51|||45|||2
min|||14|||51|||48|||2
t|||13|||51|||57|||2
min|||15|||51|||71|||2
min|||16|||51|||76|||2
t|||14|||51|||79|||2
1|||57|||52|||3|||2
key|||4|||52|||15|||2
1|||58|||52|||26|||2
0|||65|||52|||32|||2
key|||5|||52|||39|||2
1|||59|||52|||46|||2
1|||60|||52|||62|||2
key|||6|||52|||65|||2
0|||66|||53|||3|||2
5|||13|||53|||9|||2
c|||11|||53|||13|||2
1|||61|||53|||15|||2
0|||67|||53|||19|||2
c|||12|||53|||34|||2
c|||13|||53|||40|||2
c|||14|||53|||42|||2
1|||62|||53|||53|||2
n|||9|||54|||1|||2
5|||14|||54|||3|||2
r|||3|||54|||5|||2
2|||21|||54|||7|||2
num|||26|||54|||9|||2
1|||63|||54|||11|||2
den|||4|||54|||13|||2
1|||64|||54|||15|||2
0|||68|||54|||19|||2
r|||4|||54|||25|||2
num|||27|||54|||28|||2
n|||10|||54|||31|||2
den|||5|||54|||36|||2
1|||65|||54|||41|||2
num|||28|||54|||54|||2
den|||6|||54|||56|||2
num|||29|||55|||1|||2
123|||2|||55|||3|||2
sum|||11|||55|||5|||2
0|||69|||55|||7|||2
num|||30|||55|||11|||2
0|||70|||55|||13|||2
sum|||12|||55|||16|||2
num|||31|||55|||18|||2
10|||21|||55|||20|||2
num|||32|||55|||22|||2
10|||22|||55|||24|||2
String|||7|||56|||0|||2
str|||13|||56|||1|||2
Hello|||2|||56|||4|||2
world|||2|||56|||5|||2
Java|||2|||56|||6|||2
wc|||3|||56|||10|||2
1|||66|||56|||12|||2
0|||71|||56|||16|||2
str|||14|||56|||22|||2
str|||15|||56|||31|||2
wc|||4|||56|||41|||2
String|||8|||57|||0|||2
str|||16|||57|||1|||2
hello|||4|||57|||4|||2
0|||72|||57|||10|||2
str|||17|||57|||16|||2
char|||2|||57|||30|||2
str|||18|||57|||33|||2
32|||2|||57|||40|||2
2|||22|||58|||3|||2
50|||2|||58|||9|||2
f|||4|||58|||13|||2
1|||67|||58|||15|||2
2|||23|||58|||19|||2
2|||24|||58|||27|||2
0|||73|||58|||36|||2
f|||5|||58|||38|||2
0|||74|||58|||40|||2
f|||6|||58|||48|||2
1|||68|||58|||50|||2
a|||19|||59|||1|||2
12|||2|||59|||3|||2
b|||23|||59|||5|||2
18|||2|||59|||7|||2
lcm|||6|||59|||9|||2
a|||20|||59|||12|||2
b|||24|||59|||14|||2
a|||21|||59|||17|||2
b|||25|||59|||19|||2
lcm|||7|||59|||23|||2
a|||22|||59|||25|||2
0|||75|||59|||27|||2
lcm|||8|||59|||29|||2
b|||26|||59|||31|||2
0|||76|||59|||33|||2
lcm|||9|||59|||35|||2
lcm|||10|||59|||44|||2
arr|||1|||5|||3|||3
arr|||2|||5|||26|||3
arr|||3|||5|||39|||3
arr|||4|||6|||5|||3
arr|||5|||6|||24|||3
arr|||6|||7|||14|||3
arr|||7|||7|||23|||3
arr|||8|||11|||3|||3
arr|||9|||11|||17|||3
arr|||10|||11|||26|||3
arr|||11|||11|||35|||3
arr|||12|||12|||3|||3
arr|||13|||12|||17|||3
arr|||14|||12|||26|||3
arr|||15|||12|||35|||3
arr|||16|||15|||11|||3
arr|||17|||15|||23|||3
arr|||18|||15|||28|||3
arr|||19|||15|||33|||3
arr|||20|||15|||35|||3
arr|||21|||15|||44|||3
arr|||22|||15|||46|||3
arr|||23|||20|||9|||3
arr|||24|||20|||27|||3
arr|||25|||20|||40|||3
arr|||26|||20|||45|||3
arr|||27|||20|||56|||3
arr|||28|||20|||61|||3
arr|||29|||20|||66|||3
arr|||30|||20|||73|||3
arr|||31|||21|||9|||3
arr|||32|||21|||35|||3
arr|||33|||21|||44|||3
arr|||34|||21|||49|||3
arr|||35|||21|||61|||3
arr|||36|||21|||66|||3
arr|||37|||21|||71|||3
arr|||38|||21|||76|||3
arr|||39|||22|||9|||3
arr|||40|||22|||20|||3
arr|||41|||22|||37|||3
arr|||42|||22|||44|||3
arr|||43|||22|||51|||3
arr|||44|||22|||57|||3
arr|||45|||35|||3|||3
arr|||46|||35|||26|||3
arr|||47|||35|||37|||3
arr|||48|||36|||3|||3
arr|||49|||36|||22|||3
arr|||50|||37|||13|||3
arr|||51|||37|||20|||3
arr|||52|||41|||3|||3
arr|||53|||41|||16|||3
arr|||54|||41|||23|||3
arr|||55|||41|||32|||3
arr|||56|||42|||3|||3
arr|||57|||42|||16|||3
arr|||58|||42|||23|||3
arr|||59|||42|||32|||3
arr|||60|||45|||11|||3
arr|||61|||45|||20|||3
arr|||62|||45|||25|||3
arr|||63|||45|||30|||3
arr|||64|||45|||32|||3
arr|||65|||45|||41|||3
arr|||66|||45|||43|||3
arr|||67|||50|||9|||3
arr|||68|||50|||25|||3
arr|||69|||50|||36|||3
arr|||70|||50|||41|||3
arr|||71|||50|||52|||3
arr|||72|||50|||57|||3
arr|||73|||50|||62|||3
arr|||74|||50|||69|||3
arr|||75|||51|||9|||3
arr|||76|||51|||31|||3
arr|||77|||51|||38|||3
arr|||78|||51|||43|||3
arr|||79|||51|||59|||3
arr|||80|||51|||64|||3
arr|||81|||51|||69|||3
arr|||82|||51|||74|||3
arr|||83|||52|||9|||3
arr|||84|||52|||17|||3
arr|||85|||52|||34|||3
arr|||86|||52|||42|||3
arr|||87|||52|||49|||3
arr|||88|||52|||58|||3
++|||1|||0|||12|||4
System|||1|||0|||14|||4
.|||1|||0|||15|||4
out|||1|||0|||16|||4
.|||2|||0|||17|||4
print|||1|||0|||18|||4
+|||1|||0|||21|||4
++|||2|||1|||17|||4
+=|||1|||1|||20|||4
+=|||2|||2|||12|||4
System|||2|||2|||15|||4
.|||3|||2|||16|||4
out|||2|||2|||17|||4
.|||4|||2|||18|||4
print|||2|||2|||19|||4
+|||2|||2|||22|||4
+=|||3|||3|||12|||4
System|||3|||3|||15|||4
.|||5|||3|||16|||4
out|||3|||3|||17|||4
.|||6|||3|||18|||4
print|||3|||3|||19|||4
+|||3|||3|||22|||4
++|||3|||4|||17|||4
[|||1|||5|||1|||4
,|||1|||5|||7|||4
,|||2|||5|||9|||4
,|||3|||5|||11|||4
,|||4|||5|||13|||4
.|||7|||5|||27|||4
++|||4|||5|||31|||4
System|||4|||5|||33|||4
.|||8|||5|||34|||4
out|||4|||5|||35|||4
.|||9|||5|||36|||4
print|||4|||5|||37|||4
[|||2|||5|||40|||4
+|||4|||5|||43|||4
.|||10|||6|||6|||4
-|||1|||6|||8|||4
--|||1|||6|||16|||4
System|||5|||6|||18|||4
.|||11|||6|||19|||4
out|||5|||6|||20|||4
.|||12|||6|||21|||4
print|||5|||6|||22|||4
[|||3|||6|||25|||4
+|||5|||6|||28|||4
.|||13|||7|||15|||4
++|||5|||7|||19|||4
+=|||4|||7|||22|||4
[|||4|||7|||24|||4
,|||5|||8|||4|||4
,|||6|||8|||8|||4
++|||6|||8|||23|||4
System|||6|||8|||26|||4
.|||14|||8|||27|||4
out|||6|||8|||28|||4
.|||15|||8|||29|||4
print|||6|||8|||30|||4
+|||6|||8|||33|||4
+|||7|||8|||41|||4
,|||7|||9|||4|||4
++|||7|||9|||21|||4
,|||8|||10|||4|||4
*|||1|||10|||23|||4
+|||8|||10|||25|||4
[|||5|||11|||4|||4
.|||16|||11|||18|||4
++|||8|||11|||22|||4
[|||6|||11|||27|||4
[|||7|||11|||36|||4
[|||8|||12|||4|||4
.|||17|||12|||18|||4
++|||9|||12|||22|||4
[|||9|||12|||27|||4
[|||10|||12|||36|||4
,|||9|||13|||4|||4
,|||10|||13|||21|||4
,|||11|||13|||27|||4
,|||12|||14|||4|||4
/|||1|||14|||19|||4
++|||10|||14|||23|||4
,|||13|||15|||6|||4
.|||18|||15|||12|||4
/|||2|||15|||14|||4
++|||11|||15|||18|||4
[|||11|||15|||24|||4
[|||12|||15|||29|||4
[|||13|||15|||34|||4
.|||19|||15|||36|||4
-|||2|||15|||38|||4
-|||3|||15|||40|||4
[|||14|||15|||45|||4
.|||20|||15|||47|||4
-|||4|||15|||49|||4
-|||5|||15|||51|||4
.|||21|||16|||22|||4
++|||12|||16|||28|||4
.|||22|||16|||35|||4
indexOf|||1|||16|||36|||4
.|||23|||16|||39|||4
charAt|||1|||16|||40|||4
-|||6|||16|||46|||4
++|||13|||16|||50|||4
,|||14|||17|||4|||4
,|||15|||17|||8|||4
*|||2|||17|||27|||4
+|||9|||17|||29|||4
,|||16|||18|||4|||4
,|||17|||18|||8|||4
++|||14|||18|||25|||4
.|||24|||19|||17|||4
++|||15|||19|||23|||4
System|||7|||19|||25|||4
.|||25|||19|||26|||4
out|||7|||19|||27|||4
.|||26|||19|||28|||4
print|||7|||19|||29|||4
.|||27|||19|||35|||4
charAt|||2|||19|||36|||4
+|||10|||19|||40|||4
.|||28|||20|||10|||4
-|||7|||20|||12|||4
++|||16|||20|||16|||4
.|||29|||20|||28|||4
-|||8|||20|||30|||4
-|||9|||20|||32|||4
++|||17|||20|||36|||4
[|||15|||20|||41|||4
[|||16|||20|||46|||4
+|||11|||20|||48|||4
[|||17|||20|||57|||4
[|||18|||20|||62|||4
[|||19|||20|||67|||4
+|||12|||20|||69|||4
[|||20|||20|||74|||4
+|||13|||20|||76|||4
.|||30|||21|||10|||4
-|||10|||21|||12|||4
++|||18|||21|||16|||4
+|||14|||21|||30|||4
.|||31|||21|||36|||4
++|||19|||21|||40|||4
[|||21|||21|||45|||4
[|||22|||21|||50|||4
[|||23|||21|||62|||4
[|||24|||21|||67|||4
[|||25|||21|||72|||4
[|||26|||21|||77|||4
.|||32|||22|||10|||4
++|||20|||22|||14|||4
[|||27|||22|||21|||4
,|||18|||22|||24|||4
-|||11|||22|||28|||4
&&|||1|||22|||36|||4
[|||28|||22|||38|||4
[|||29|||22|||45|||4
+|||15|||22|||47|||4
[|||30|||22|||52|||4
--|||2|||22|||54|||4
[|||31|||22|||58|||4
+|||16|||22|||60|||4
++|||21|||23|||12|||4
++|||22|||23|||32|||4
System|||8|||23|||35|||4
.|||33|||23|||36|||4
out|||8|||23|||37|||4
.|||34|||23|||38|||4
print|||8|||23|||39|||4
+|||17|||23|||42|||4
*|||3|||23|||50|||4
-|||12|||23|||53|||4
/|||3|||23|||56|||4
+|||18|||23|||59|||4
System|||9|||23|||64|||4
.|||35|||23|||65|||4
out|||9|||23|||66|||4
.|||36|||23|||67|||4
println|||1|||23|||68|||4
,|||19|||24|||4|||4
,|||20|||24|||8|||4
,|||21|||24|||12|||4
++|||23|||24|||29|||4
-|||13|||24|||36|||4
+|||19|||24|||44|||4
System|||10|||24|||49|||4
.|||37|||24|||50|||4
out|||10|||24|||51|||4
.|||38|||24|||52|||4
print|||9|||24|||53|||4
/|||4|||24|||56|||4
,|||22|||25|||4|||4
+=|||5|||25|||21|||4
.|||39|||26|||24|||4
++|||24|||26|||30|||4
.|||40|||26|||35|||4
charAt|||3|||26|||36|||4
++|||25|||26|||45|||4
.|||41|||27|||17|||4
++|||26|||27|||23|||4
System|||11|||27|||25|||4
.|||42|||27|||26|||4
out|||11|||27|||27|||4
.|||43|||27|||28|||4
print|||10|||27|||29|||4
.|||44|||27|||36|||4
charAt|||4|||27|||37|||4
-|||14|||27|||41|||4
++|||27|||28|||12|||4
/|||5|||28|||30|||4
++|||28|||28|||34|||4
System|||12|||28|||54|||4
.|||45|||28|||55|||4
out|||12|||28|||56|||4
.|||46|||28|||57|||4
print|||11|||28|||58|||4
+|||20|||28|||61|||4
,|||23|||29|||4|||4
,|||24|||29|||8|||4
?|||1|||29|||16|||4
:|||1|||29|||18|||4
|||||1|||29|||29|||4
++|||29|||29|||37|||4
System|||13|||29|||40|||4
.|||47|||29|||41|||4
out|||13|||29|||42|||4
.|||48|||29|||43|||4
print|||12|||29|||44|||4
System|||14|||30|||12|||4
.|||49|||30|||13|||4
out|||14|||30|||14|||4
.|||50|||30|||15|||4
print|||13|||30|||16|||4
+|||21|||30|||19|||4
++|||30|||30|||25|||4
,|||25|||31|||4|||4
+=|||6|||31|||17|||4
++|||31|||31|||21|||4
System|||15|||32|||12|||4
.|||51|||32|||13|||4
out|||15|||32|||14|||4
.|||52|||32|||15|||4
print|||14|||32|||16|||4
+|||22|||32|||19|||4
+=|||7|||32|||25|||4
System|||16|||33|||12|||4
.|||53|||33|||13|||4
out|||16|||33|||14|||4
.|||54|||33|||15|||4
print|||15|||33|||16|||4
+|||23|||33|||19|||4
+=|||8|||33|||25|||4
,|||26|||34|||4|||4
++|||32|||34|||21|||4
[|||32|||35|||1|||4
,|||27|||35|||7|||4
,|||28|||35|||9|||4
,|||29|||35|||11|||4
,|||30|||35|||13|||4
.|||55|||35|||27|||4
System|||17|||35|||31|||4
.|||56|||35|||32|||4
out|||17|||35|||33|||4
.|||57|||35|||34|||4
print|||16|||35|||35|||4
[|||33|||35|||38|||4
+|||24|||35|||41|||4
++|||33|||35|||47|||4
.|||58|||36|||4|||4
-|||15|||36|||6|||4
System|||18|||36|||16|||4
.|||59|||36|||17|||4
out|||18|||36|||18|||4
.|||60|||36|||19|||4
print|||17|||36|||20|||4
[|||34|||36|||23|||4
+|||25|||36|||26|||4
--|||3|||36|||32|||4
,|||31|||37|||4|||4
.|||61|||37|||14|||4
+=|||9|||37|||19|||4
[|||35|||37|||21|||4
++|||34|||37|||26|||4
,|||32|||38|||4|||4
,|||33|||38|||8|||4
,|||34|||38|||10|||4
System|||19|||38|||22|||4
.|||62|||38|||23|||4
out|||19|||38|||24|||4
.|||63|||38|||25|||4
print|||18|||38|||26|||4
+|||26|||38|||29|||4
+|||27|||38|||37|||4
++|||35|||38|||49|||4
,|||35|||39|||4|||4
++|||36|||39|||17|||4
,|||36|||40|||4|||4
*|||4|||40|||19|||4
+|||28|||40|||21|||4
[|||36|||41|||4|||4
,|||37|||41|||7|||4
.|||64|||41|||17|||4
[|||37|||41|||24|||4
[|||38|||41|||33|||4
++|||37|||41|||38|||4
[|||39|||42|||4|||4
,|||38|||42|||7|||4
.|||65|||42|||17|||4
[|||40|||42|||24|||4
[|||41|||42|||33|||4
++|||38|||42|||38|||4
,|||39|||43|||4|||4
,|||40|||43|||8|||4
,|||41|||44|||4|||4
,|||42|||44|||8|||4
/|||6|||44|||18|||4
++|||39|||44|||35|||4
,|||43|||45|||4|||4
.|||66|||45|||12|||4
/|||7|||45|||14|||4
[|||42|||45|||21|||4
[|||43|||45|||26|||4
[|||44|||45|||31|||4
.|||67|||45|||33|||4
-|||16|||45|||35|||4
-|||17|||45|||37|||4
[|||45|||45|||42|||4
.|||68|||45|||44|||4
-|||18|||45|||46|||4
-|||19|||45|||48|||4
++|||40|||45|||55|||4
,|||44|||46|||11|||4
.|||69|||46|||21|||4
.|||70|||46|||32|||4
indexOf|||2|||46|||33|||4
.|||71|||46|||36|||4
charAt|||5|||46|||37|||4
-|||20|||46|||43|||4
++|||41|||46|||47|||4
++|||42|||46|||50|||4
,|||45|||47|||4|||4
,|||46|||47|||8|||4
*|||5|||47|||23|||4
+|||29|||47|||25|||4
,|||47|||48|||4|||4
,|||48|||48|||8|||4
,|||49|||48|||12|||4
++|||43|||48|||29|||4
.|||72|||49|||17|||4
System|||20|||49|||23|||4
.|||73|||49|||24|||4
out|||20|||49|||25|||4
.|||74|||49|||26|||4
print|||19|||49|||27|||4
.|||75|||49|||33|||4
charAt|||6|||49|||34|||4
+|||30|||49|||38|||4
++|||44|||49|||44|||4
.|||76|||50|||10|||4
-|||21|||50|||12|||4
.|||77|||50|||26|||4
-|||22|||50|||28|||4
-|||23|||50|||30|||4
[|||46|||50|||37|||4
[|||47|||50|||42|||4
+|||31|||50|||44|||4
[|||48|||50|||53|||4
[|||49|||50|||58|||4
[|||50|||50|||63|||4
+|||32|||50|||65|||4
[|||51|||50|||70|||4
+|||33|||50|||72|||4
++|||45|||50|||80|||4
++|||46|||50|||84|||4
.|||78|||51|||10|||4
-|||24|||51|||12|||4
,|||50|||51|||20|||4
+|||34|||51|||24|||4
.|||79|||51|||32|||4
[|||52|||51|||39|||4
[|||53|||51|||44|||4
++|||47|||51|||53|||4
[|||54|||51|||60|||4
[|||55|||51|||65|||4
[|||56|||51|||70|||4
[|||57|||51|||75|||4
++|||48|||51|||82|||4
.|||80|||52|||10|||4
[|||58|||52|||18|||4
,|||51|||52|||21|||4
-|||25|||52|||25|||4
&&|||2|||52|||33|||4
[|||59|||52|||35|||4
[|||60|||52|||43|||4
+|||35|||52|||45|||4
[|||61|||52|||50|||4
--|||4|||52|||55|||4
[|||62|||52|||59|||4
+|||36|||52|||61|||4
++|||49|||52|||68|||4
,|||52|||53|||16|||4
System|||21|||53|||28|||4
.|||81|||53|||29|||4
out|||21|||53|||30|||4
.|||82|||53|||31|||4
print|||20|||53|||32|||4
+|||37|||53|||35|||4
*|||6|||53|||43|||4
-|||26|||53|||46|||4
/|||8|||53|||49|||4
+|||38|||53|||52|||4
++|||50|||53|||57|||4
System|||22|||53|||60|||4
.|||83|||53|||61|||4
out|||22|||53|||62|||4
.|||84|||53|||63|||4
println|||2|||53|||64|||4
++|||51|||53|||69|||4
,|||53|||54|||4|||4
,|||54|||54|||8|||4
,|||55|||54|||12|||4
,|||56|||54|||16|||4
-|||27|||54|||32|||4
+|||39|||54|||40|||4
++|||52|||54|||45|||4
System|||23|||54|||48|||4
.|||85|||54|||49|||4
out|||23|||54|||50|||4
.|||86|||54|||51|||4
print|||21|||54|||52|||4
/|||9|||54|||55|||4
,|||57|||55|||4|||4
+=|||10|||55|||17|||4
,|||58|||56|||13|||4
.|||87|||56|||23|||4
.|||88|||56|||32|||4
charAt|||7|||56|||33|||4
++|||53|||56|||42|||4
++|||54|||56|||45|||4
.|||89|||57|||17|||4
System|||24|||57|||23|||4
.|||90|||57|||24|||4
out|||24|||57|||25|||4
.|||91|||57|||26|||4
print|||22|||57|||27|||4
.|||92|||57|||34|||4
charAt|||8|||57|||35|||4
-|||28|||57|||39|||4
++|||55|||57|||45|||4
,|||59|||58|||16|||4
/|||10|||58|||26|||4
++|||56|||58|||43|||4
System|||25|||58|||52|||4
.|||93|||58|||53|||4
out|||25|||58|||54|||4
.|||94|||58|||55|||4
print|||23|||58|||56|||4
+|||40|||58|||59|||4
++|||57|||58|||65|||4
,|||60|||59|||4|||4
,|||61|||59|||8|||4
?|||2|||59|||16|||4
:|||2|||59|||18|||4
|||||2|||59|||28|||4
++|||58|||59|||36|||4
System|||26|||59|||38|||4
.|||95|||59|||39|||4
out|||26|||59|||40|||4
.|||96|||59|||41|||4
print|||24|||59|||42|||4
for|||1|||0|||0|||5
(|||1|||0|||1|||5
(|||2|||0|||19|||5
for|||2|||1|||5|||5
(|||3|||1|||6|||5
for|||3|||2|||0|||5
(|||4|||2|||1|||5
(|||5|||2|||20|||5
for|||4|||3|||0|||5
(|||6|||3|||1|||5
(|||7|||3|||20|||5
for|||5|||4|||5|||5
(|||8|||4|||6|||5
{|||1|||5|||5|||5
for|||6|||5|||17|||5
(|||9|||5|||18|||5
length|||1|||5|||28|||5
(|||10|||5|||38|||5
for|||7|||6|||0|||5
(|||11|||6|||1|||5
length|||2|||6|||7|||5
(|||12|||6|||23|||5
for|||8|||7|||5|||5
(|||13|||7|||6|||5
length|||3|||7|||16|||5
for|||9|||8|||11|||5
(|||14|||8|||12|||5
{|||2|||8|||25|||5
(|||15|||8|||31|||5
for|||10|||9|||9|||5
(|||16|||9|||10|||5
for|||11|||10|||9|||5
(|||17|||10|||10|||5
for|||12|||11|||8|||5
(|||18|||11|||9|||5
length|||4|||11|||19|||5
if|||1|||11|||24|||5
(|||19|||11|||25|||5
for|||13|||12|||8|||5
(|||20|||12|||9|||5
length|||5|||12|||19|||5
if|||2|||12|||24|||5
(|||21|||12|||25|||5
for|||14|||13|||9|||5
(|||22|||13|||10|||5
for|||15|||14|||9|||5
(|||23|||14|||10|||5
if|||3|||14|||25|||5
(|||24|||14|||26|||5
for|||16|||15|||0|||5
(|||25|||15|||1|||5
length|||6|||15|||13|||5
{|||3|||15|||20|||5
length|||7|||15|||37|||5
length|||8|||15|||48|||5
for|||17|||16|||12|||5
(|||26|||16|||13|||5
length|||9|||16|||23|||5
(|||27|||16|||24|||5
if|||4|||16|||30|||5
(|||28|||16|||31|||5
(|||29|||16|||37|||5
(|||30|||16|||41|||5
for|||18|||17|||13|||5
(|||31|||17|||14|||5
for|||19|||18|||13|||5
(|||32|||18|||14|||5
for|||20|||19|||7|||5
(|||33|||19|||8|||5
length|||10|||19|||18|||5
(|||34|||19|||19|||5
(|||35|||19|||30|||5
(|||36|||19|||31|||5
(|||37|||19|||37|||5
for|||21|||20|||0|||5
(|||38|||20|||1|||5
length|||11|||20|||11|||5
for|||22|||20|||18|||5
(|||39|||20|||19|||5
length|||12|||20|||29|||5
if|||5|||20|||38|||5
(|||40|||20|||39|||5
{|||4|||20|||52|||5
for|||23|||21|||0|||5
(|||41|||21|||1|||5
length|||13|||21|||11|||5
{|||5|||21|||18|||5
for|||24|||21|||24|||5
(|||42|||21|||25|||5
length|||14|||21|||37|||5
if|||6|||21|||42|||5
(|||43|||21|||43|||5
for|||25|||22|||0|||5
(|||44|||22|||1|||5
length|||15|||22|||11|||5
{|||6|||22|||16|||5
while|||1|||22|||31|||5
(|||45|||22|||32|||5
for|||26|||23|||0|||5
(|||46|||23|||1|||5
{|||7|||23|||14|||5
for|||27|||23|||20|||5
(|||47|||23|||21|||5
{|||8|||23|||34|||5
(|||48|||23|||40|||5
(|||49|||23|||51|||5
(|||50|||23|||57|||5
(|||51|||23|||69|||5
for|||28|||24|||17|||5
(|||52|||24|||18|||5
{|||9|||24|||31|||5
(|||53|||24|||34|||5
(|||54|||24|||42|||5
(|||55|||24|||54|||5
for|||29|||25|||9|||5
(|||56|||25|||10|||5
for|||30|||26|||14|||5
(|||57|||26|||15|||5
length|||16|||26|||25|||5
(|||58|||26|||26|||5
if|||7|||26|||32|||5
(|||59|||26|||33|||5
(|||60|||26|||37|||5
for|||31|||27|||7|||5
(|||61|||27|||8|||5
length|||17|||27|||18|||5
(|||62|||27|||19|||5
(|||63|||27|||30|||5
(|||64|||27|||31|||5
(|||65|||27|||34|||5
(|||66|||27|||38|||5
for|||32|||28|||0|||5
(|||67|||28|||1|||5
{|||10|||28|||14|||5
for|||33|||28|||20|||5
(|||68|||28|||21|||5
if|||8|||28|||36|||5
(|||69|||28|||37|||5
if|||9|||28|||48|||5
(|||70|||28|||49|||5
(|||71|||28|||59|||5
(|||72|||29|||11|||5
for|||34|||29|||21|||5
(|||73|||29|||22|||5
(|||74|||29|||45|||5
while|||2|||30|||5|||5
(|||75|||30|||6|||5
{|||11|||30|||11|||5
(|||76|||30|||17|||5
while|||3|||31|||9|||5
(|||77|||31|||10|||5
{|||12|||31|||15|||5
while|||4|||32|||5|||5
(|||78|||32|||6|||5
{|||13|||32|||11|||5
(|||79|||32|||17|||5
while|||5|||33|||5|||5
(|||80|||33|||6|||5
{|||14|||33|||11|||5
(|||81|||33|||17|||5
while|||6|||34|||9|||5
(|||82|||34|||10|||5
{|||15|||34|||15|||5
{|||16|||35|||5|||5
while|||7|||35|||22|||5
(|||83|||35|||23|||5
length|||18|||35|||28|||5
{|||17|||35|||30|||5
(|||84|||35|||36|||5
length|||19|||36|||5|||5
while|||8|||36|||9|||5
(|||85|||36|||10|||5
{|||18|||36|||15|||5
(|||86|||36|||21|||5
while|||9|||37|||9|||5
(|||87|||37|||10|||5
length|||20|||37|||15|||5
{|||19|||37|||17|||5
while|||10|||38|||15|||5
(|||88|||38|||16|||5
{|||20|||38|||21|||5
(|||89|||38|||27|||5
while|||11|||39|||9|||5
(|||90|||39|||10|||5
{|||21|||39|||15|||5
while|||12|||40|||9|||5
(|||91|||40|||10|||5
{|||22|||40|||15|||5
while|||13|||41|||12|||5
(|||92|||41|||13|||5
length|||21|||41|||18|||5
{|||23|||41|||20|||5
if|||10|||41|||21|||5
(|||93|||41|||22|||5
while|||14|||42|||12|||5
(|||94|||42|||13|||5
length|||22|||42|||18|||5
{|||24|||42|||20|||5
if|||11|||42|||21|||5
(|||95|||42|||22|||5
while|||15|||43|||11|||5
(|||96|||43|||12|||5
{|||25|||43|||17|||5
while|||16|||44|||13|||5
(|||97|||44|||14|||5
{|||26|||44|||21|||5
if|||12|||44|||22|||5
(|||98|||44|||23|||5
while|||17|||45|||7|||5
(|||99|||45|||8|||5
length|||23|||45|||13|||5
{|||27|||45|||17|||5
length|||24|||45|||34|||5
length|||25|||45|||45|||5
while|||18|||46|||16|||5
(|||100|||46|||17|||5
length|||26|||46|||22|||5
(|||101|||46|||23|||5
{|||28|||46|||26|||5
if|||13|||46|||27|||5
(|||102|||46|||28|||5
(|||103|||46|||34|||5
(|||104|||46|||38|||5
while|||19|||47|||13|||5
(|||105|||47|||14|||5
{|||29|||47|||19|||5
while|||20|||48|||17|||5
(|||106|||48|||18|||5
{|||30|||48|||23|||5
while|||21|||49|||12|||5
(|||107|||49|||13|||5
length|||27|||49|||18|||5
(|||108|||49|||19|||5
{|||31|||49|||22|||5
(|||109|||49|||28|||5
(|||110|||49|||29|||5
(|||111|||49|||35|||5
while|||22|||50|||5|||5
(|||112|||50|||6|||5
length|||28|||50|||11|||5
{|||32|||50|||15|||5
while|||23|||50|||21|||5
(|||113|||50|||22|||5
length|||29|||50|||27|||5
{|||33|||50|||33|||5
if|||14|||50|||34|||5
(|||114|||50|||35|||5
{|||34|||50|||48|||5
while|||24|||51|||5|||5
(|||115|||51|||6|||5
length|||30|||51|||11|||5
{|||35|||51|||15|||5
while|||25|||51|||27|||5
(|||116|||51|||28|||5
length|||31|||51|||33|||5
{|||36|||51|||35|||5
if|||15|||51|||36|||5
(|||117|||51|||37|||5
while|||26|||52|||5|||5
(|||118|||52|||6|||5
length|||32|||52|||11|||5
{|||37|||52|||13|||5
while|||27|||52|||28|||5
(|||119|||52|||29|||5
{|||38|||52|||41|||5
while|||28|||53|||5|||5
(|||120|||53|||6|||5
{|||39|||53|||11|||5
while|||29|||53|||21|||5
(|||121|||53|||22|||5
{|||40|||53|||27|||5
(|||122|||53|||33|||5
(|||123|||53|||44|||5
(|||124|||53|||50|||5
(|||125|||53|||65|||5
while|||30|||54|||21|||5
(|||126|||54|||22|||5
{|||41|||54|||27|||5
(|||127|||54|||30|||5
(|||128|||54|||38|||5
(|||129|||54|||53|||5
while|||31|||55|||9|||5
(|||130|||55|||10|||5
{|||42|||55|||15|||5
while|||32|||56|||18|||5
(|||131|||56|||19|||5
length|||33|||56|||24|||5
(|||132|||56|||25|||5
{|||43|||56|||28|||5
if|||16|||56|||29|||5
(|||133|||56|||30|||5
(|||134|||56|||34|||5
while|||33|||57|||12|||5
(|||135|||57|||13|||5
length|||34|||57|||18|||5
(|||136|||57|||19|||5
{|||44|||57|||22|||5
(|||137|||57|||28|||5
(|||138|||57|||29|||5
(|||139|||57|||32|||5
(|||140|||57|||36|||5
while|||34|||58|||5|||5
(|||141|||58|||6|||5
{|||45|||58|||11|||5
while|||35|||58|||21|||5
(|||142|||58|||22|||5
{|||46|||58|||29|||5
if|||17|||58|||30|||5
(|||143|||58|||31|||5
if|||18|||58|||46|||5
(|||144|||58|||47|||5
(|||145|||58|||57|||5
(|||146|||59|||11|||5
while|||36|||59|||21|||5
(|||147|||59|||22|||5
(|||148|||59|||43|||5
)|||1|||0|||13|||6
"|||1|||0|||22|||6
"|||2|||0|||23|||6
)|||2|||0|||24|||6
)|||3|||1|||18|||6
)|||4|||2|||14|||6
"|||3|||2|||23|||6
"|||4|||2|||24|||6
)|||5|||2|||25|||6
)|||6|||3|||14|||6
"|||5|||3|||23|||6
"|||6|||3|||24|||6
)|||7|||3|||25|||6
)|||8|||4|||18|||6
]|||1|||5|||2|||6
}|||1|||5|||15|||6
)|||9|||5|||32|||6
]|||2|||5|||42|||6
"|||7|||5|||44|||6
"|||8|||5|||45|||6
)|||10|||5|||46|||6
)|||11|||6|||17|||6
]|||3|||6|||27|||6
"|||9|||6|||29|||6
"|||10|||6|||30|||6
)|||12|||6|||31|||6
)|||13|||7|||20|||6
]|||4|||7|||26|||6
)|||14|||8|||24|||6
"|||11|||8|||34|||6
"|||12|||8|||35|||6
)|||15|||8|||36|||6
}|||2|||8|||52|||6
)|||16|||9|||19|||6
)|||17|||10|||19|||6
]|||5|||11|||6|||6
)|||18|||11|||23|||6
]|||6|||11|||29|||6
)|||19|||11|||32|||6
]|||7|||11|||38|||6
]|||8|||12|||6|||6
)|||20|||12|||23|||6
]|||9|||12|||29|||6
)|||21|||12|||32|||6
]|||10|||12|||38|||6
)|||22|||13|||31|||6
)|||23|||14|||24|||6
)|||24|||14|||32|||6
)|||25|||15|||19|||6
]|||11|||15|||26|||6
]|||12|||15|||31|||6
]|||13|||15|||42|||6
]|||14|||15|||53|||6
}|||3|||15|||57|||6
"|||13|||16|||3|||6
"|||14|||16|||5|||6
)|||26|||16|||25|||6
)|||27|||16|||29|||6
"|||15|||16|||32|||6
"|||16|||16|||34|||6
)|||28|||16|||43|||6
)|||29|||16|||44|||6
)|||30|||16|||48|||6
)|||31|||17|||23|||6
)|||32|||18|||26|||6
"|||17|||19|||3|||6
"|||18|||19|||5|||6
)|||33|||19|||20|||6
)|||34|||19|||24|||6
)|||35|||19|||33|||6
)|||36|||19|||39|||6
"|||19|||19|||41|||6
"|||20|||19|||42|||6
)|||37|||19|||43|||6
)|||38|||20|||17|||6
)|||39|||20|||37|||6
]|||15|||20|||43|||6
]|||16|||20|||50|||6
)|||40|||20|||51|||6
]|||17|||20|||59|||6
]|||18|||20|||64|||6
]|||19|||20|||71|||6
]|||20|||20|||78|||6
}|||4|||20|||82|||6
)|||41|||21|||17|||6
)|||42|||21|||41|||6
]|||21|||21|||47|||6
]|||22|||21|||52|||6
)|||43|||21|||53|||6
]|||23|||21|||64|||6
]|||24|||21|||69|||6
]|||25|||21|||74|||6
]|||26|||21|||79|||6
}|||5|||21|||83|||6
)|||44|||22|||15|||6
]|||27|||22|||23|||6
]|||28|||22|||40|||6
)|||45|||22|||43|||6
]|||29|||22|||49|||6
]|||30|||22|||55|||6
]|||31|||22|||62|||6
}|||6|||22|||66|||6
)|||46|||23|||13|||6
)|||47|||23|||33|||6
"|||21|||23|||43|||6
"|||22|||23|||44|||6
)|||48|||23|||45|||6
)|||49|||23|||55|||6
)|||50|||23|||61|||6
}|||7|||23|||63|||6
)|||51|||23|||70|||6
}|||8|||23|||72|||6
)|||52|||24|||30|||6
)|||53|||24|||38|||6
)|||54|||24|||46|||6
}|||9|||24|||48|||6
)|||55|||24|||58|||6
)|||56|||25|||19|||6
"|||23|||26|||3|||6
"|||24|||26|||7|||6
)|||57|||26|||27|||6
)|||58|||26|||31|||6
)|||59|||26|||39|||6
'|||1|||26|||41|||6
'|||2|||26|||42|||6
)|||60|||26|||43|||6
"|||25|||27|||3|||6
"|||26|||27|||5|||6
)|||61|||27|||20|||6
)|||62|||27|||24|||6
)|||63|||27|||33|||6
)|||64|||27|||40|||6
)|||65|||27|||43|||6
)|||66|||27|||44|||6
)|||67|||28|||13|||6
)|||68|||28|||35|||6
)|||69|||28|||43|||6
)|||70|||28|||53|||6
"|||27|||28|||62|||6
"|||28|||28|||63|||6
)|||71|||28|||64|||6
}|||10|||28|||66|||6
)|||72|||29|||15|||6
)|||73|||29|||38|||6
)|||74|||29|||47|||6
)|||75|||30|||10|||6
"|||29|||30|||20|||6
"|||30|||30|||21|||6
)|||76|||30|||22|||6
}|||11|||30|||27|||6
)|||77|||31|||14|||6
}|||12|||31|||23|||6
)|||78|||32|||10|||6
"|||31|||32|||20|||6
"|||32|||32|||21|||6
)|||79|||32|||22|||6
}|||13|||32|||28|||6
)|||80|||33|||10|||6
"|||33|||33|||20|||6
"|||34|||33|||21|||6
)|||81|||33|||22|||6
}|||14|||33|||28|||6
)|||82|||34|||14|||6
}|||15|||34|||23|||6
]|||32|||35|||2|||6
}|||16|||35|||15|||6
)|||83|||35|||29|||6
]|||33|||35|||40|||6
"|||35|||35|||42|||6
"|||36|||35|||43|||6
)|||84|||35|||44|||6
}|||17|||35|||49|||6
)|||85|||36|||14|||6
]|||34|||36|||25|||6
"|||37|||36|||27|||6
"|||38|||36|||28|||6
)|||86|||36|||29|||6
}|||18|||36|||34|||6
)|||87|||37|||16|||6
]|||35|||37|||23|||6
}|||19|||37|||28|||6
)|||88|||38|||20|||6
"|||39|||38|||30|||6
"|||40|||38|||31|||6
)|||89|||38|||32|||6
}|||20|||38|||51|||6
)|||90|||39|||14|||6
}|||21|||39|||23|||6
)|||91|||40|||14|||6
}|||22|||40|||30|||6
]|||36|||41|||6|||6
)|||92|||41|||19|||6
]|||37|||41|||26|||6
)|||93|||41|||29|||6
]|||38|||41|||35|||6
}|||23|||41|||40|||6
]|||39|||42|||6|||6
)|||94|||42|||19|||6
]|||40|||42|||26|||6
)|||95|||42|||29|||6
]|||41|||42|||35|||6
}|||24|||42|||40|||6
)|||96|||43|||16|||6
}|||25|||43|||32|||6
)|||97|||44|||20|||6
)|||98|||44|||29|||6
}|||26|||44|||37|||6
)|||99|||45|||16|||6
]|||42|||45|||23|||6
]|||43|||45|||28|||6
]|||44|||45|||39|||6
]|||45|||45|||50|||6
}|||27|||45|||57|||6
"|||41|||46|||3|||6
"|||42|||46|||5|||6
)|||100|||46|||24|||6
)|||101|||46|||25|||6
"|||43|||46|||29|||6
"|||44|||46|||31|||6
)|||102|||46|||40|||6
)|||103|||46|||41|||6
)|||104|||46|||45|||6
}|||28|||46|||52|||6
)|||105|||47|||18|||6
}|||29|||47|||34|||6
)|||106|||48|||22|||6
}|||30|||48|||31|||6
"|||45|||49|||3|||6
"|||46|||49|||5|||6
)|||107|||49|||20|||6
)|||108|||49|||21|||6
)|||109|||49|||31|||6
)|||110|||49|||37|||6
"|||47|||49|||39|||6
"|||48|||49|||40|||6
)|||111|||49|||41|||6
}|||31|||49|||46|||6
)|||112|||50|||14|||6
)|||113|||50|||32|||6
]|||46|||50|||39|||6
]|||47|||50|||46|||6
)|||114|||50|||47|||6
]|||48|||50|||55|||6
]|||49|||50|||60|||6
]|||50|||50|||67|||6
]|||51|||50|||74|||6
}|||32|||50|||78|||6
}|||33|||50|||82|||6
}|||34|||50|||86|||6
)|||115|||51|||14|||6
)|||116|||51|||34|||6
]|||52|||51|||41|||6
]|||53|||51|||46|||6
)|||117|||51|||47|||6
}|||35|||51|||55|||6
]|||54|||51|||62|||6
]|||55|||51|||67|||6
]|||56|||51|||72|||6
]|||57|||51|||77|||6
}|||36|||51|||84|||6
)|||118|||52|||12|||6
]|||58|||52|||20|||6
]|||59|||52|||37|||6
)|||119|||52|||40|||6
]|||60|||52|||47|||6
]|||61|||52|||52|||6
}|||37|||52|||57|||6
]|||62|||52|||63|||6
}|||38|||52|||70|||6
)|||120|||53|||10|||6
)|||121|||53|||26|||6
"|||49|||53|||36|||6
"|||50|||53|||37|||6
)|||122|||53|||38|||6
)|||123|||53|||48|||6
)|||124|||53|||54|||6
}|||39|||53|||59|||6
)|||125|||53|||66|||6
}|||40|||53|||71|||6
)|||126|||54|||26|||6
)|||127|||54|||34|||6
)|||128|||54|||42|||6
}|||41|||54|||47|||6
)|||129|||54|||57|||6
)|||130|||55|||14|||6
}|||42|||55|||26|||6
"|||51|||56|||3|||6
"|||52|||56|||7|||6
)|||131|||56|||26|||6
)|||132|||56|||27|||6
)|||133|||56|||36|||6
'|||3|||56|||38|||6
'|||4|||56|||39|||6
)|||134|||56|||40|||6
}|||43|||56|||47|||6
"|||53|||57|||3|||6
"|||54|||57|||5|||6
)|||135|||57|||20|||6
)|||136|||57|||21|||6
)|||137|||57|||31|||6
)|||138|||57|||38|||6
)|||139|||57|||41|||6
)|||140|||57|||42|||6
}|||44|||57|||47|||6
)|||141|||58|||10|||6
)|||142|||58|||28|||6
)|||143|||58|||37|||6
}|||45|||58|||45|||6
)|||144|||58|||51|||6
"|||55|||58|||60|||6
"|||56|||58|||61|||6
)|||145|||58|||62|||6
}|||46|||58|||67|||6
)|||146|||59|||15|||6
)|||147|||59|||34|||6
)|||148|||59|||45|||6
int|||1|||0|||2|||7
int|||2|||1|||0|||7
int|||3|||1|||7|||7
int|||4|||2|||2|||7
int|||5|||3|||2|||7
int|||6|||4|||0|||7
int|||7|||4|||7|||7
int|||8|||5|||0|||7
int|||9|||5|||19|||7
int|||10|||6|||2|||7
int|||11|||7|||0|||7
int|||12|||7|||7|||7
int|||13|||8|||0|||7
int|||14|||8|||13|||7
int|||15|||9|||0|||7
int|||16|||10|||0|||7
int|||17|||11|||0|||7
int|||18|||11|||10|||7
int|||19|||12|||0|||7
int|||20|||12|||10|||7
int|||21|||13|||0|||7
int|||22|||13|||11|||7
int|||23|||14|||0|||7
int|||24|||14|||11|||7
int|||25|||15|||2|||7
int|||26|||16|||7|||7
int|||27|||16|||14|||7
int|||28|||17|||0|||7
int|||29|||18|||0|||7
int|||30|||18|||15|||7
int|||31|||19|||9|||7
int|||32|||19|||32|||7
int|||33|||20|||2|||7
int|||34|||20|||20|||7
int|||35|||20|||53|||7
int|||36|||21|||2|||7
int|||37|||21|||19|||7
int|||38|||21|||26|||7
int|||39|||21|||58|||7
int|||40|||22|||2|||7
int|||41|||22|||17|||7
int|||42|||23|||2|||7
int|||43|||23|||15|||7
int|||44|||23|||22|||7
int|||45|||24|||0|||7
int|||46|||24|||19|||7
int|||47|||25|||0|||7
int|||48|||26|||9|||7
int|||49|||26|||16|||7
int|||50|||27|||9|||7
int|||51|||28|||2|||7
int|||52|||28|||15|||7
int|||53|||28|||22|||7
int|||54|||29|||0|||7
int|||55|||30|||0|||7
int|||56|||31|||0|||7
int|||57|||32|||0|||7
int|||58|||33|||0|||7
int|||59|||34|||0|||7
int|||60|||35|||0|||7
int|||61|||35|||17|||7
int|||62|||36|||0|||7
int|||63|||37|||0|||7
int|||64|||38|||0|||7
int|||65|||39|||0|||7
int|||66|||40|||0|||7
int|||67|||41|||0|||7
int|||68|||42|||0|||7
int|||69|||43|||0|||7
int|||70|||44|||0|||7
int|||71|||45|||0|||7
int|||72|||46|||7|||7
int|||73|||47|||0|||7
int|||74|||48|||0|||7
int|||75|||49|||7|||7
int|||76|||49|||30|||7
int|||77|||50|||0|||7
int|||78|||50|||16|||7
int|||79|||50|||49|||7
int|||80|||51|||0|||7
int|||81|||51|||16|||7
int|||82|||51|||56|||7
int|||83|||52|||0|||7
int|||84|||52|||14|||7
int|||85|||53|||0|||7
int|||86|||53|||12|||7
int|||87|||54|||0|||7
int|||88|||55|||0|||7
int|||89|||56|||9|||7
int|||90|||57|||7|||7
int|||91|||58|||0|||7
int|||92|||58|||12|||7
int|||93|||59|||0|||7
;|||1|||0|||6|||8
;|||2|||0|||10|||8
;|||3|||0|||25|||8
;|||4|||1|||4|||8
;|||5|||1|||11|||8
;|||6|||1|||15|||8
;|||7|||1|||22|||8
;|||8|||2|||6|||8
;|||9|||2|||10|||8
;|||10|||2|||26|||8
;|||11|||3|||6|||8
;|||12|||3|||10|||8
;|||13|||3|||26|||8
;|||14|||4|||4|||8
;|||15|||4|||11|||8
;|||16|||4|||15|||8
;|||17|||4|||22|||8
;|||18|||5|||16|||8
;|||19|||5|||23|||8
;|||20|||5|||29|||8
;|||21|||5|||47|||8
;|||22|||6|||10|||8
;|||23|||6|||14|||8
;|||24|||6|||32|||8
;|||25|||7|||4|||8
;|||26|||7|||11|||8
;|||27|||7|||17|||8
;|||28|||7|||27|||8
;|||29|||8|||10|||8
;|||30|||8|||17|||8
;|||31|||8|||21|||8
;|||32|||8|||37|||8
;|||33|||8|||43|||8
;|||34|||8|||47|||8
;|||35|||8|||51|||8
;|||36|||9|||8|||8
;|||37|||9|||11|||8
;|||38|||9|||15|||8
;|||39|||9|||22|||8
;|||40|||10|||8|||8
;|||41|||10|||11|||8
;|||42|||10|||15|||8
;|||43|||10|||29|||8
;|||44|||11|||7|||8
;|||45|||11|||14|||8
;|||46|||11|||20|||8
;|||47|||11|||39|||8
;|||48|||12|||7|||8
;|||49|||12|||14|||8
;|||50|||12|||20|||8
;|||51|||12|||39|||8
;|||52|||13|||8|||8
;|||53|||13|||13|||8
;|||54|||13|||17|||8
;|||55|||13|||32|||8
;|||56|||14|||8|||8
;|||57|||14|||15|||8
;|||58|||14|||21|||8
;|||59|||14|||36|||8
;|||60|||15|||8|||8
;|||61|||15|||16|||8
;|||62|||15|||27|||8
;|||63|||15|||43|||8
;|||64|||15|||56|||8
;|||65|||16|||6|||8
;|||66|||16|||11|||8
;|||67|||16|||18|||8
;|||68|||16|||26|||8
;|||69|||16|||51|||8
;|||70|||17|||12|||8
;|||71|||17|||15|||8
;|||72|||17|||19|||8
;|||73|||17|||33|||8
;|||74|||18|||12|||8
;|||75|||18|||19|||8
;|||76|||18|||23|||8
;|||77|||18|||30|||8
;|||78|||19|||6|||8
;|||79|||19|||13|||8
;|||80|||19|||21|||8
;|||81|||19|||44|||8
;|||82|||20|||6|||8
;|||83|||20|||14|||8
;|||84|||20|||24|||8
;|||85|||20|||34|||8
;|||86|||20|||60|||8
;|||87|||20|||72|||8
;|||88|||20|||81|||8
;|||89|||21|||6|||8
;|||90|||21|||14|||8
;|||91|||21|||23|||8
;|||92|||21|||32|||8
;|||93|||21|||38|||8
;|||94|||21|||57|||8
;|||95|||21|||65|||8
;|||96|||21|||75|||8
;|||97|||21|||82|||8
;|||98|||22|||6|||8
;|||99|||22|||12|||8
;|||100|||22|||30|||8
;|||101|||22|||56|||8
;|||102|||22|||65|||8
;|||103|||23|||6|||8
;|||104|||23|||10|||8
;|||105|||23|||19|||8
;|||106|||23|||26|||8
;|||107|||23|||30|||8
;|||108|||23|||46|||8
;|||109|||23|||62|||8
;|||110|||23|||71|||8
;|||111|||24|||16|||8
;|||112|||24|||23|||8
;|||113|||24|||27|||8
;|||114|||24|||39|||8
;|||115|||24|||47|||8
;|||116|||24|||59|||8
;|||117|||25|||8|||8
;|||118|||25|||11|||8
;|||119|||25|||15|||8
;|||120|||25|||25|||8
;|||121|||26|||8|||8
;|||122|||26|||13|||8
;|||123|||26|||20|||8
;|||124|||26|||28|||8
;|||125|||26|||46|||8
;|||126|||27|||6|||8
;|||127|||27|||13|||8
;|||128|||27|||21|||8
;|||129|||27|||45|||8
;|||130|||28|||6|||8
;|||131|||28|||10|||8
;|||132|||28|||19|||8
;|||133|||28|||26|||8
;|||134|||28|||32|||8
;|||135|||28|||47|||8
;|||136|||28|||65|||8
;|||137|||29|||20|||8
;|||138|||29|||23|||8
;|||139|||29|||35|||8
;|||140|||29|||39|||8
;|||141|||29|||48|||8
;|||142|||30|||4|||8
;|||143|||30|||23|||8
;|||144|||30|||26|||8
;|||145|||31|||8|||8
;|||146|||31|||19|||8
;|||147|||31|||22|||8
;|||148|||32|||4|||8
;|||149|||32|||23|||8
;|||150|||32|||27|||8
;|||151|||33|||4|||8
;|||152|||33|||23|||8
;|||153|||33|||27|||8
;|||154|||34|||8|||8
;|||155|||34|||19|||8
;|||156|||34|||22|||8
;|||157|||35|||16|||8
;|||158|||35|||21|||8
;|||159|||35|||45|||8
;|||160|||35|||48|||8
;|||161|||36|||8|||8
;|||162|||36|||30|||8
;|||163|||36|||33|||8
;|||164|||37|||8|||8
;|||165|||37|||24|||8
;|||166|||37|||27|||8
;|||167|||38|||14|||8
;|||168|||38|||33|||8
;|||169|||38|||39|||8
;|||170|||38|||43|||8
;|||171|||38|||47|||8
;|||172|||38|||50|||8
;|||173|||39|||8|||8
;|||174|||39|||18|||8
;|||175|||39|||22|||8
;|||176|||40|||8|||8
;|||177|||40|||25|||8
;|||178|||40|||29|||8
;|||179|||41|||11|||8
;|||180|||41|||36|||8
;|||181|||41|||39|||8
;|||182|||42|||11|||8
;|||183|||42|||36|||8
;|||184|||42|||39|||8
;|||185|||43|||10|||8
;|||186|||43|||21|||8
;|||187|||43|||27|||8
;|||188|||43|||31|||8
;|||189|||44|||12|||8
;|||190|||44|||33|||8
;|||191|||44|||36|||8
;|||192|||45|||6|||8
;|||193|||45|||24|||8
;|||194|||45|||40|||8
;|||195|||45|||53|||8
;|||196|||45|||56|||8
;|||197|||46|||6|||8
;|||198|||46|||15|||8
;|||199|||46|||48|||8
;|||200|||46|||51|||8
;|||201|||47|||12|||8
;|||202|||47|||29|||8
;|||203|||47|||33|||8
;|||204|||48|||16|||8
;|||205|||48|||27|||8
;|||206|||48|||30|||8
;|||207|||49|||6|||8
;|||208|||49|||11|||8
;|||209|||49|||42|||8
;|||210|||49|||45|||8
;|||211|||50|||4|||8
;|||212|||50|||20|||8
;|||213|||50|||56|||8
;|||214|||50|||68|||8
;|||215|||50|||77|||8
;|||216|||50|||81|||8
;|||217|||50|||85|||8
;|||218|||51|||4|||8
;|||219|||51|||26|||8
;|||220|||51|||51|||8
;|||221|||51|||54|||8
;|||222|||51|||63|||8
;|||223|||51|||73|||8
;|||224|||51|||80|||8
;|||225|||51|||83|||8
;|||226|||52|||4|||8
;|||227|||52|||27|||8
;|||228|||52|||53|||8
;|||229|||52|||56|||8
;|||230|||52|||66|||8
;|||231|||52|||69|||8
;|||232|||53|||4|||8
;|||233|||53|||20|||8
;|||234|||53|||39|||8
;|||235|||53|||55|||8
;|||236|||53|||58|||8
;|||237|||53|||67|||8
;|||238|||53|||70|||8
;|||239|||54|||20|||8
;|||240|||54|||35|||8
;|||241|||54|||43|||8
;|||242|||54|||46|||8
;|||243|||54|||58|||8
;|||244|||55|||8|||8
;|||245|||55|||21|||8
;|||246|||55|||25|||8
;|||247|||56|||8|||8
;|||248|||56|||17|||8
;|||249|||56|||43|||8
;|||250|||56|||46|||8
;|||251|||57|||6|||8
;|||252|||57|||11|||8
;|||253|||57|||43|||8
;|||254|||57|||46|||8
;|||255|||58|||4|||8
;|||256|||58|||20|||8
;|||257|||58|||41|||8
;|||258|||58|||44|||8
;|||259|||58|||63|||8
;|||260|||58|||66|||8
;|||261|||59|||20|||8
;|||262|||59|||37|||8
<=|||1|||0|||8|||9
<=|||2|||1|||13|||9
<=|||3|||2|||8|||9
<=|||4|||3|||8|||9
<=|||5|||4|||13|||9
<|||1|||5|||25|||9
>=|||1|||6|||12|||9
<|||2|||7|||13|||9
<|||3|||8|||19|||9
>|||1|||9|||13|||9
>|||2|||10|||13|||9
%|||1|||10|||27|||9
<|||4|||11|||16|||9
>|||3|||11|||30|||9
<|||5|||12|||16|||9
<|||6|||12|||30|||9
!=|||1|||13|||15|||9
%|||2|||13|||25|||9
<=|||6|||14|||17|||9
%|||3|||14|||28|||9
==|||1|||14|||30|||9
<|||7|||15|||10|||9
<|||8|||16|||20|||9
!=|||2|||16|||45|||9
>|||4|||17|||17|||9
%|||4|||17|||31|||9
<|||9|||18|||21|||9
<|||10|||19|||15|||9
<|||11|||20|||8|||9
<|||12|||20|||26|||9
>|||5|||20|||44|||9
<|||13|||21|||8|||9
<|||14|||21|||34|||9
<|||15|||21|||48|||9
<|||16|||22|||8|||9
>=|||2|||22|||34|||9
>|||6|||22|||41|||9
<|||17|||23|||8|||9
<=|||7|||23|||28|||9
<|||18|||24|||25|||9
>|||7|||25|||13|||9
%|||5|||25|||23|||9
<|||19|||26|||22|||9
==|||2|||26|||40|||9
<|||20|||27|||15|||9
<=|||8|||28|||8|||9
<=|||9|||28|||28|||9
%|||6|||28|||39|||9
==|||3|||28|||41|||9
==|||4|||28|||51|||9
>|||8|||29|||13|||9
%|||7|||29|||25|||9
!=|||3|||29|||27|||9
%|||8|||29|||31|||9
!=|||4|||29|||33|||9
<=|||10|||30|||8|||9
<=|||11|||31|||12|||9
<=|||12|||32|||8|||9
<=|||13|||33|||8|||9
<=|||14|||34|||12|||9
<|||21|||35|||25|||9
>=|||3|||36|||12|||9
<|||22|||37|||12|||9
<|||23|||38|||18|||9
>|||9|||39|||12|||9
>|||10|||40|||12|||9
%|||9|||40|||23|||9
<|||24|||41|||15|||9
>|||11|||41|||27|||9
<|||25|||42|||15|||9
<|||26|||42|||27|||9
!=|||5|||43|||14|||9
%|||10|||43|||25|||9
<=|||15|||44|||16|||9
%|||11|||44|||25|||9
==|||5|||44|||27|||9
<|||27|||45|||10|||9
<|||28|||46|||19|||9
!=|||6|||46|||42|||9
>|||12|||47|||16|||9
%|||12|||47|||27|||9
<|||29|||48|||20|||9
<|||30|||49|||15|||9
<|||31|||50|||8|||9
<|||32|||50|||24|||9
>|||13|||50|||40|||9
<|||33|||51|||8|||9
<|||34|||51|||30|||9
<|||35|||51|||42|||9
<|||36|||52|||8|||9
>=|||4|||52|||31|||9
>|||14|||52|||38|||9
<|||37|||53|||8|||9
<=|||16|||53|||24|||9
<|||38|||54|||24|||9
>|||15|||55|||12|||9
%|||13|||55|||19|||9
<|||39|||56|||21|||9
==|||6|||56|||37|||9
<|||40|||57|||15|||9
<=|||17|||58|||8|||9
<=|||18|||58|||24|||9
%|||14|||58|||33|||9
==|||7|||58|||35|||9
==|||8|||58|||49|||9
>|||16|||59|||13|||9
%|||15|||59|||24|||9
!=|||7|||59|||26|||9
%|||16|||59|||30|||9
!=|||8|||59|||32|||9
