for|||1|||0|||0|||5
(|||1|||0|||1|||5
for|||2|||1|||5|||5
(|||3|||1|||6|||5
for|||3|||2|||0|||5
(|||4|||2|||1|||5
for|||4|||3|||0|||5
(|||6|||3|||1|||5
for|||5|||4|||5|||5
(|||8|||4|||6|||5
for|||6|||5|||17|||5
(|||9|||5|||18|||5
for|||7|||6|||0|||5
(|||11|||6|||1|||5
for|||8|||7|||5|||5
(|||13|||7|||6|||5
for|||9|||8|||11|||5
(|||14|||8|||12|||5
for|||10|||9|||9|||5
(|||16|||9|||10|||5
for|||11|||10|||9|||5
(|||17|||10|||10|||5
for|||12|||11|||8|||5
(|||18|||11|||9|||5
for|||13|||12|||8|||5
(|||20|||12|||9|||5
for|||14|||13|||9|||5
(|||22|||13|||10|||5
for|||15|||14|||9|||5
(|||23|||14|||10|||5
for|||16|||15|||0|||5
(|||25|||15|||1|||5
for|||17|||16|||12|||5
(|||26|||16|||13|||5
for|||18|||17|||13|||5
(|||31|||17|||14|||5
for|||19|||18|||13|||5
(|||32|||18|||14|||5
for|||20|||19|||7|||5
(|||33|||19|||8|||5
for|||21|||20|||0|||5
(|||38|||20|||1|||5
for|||22|||20|||18|||5
(|||39|||20|||19|||5
for|||23|||21|||0|||5
(|||41|||21|||1|||5
for|||24|||21|||24|||5
(|||42|||21|||25|||5
for|||25|||22|||0|||5
(|||44|||22|||1|||5
while|||1|||22|||31|||5
for|||26|||23|||0|||5
(|||46|||23|||1|||5
for|||27|||23|||20|||5
(|||47|||23|||21|||5
for|||28|||24|||17|||5
(|||52|||24|||18|||5
for|||29|||25|||9|||5
(|||56|||25|||10|||5
for|||30|||26|||14|||5
(|||57|||26|||15|||5
for|||31|||27|||7|||5
(|||61|||27|||8|||5
for|||32|||28|||0|||5
(|||67|||28|||1|||5
for|||33|||28|||20|||5
(|||68|||28|||21|||5
for|||34|||29|||21|||5
(|||73|||29|||22|||5
while|||2|||30|||5|||5
while|||3|||31|||9|||5
while|||4|||32|||5|||5
while|||5|||33|||5|||5
while|||6|||34|||9|||5
while|||7|||35|||22|||5
while|||8|||36|||9|||5
while|||9|||37|||9|||5
while|||10|||38|||15|||5
while|||11|||39|||9|||5
while|||12|||40|||9|||5
while|||13|||41|||12|||5
while|||14|||42|||12|||5
while|||15|||43|||11|||5
while|||16|||44|||13|||5
while|||17|||45|||7|||5
while|||18|||46|||16|||5
while|||19|||47|||13|||5
while|||20|||48|||17|||5
while|||21|||49|||12|||5
while|||22|||50|||5|||5
while|||23|||50|||21|||5
while|||24|||51|||5|||5
while|||25|||51|||27|||5
while|||26|||52|||5|||5
while|||27|||52|||28|||5
while|||28|||53|||5|||5
while|||29|||53|||21|||5
while|||30|||54|||21|||5
while|||31|||55|||9|||5
while|||32|||56|||18|||5
while|||33|||57|||12|||5
while|||34|||58|||5|||5
while|||35|||58|||21|||5
while|||36|||59|||21|||5
int|||1|||0|||2|||8
int|||2|||1|||0|||8
int|||3|||1|||7|||8
int|||4|||2|||2|||8
int|||5|||3|||2|||8
int|||6|||4|||0|||8
int|||7|||4|||7|||8
int|||8|||5|||0|||8
int|||9|||5|||19|||8
int|||10|||6|||2|||8
int|||11|||7|||0|||8
int|||12|||7|||7|||8
int|||13|||8|||0|||8
int|||14|||8|||13|||8
int|||15|||9|||0|||8
int|||16|||10|||0|||8
int|||17|||11|||0|||8
int|||18|||11|||10|||8
int|||19|||12|||0|||8
int|||20|||12|||10|||8
int|||21|||13|||0|||8
int|||22|||13|||11|||8
int|||23|||14|||0|||8
int|||24|||14|||11|||8
int|||25|||15|||2|||8
int|||26|||16|||7|||8
int|||27|||16|||14|||8
int|||28|||17|||0|||8
int|||29|||18|||0|||8
int|||30|||18|||15|||8
int|||31|||19|||9|||8
int|||32|||19|||32|||8
int|||33|||20|||2|||8
int|||34|||20|||20|||8
int|||35|||20|||53|||8
int|||36|||21|||2|||8
int|||37|||21|||19|||8
int|||38|||21|||26|||8
int|||39|||21|||58|||8
int|||40|||22|||2|||8
int|||41|||22|||17|||8
int|||42|||23|||2|||8
int|||43|||23|||15|||8
int|||44|||23|||22|||8
int|||45|||24|||0|||8
int|||46|||24|||19|||8
int|||47|||25|||0|||8
int|||48|||26|||9|||8
int|||49|||26|||16|||8
int|||50|||27|||9|||8
int|||51|||28|||2|||8
int|||52|||28|||15|||8
int|||53|||28|||22|||8
int|||54|||29|||0|||8
int|||55|||30|||0|||8
int|||56|||31|||0|||8
int|||57|||32|||0|||8
int|||58|||33|||0|||8
int|||59|||34|||0|||8
int|||60|||35|||0|||8
int|||61|||35|||17|||8
int|||62|||36|||0|||8
int|||63|||37|||0|||8
int|||64|||38|||0|||8
int|||65|||39|||0|||8
int|||66|||40|||0|||8
int|||67|||41|||0|||8
int|||68|||42|||0|||8
int|||69|||43|||0|||8
int|||70|||44|||0|||8
int|||71|||45|||0|||8
int|||72|||46|||7|||8
int|||73|||47|||0|||8
int|||74|||48|||0|||8
int|||75|||49|||7|||8
int|||76|||49|||30|||8
int|||77|||50|||0|||8
int|||78|||50|||16|||8
int|||79|||50|||49|||8
int|||80|||51|||0|||8
int|||81|||51|||16|||8
int|||82|||51|||56|||8
int|||83|||52|||0|||8
int|||84|||52|||14|||8
int|||85|||53|||0|||8
int|||86|||53|||12|||8
int|||87|||54|||0|||8
int|||88|||55|||0|||8
int|||89|||56|||9|||8
int|||90|||57|||7|||8
int|||91|||58|||0|||8
int|||92|||58|||12|||8
int|||93|||59|||0|||8
i|||1|||0|||3|||7
i|||2|||0|||7|||7
i|||3|||0|||11|||7
i|||4|||0|||20|||7
i|||5|||1|||8|||7
i|||6|||1|||12|||7
i|||7|||1|||16|||7
i|||8|||1|||21|||7
i|||9|||2|||3|||7
i|||10|||2|||7|||7
i|||11|||2|||11|||7
i|||12|||2|||21|||7
i|||13|||3|||3|||7
i|||14|||3|||7|||7
i|||15|||3|||11|||7
i|||16|||3|||21|||7
i|||17|||4|||8|||7
i|||18|||4|||12|||7
i|||19|||4|||16|||7
i|||20|||4|||21|||7
i|||21|||5|||20|||7
i|||22|||5|||24|||7
i|||23|||5|||30|||7
i|||24|||5|||41|||7
i|||25|||6|||3|||7
i|||26|||6|||11|||7
i|||27|||6|||15|||7
i|||28|||6|||26|||7
i|||29|||7|||8|||7
i|||30|||7|||12|||7
i|||31|||7|||18|||7
i|||32|||7|||25|||7
i|||33|||8|||14|||7
i|||34|||8|||18|||7
i|||35|||8|||22|||7
i|||36|||11|||11|||7
i|||37|||11|||15|||7
i|||38|||11|||21|||7
i|||39|||11|||28|||7
i|||40|||11|||37|||7
i|||41|||12|||11|||7
i|||42|||12|||15|||7
i|||43|||12|||21|||7
i|||44|||12|||28|||7
i|||45|||12|||37|||7
i|||46|||14|||12|||7
i|||47|||14|||16|||7
i|||48|||14|||22|||7
i|||49|||14|||29|||7
i|||50|||15|||3|||7
i|||51|||15|||9|||7
i|||52|||15|||17|||7
i|||53|||15|||25|||7
i|||54|||15|||30|||7
i|||55|||15|||39|||7
i|||56|||15|||50|||7
i|||57|||16|||15|||7
i|||58|||16|||19|||7
i|||59|||16|||27|||7
i|||60|||16|||42|||7
i|||61|||18|||16|||7
i|||62|||18|||20|||7
i|||63|||18|||24|||7
i|||64|||19|||10|||7
i|||65|||19|||14|||7
i|||66|||19|||22|||7
i|||67|||19|||38|||7
i|||68|||20|||3|||7
i|||69|||20|||7|||7
i|||70|||20|||15|||7
i|||71|||20|||31|||7
i|||72|||21|||3|||7
i|||73|||21|||7|||7
i|||74|||21|||15|||7
i|||75|||21|||22|||7
i|||76|||21|||29|||7
i|||77|||21|||63|||7
i|||78|||21|||68|||7
i|||79|||22|||3|||7
i|||80|||22|||7|||7
i|||81|||22|||13|||7
i|||82|||22|||22|||7
i|||83|||22|||27|||7
i|||84|||23|||3|||7
i|||85|||23|||7|||7
i|||86|||23|||11|||7
i|||87|||23|||29|||7
i|||88|||23|||52|||7
i|||89|||24|||20|||7
i|||90|||24|||24|||7
i|||91|||24|||28|||7
i|||92|||24|||37|||7
i|||93|||24|||43|||7
i|||94|||26|||17|||7
i|||95|||26|||21|||7
i|||96|||26|||29|||7
i|||97|||26|||38|||7
i|||98|||27|||10|||7
i|||99|||27|||14|||7
i|||100|||27|||22|||7
i|||101|||27|||39|||7
i|||102|||28|||3|||7
i|||103|||28|||7|||7
i|||104|||28|||11|||7
i|||105|||28|||29|||7
i|||106|||28|||38|||7
i|||107|||28|||60|||7
i|||108|||30|||1|||7
i|||109|||30|||7|||7
i|||110|||30|||18|||7
i|||111|||30|||24|||7
i|||112|||31|||5|||7
i|||113|||31|||11|||7
i|||114|||31|||18|||7
i|||115|||31|||20|||7
i|||116|||32|||1|||7
i|||117|||32|||7|||7
i|||118|||32|||18|||7
i|||119|||32|||24|||7
i|||120|||33|||1|||7
i|||121|||33|||7|||7
i|||122|||33|||18|||7
i|||123|||33|||24|||7
i|||124|||34|||5|||7
i|||125|||34|||11|||7
i|||126|||34|||18|||7
i|||127|||34|||20|||7
i|||128|||35|||18|||7
i|||129|||35|||24|||7
i|||130|||35|||39|||7
i|||131|||35|||46|||7
i|||132|||36|||1|||7
i|||133|||36|||11|||7
i|||134|||36|||24|||7
i|||135|||36|||31|||7
i|||136|||37|||5|||7
i|||137|||37|||11|||7
i|||138|||37|||22|||7
i|||139|||37|||25|||7
i|||140|||38|||11|||7
i|||141|||38|||17|||7
i|||142|||38|||48|||7
i|||143|||41|||8|||7
i|||144|||41|||14|||7
i|||145|||41|||25|||7
i|||146|||41|||34|||7
i|||147|||41|||37|||7
i|||148|||42|||8|||7
i|||149|||42|||14|||7
i|||150|||42|||25|||7
i|||151|||42|||34|||7
i|||152|||42|||37|||7
i|||153|||44|||9|||7
i|||154|||44|||15|||7
i|||155|||44|||26|||7
i|||156|||44|||34|||7
i|||157|||45|||1|||7
i|||158|||45|||9|||7
i|||159|||45|||22|||7
i|||160|||45|||27|||7
i|||161|||45|||36|||7
i|||162|||45|||47|||7
i|||163|||45|||54|||7
i|||164|||46|||12|||7
i|||165|||46|||18|||7
i|||166|||46|||39|||7
i|||167|||46|||49|||7
i|||168|||48|||13|||7
i|||169|||48|||19|||7
i|||170|||48|||28|||7
i|||171|||49|||8|||7
i|||172|||49|||14|||7
i|||173|||49|||36|||7
i|||174|||49|||43|||7
i|||175|||50|||1|||7
i|||176|||50|||7|||7
i|||177|||50|||29|||7
i|||178|||50|||83|||7
i|||179|||51|||1|||7
i|||180|||51|||7|||7
i|||181|||51|||19|||7
i|||182|||51|||23|||7
i|||183|||51|||61|||7
i|||184|||51|||66|||7
i|||185|||51|||81|||7
i|||186|||52|||1|||7
i|||187|||52|||7|||7
i|||188|||52|||19|||7
i|||189|||52|||24|||7
i|||190|||52|||67|||7
i|||191|||53|||1|||7
i|||192|||53|||7|||7
i|||193|||53|||25|||7
i|||194|||53|||45|||7
i|||195|||53|||68|||7
i|||196|||54|||17|||7
i|||197|||54|||23|||7
i|||198|||54|||33|||7
i|||199|||54|||39|||7
i|||200|||54|||44|||7
i|||201|||56|||14|||7
i|||202|||56|||20|||7
i|||203|||56|||35|||7
i|||204|||56|||44|||7
i|||205|||57|||8|||7
i|||206|||57|||14|||7
i|||207|||57|||37|||7
i|||208|||57|||44|||7
i|||209|||58|||1|||7
i|||210|||58|||7|||7
i|||211|||58|||25|||7
i|||212|||58|||32|||7
i|||213|||58|||58|||7
i|||214|||58|||64|||7
=|||1|||0|||4|||3
=|||2|||1|||2|||3
=|||3|||1|||9|||3
+=|||1|||1|||20|||3
=|||4|||2|||4|||3
+=|||2|||2|||12|||3
=|||5|||3|||4|||3
+=|||3|||3|||12|||3
=|||6|||4|||2|||3
=|||7|||4|||9|||3
*=|||1|||4|||20|||3
=|||8|||5|||4|||3
=|||9|||5|||21|||3
=|||10|||6|||4|||3
=|||11|||7|||2|||3
=|||12|||7|||9|||3
+=|||4|||7|||22|||3
=|||13|||8|||2|||3
=|||14|||8|||6|||3
=|||15|||8|||15|||3
=|||16|||8|||39|||3
=|||17|||8|||45|||3
=|||18|||8|||49|||3
=|||19|||9|||2|||3
=|||20|||9|||6|||3
/=|||1|||9|||17|||3
=|||21|||10|||2|||3
=|||22|||10|||6|||3
/=|||2|||10|||17|||3
=|||23|||10|||21|||3
=|||24|||11|||2|||3
=|||25|||11|||12|||3
=|||26|||11|||34|||3
=|||27|||12|||2|||3
=|||28|||12|||12|||3
=|||29|||12|||34|||3
=|||30|||13|||2|||3
=|||31|||13|||6|||3
=|||32|||13|||19|||3
=|||33|||13|||23|||3
=|||34|||13|||29|||3
=|||35|||14|||2|||3
=|||36|||14|||6|||3
=|||37|||14|||13|||3
=|||38|||14|||34|||3
=|||39|||15|||4|||3
=|||40|||15|||22|||3
=|||41|||15|||32|||3
=|||42|||15|||54|||3
=|||43|||16|||2|||3
=|||44|||16|||9|||3
=|||45|||16|||16|||3
=|||46|||17|||2|||3
=|||47|||17|||6|||3
=|||48|||17|||10|||3
/=|||3|||17|||21|||3
=|||49|||17|||25|||3
=|||50|||18|||2|||3
=|||51|||18|||6|||3
=|||52|||18|||10|||3
=|||53|||18|||17|||3
*=|||2|||18|||28|||3
=|||54|||19|||2|||3
=|||55|||19|||11|||3
=|||56|||20|||4|||3
=|||57|||20|||22|||3
=|||58|||20|||55|||3
=|||59|||20|||65|||3
=|||60|||20|||79|||3
=|||61|||21|||4|||3
=|||62|||21|||21|||3
=|||63|||21|||28|||3
=|||64|||21|||55|||3
=|||65|||21|||60|||3
=|||66|||21|||70|||3
=|||67|||21|||80|||3
=|||68|||22|||4|||3
=|||69|||22|||19|||3
=|||70|||22|||26|||3
=|||71|||22|||50|||3
=|||72|||22|||63|||3
=|||73|||23|||4|||3
=|||74|||23|||17|||3
=|||75|||23|||24|||3
=|||76|||23|||48|||3
=|||77|||24|||2|||3
=|||78|||24|||6|||3
=|||79|||24|||10|||3
=|||80|||24|||14|||3
=|||81|||24|||21|||3
*=|||3|||24|||33|||3
*=|||4|||24|||41|||3
=|||82|||25|||2|||3
=|||83|||25|||6|||3
/=|||4|||25|||17|||3
+=|||5|||25|||21|||3
=|||84|||26|||2|||3
=|||85|||26|||11|||3
=|||86|||26|||18|||3
=|||87|||27|||2|||3
=|||88|||27|||11|||3
=|||89|||28|||4|||3
=|||90|||28|||17|||3
=|||91|||28|||24|||3
=|||92|||28|||45|||3
=|||93|||29|||2|||3
=|||94|||29|||6|||3
=|||95|||29|||10|||3
=|||96|||30|||2|||3
=|||97|||31|||2|||3
=|||98|||31|||6|||3
+=|||6|||31|||17|||3
=|||99|||32|||2|||3
+=|||7|||32|||25|||3
=|||100|||33|||2|||3
+=|||8|||33|||25|||3
=|||101|||34|||2|||3
=|||102|||34|||6|||3
*=|||5|||34|||17|||3
=|||103|||35|||4|||3
=|||104|||35|||19|||3
=|||105|||36|||2|||3
=|||106|||37|||2|||3
=|||107|||37|||6|||3
+=|||9|||37|||19|||3
=|||108|||38|||2|||3
=|||109|||38|||6|||3
=|||110|||38|||12|||3
=|||111|||38|||35|||3
=|||112|||38|||41|||3
=|||113|||38|||45|||3
=|||114|||39|||2|||3
=|||115|||39|||6|||3
/=|||5|||39|||20|||3
=|||116|||40|||2|||3
=|||117|||40|||6|||3
=|||118|||40|||17|||3
/=|||6|||40|||27|||3
=|||119|||41|||2|||3
=|||120|||41|||9|||3
=|||121|||41|||31|||3
=|||122|||42|||2|||3
=|||123|||42|||9|||3
=|||124|||42|||31|||3
=|||125|||43|||2|||3
=|||126|||43|||6|||3
=|||127|||43|||19|||3
=|||128|||43|||23|||3
=|||129|||43|||29|||3
=|||130|||44|||2|||3
=|||131|||44|||6|||3
=|||132|||44|||10|||3
=|||133|||44|||31|||3
=|||134|||45|||2|||3
=|||135|||45|||19|||3
=|||136|||45|||29|||3
=|||137|||45|||51|||3
=|||138|||46|||2|||3
=|||139|||46|||9|||3
=|||140|||46|||13|||3
=|||141|||47|||2|||3
=|||142|||47|||6|||3
=|||143|||47|||10|||3
=|||144|||47|||21|||3
/=|||7|||47|||31|||3
=|||145|||48|||2|||3
=|||146|||48|||6|||3
=|||147|||48|||10|||3
=|||148|||48|||14|||3
*=|||6|||48|||25|||3
=|||149|||49|||2|||3
=|||150|||49|||9|||3
=|||151|||50|||2|||3
=|||152|||50|||18|||3
=|||153|||50|||51|||3
=|||154|||50|||61|||3
=|||155|||50|||75|||3
=|||156|||51|||2|||3
=|||157|||51|||18|||3
=|||158|||51|||22|||3
=|||159|||51|||49|||3
=|||160|||51|||58|||3
=|||161|||51|||68|||3
=|||162|||51|||78|||3
=|||163|||52|||2|||3
=|||164|||52|||16|||3
=|||165|||52|||23|||3
=|||166|||52|||48|||3
=|||167|||52|||64|||3
=|||168|||53|||2|||3
=|||169|||53|||14|||3
=|||170|||53|||18|||3
=|||171|||53|||41|||3
=|||172|||54|||2|||3
=|||173|||54|||6|||3
=|||174|||54|||10|||3
=|||175|||54|||14|||3
=|||176|||54|||18|||3
*=|||7|||54|||29|||3
*=|||8|||54|||37|||3
=|||177|||55|||2|||3
=|||178|||55|||6|||3
+=|||10|||55|||17|||3
/=|||8|||55|||23|||3
=|||179|||56|||2|||3
=|||180|||56|||11|||3
=|||181|||56|||15|||3
=|||182|||57|||2|||3
=|||183|||57|||9|||3
=|||184|||58|||2|||3
=|||185|||58|||14|||3
=|||186|||58|||18|||3
=|||187|||58|||39|||3
=|||188|||59|||2|||3
=|||189|||59|||6|||3
=|||190|||59|||10|||3
1|||1|||0|||5|||2
5|||1|||0|||9|||2
0|||1|||1|||3|||2
1|||2|||1|||10|||2
5|||2|||1|||14|||2
2|||1|||2|||5|||2
10|||1|||2|||9|||2
2|||2|||2|||13|||2
1|||3|||3|||5|||2
10|||2|||3|||9|||2
2|||3|||3|||13|||2
1|||4|||4|||3|||2
1|||5|||4|||10|||2
5|||3|||4|||14|||2
1|||6|||5|||6|||2
2|||4|||5|||8|||2
3|||1|||5|||10|||2
4|||1|||5|||12|||2
5|||4|||5|||14|||2
0|||2|||5|||22|||2
1|||7|||6|||9|||2
0|||3|||6|||13|||2
0|||4|||7|||3|||2
0|||5|||7|||10|||2
0|||6|||8|||3|||2
1|||8|||8|||7|||2
0|||7|||8|||16|||2
5|||5|||8|||20|||2
12345|||1|||9|||3|||2
0|||8|||9|||7|||2
0|||9|||9|||14|||2
10|||3|||9|||18|||2
0|||10|||10|||3|||2
1234|||1|||10|||7|||2
0|||11|||10|||14|||2
10|||4|||10|||18|||2
10|||5|||10|||24|||2
10|||6|||10|||28|||2
1|||9|||11|||13|||2
1|||10|||12|||13|||2
24|||1|||13|||3|||2
36|||1|||13|||7|||2
0|||14|||13|||16|||2
17|||1|||14|||3|||2
1|||11|||14|||7|||2
2|||5|||14|||14|||2
2|||6|||14|||20|||2
0|||15|||14|||31|||2
0|||16|||14|||35|||2
0|||17|||15|||5|||2
2|||7|||15|||15|||2
1|||12|||15|||41|||2
1|||13|||15|||52|||2
0|||18|||16|||10|||2
0|||19|||16|||17|||2
1|||14|||16|||47|||2
121|||1|||17|||3|||2
0|||20|||17|||7|||2
0|||21|||17|||18|||2
10|||7|||17|||22|||2
10|||8|||17|||28|||2
10|||9|||17|||32|||2
2|||8|||18|||3|||2
3|||2|||18|||7|||2
1|||15|||18|||11|||2
0|||22|||18|||18|||2
0|||23|||19|||12|||2
0|||24|||20|||5|||2
1|||16|||20|||13|||2
0|||25|||20|||23|||2
1|||17|||20|||33|||2
1|||18|||20|||49|||2
1|||19|||20|||70|||2
1|||20|||20|||77|||2
0|||26|||21|||5|||2
1|||21|||21|||13|||2
1|||22|||21|||31|||2
1|||23|||22|||5|||2
1|||24|||22|||29|||2
0|||27|||22|||35|||2
1|||25|||22|||48|||2
1|||26|||22|||61|||2
0|||28|||23|||5|||2
5|||6|||23|||9|||2
1|||27|||23|||18|||2
0|||29|||23|||25|||2
1|||28|||23|||60|||2
5|||7|||24|||3|||2
2|||9|||24|||7|||2
1|||29|||24|||11|||2
1|||30|||24|||15|||2
0|||30|||24|||22|||2
1|||31|||24|||45|||2
123|||1|||25|||3|||2
0|||31|||25|||7|||2
0|||32|||25|||14|||2
10|||10|||25|||18|||2
10|||11|||25|||24|||2
1|||32|||26|||12|||2
0|||33|||26|||19|||2
0|||34|||27|||12|||2
32|||1|||27|||42|||2
2|||10|||28|||5|||2
50|||1|||28|||9|||2
1|||33|||28|||18|||2
2|||11|||28|||25|||2
2|||12|||28|||31|||2
0|||35|||28|||42|||2
0|||36|||28|||46|||2
1|||34|||28|||52|||2
12|||1|||29|||3|||2
18|||1|||29|||7|||2
0|||37|||29|||28|||2
0|||38|||29|||34|||2
1|||35|||30|||3|||2
5|||8|||30|||9|||2
0|||39|||31|||3|||2
1|||36|||31|||7|||2
5|||9|||31|||13|||2
2|||13|||32|||3|||2
10|||12|||32|||9|||2
2|||14|||32|||26|||2
1|||37|||33|||3|||2
10|||13|||33|||9|||2
2|||15|||33|||26|||2
1|||38|||34|||3|||2
1|||39|||34|||7|||2
5|||10|||34|||13|||2
1|||40|||35|||6|||2
2|||16|||35|||8|||2
3|||3|||35|||10|||2
4|||2|||35|||12|||2
5|||11|||35|||14|||2
0|||40|||35|||20|||2
1|||41|||36|||7|||2
0|||41|||36|||13|||2
0|||42|||37|||3|||2
0|||43|||37|||7|||2
0|||44|||38|||3|||2
1|||42|||38|||7|||2
0|||45|||38|||13|||2
5|||12|||38|||19|||2
12345|||2|||39|||3|||2
0|||46|||39|||7|||2
0|||47|||39|||13|||2
10|||14|||39|||21|||2
0|||48|||40|||3|||2
1234|||2|||40|||7|||2
0|||49|||40|||13|||2
10|||15|||40|||20|||2
10|||16|||40|||24|||2
10|||17|||40|||28|||2
1|||43|||41|||10|||2
1|||44|||42|||10|||2
24|||2|||43|||3|||2
36|||2|||43|||7|||2
0|||52|||43|||15|||2
17|||2|||44|||3|||2
1|||45|||44|||7|||2
2|||17|||44|||11|||2
2|||18|||44|||19|||2
0|||53|||44|||28|||2
0|||54|||44|||32|||2
0|||55|||45|||3|||2
2|||19|||45|||15|||2
1|||46|||45|||38|||2
1|||47|||45|||49|||2
0|||56|||46|||10|||2
0|||57|||46|||14|||2
1|||48|||46|||44|||2
121|||2|||47|||3|||2
0|||58|||47|||7|||2
0|||59|||47|||17|||2
10|||18|||47|||24|||2
10|||19|||47|||28|||2
10|||20|||47|||32|||2
2|||20|||48|||3|||2
3|||4|||48|||7|||2
1|||49|||48|||11|||2
0|||60|||48|||15|||2
0|||61|||49|||10|||2
0|||62|||50|||3|||2
1|||50|||50|||13|||2
0|||63|||50|||19|||2
1|||51|||50|||31|||2
1|||52|||50|||45|||2
1|||53|||50|||66|||2
1|||54|||50|||73|||2
0|||64|||51|||3|||2
1|||55|||51|||13|||2
1|||56|||51|||25|||2
1|||57|||52|||3|||2
1|||58|||52|||26|||2
0|||65|||52|||32|||2
1|||59|||52|||46|||2
1|||60|||52|||62|||2
0|||66|||53|||3|||2
5|||13|||53|||9|||2
1|||61|||53|||15|||2
0|||67|||53|||19|||2
1|||62|||53|||53|||2
5|||14|||54|||3|||2
2|||21|||54|||7|||2
1|||63|||54|||11|||2
1|||64|||54|||15|||2
0|||68|||54|||19|||2
1|||65|||54|||41|||2
123|||2|||55|||3|||2
0|||69|||55|||7|||2
0|||70|||55|||13|||2
10|||21|||55|||20|||2
10|||22|||55|||24|||2
1|||66|||56|||12|||2
0|||71|||56|||16|||2
0|||72|||57|||10|||2
32|||2|||57|||40|||2
2|||22|||58|||3|||2
50|||2|||58|||9|||2
1|||67|||58|||15|||2
2|||23|||58|||19|||2
2|||24|||58|||27|||2
0|||73|||58|||36|||2
0|||74|||58|||40|||2
1|||68|||58|||50|||2
12|||2|||59|||3|||2
18|||2|||59|||7|||2
0|||75|||59|||27|||2
0|||76|||59|||33|||2
;|||1|||0|||6|||0
;|||2|||0|||10|||0
;|||3|||0|||25|||0
;|||4|||1|||4|||0
;|||5|||1|||11|||0
;|||6|||1|||15|||0
;|||7|||1|||22|||0
;|||8|||2|||6|||0
;|||9|||2|||10|||0
;|||10|||2|||26|||0
;|||11|||3|||6|||0
;|||12|||3|||10|||0
;|||13|||3|||26|||0
;|||14|||4|||4|||0
;|||15|||4|||11|||0
;|||16|||4|||15|||0
;|||17|||4|||22|||0
;|||18|||5|||16|||0
;|||19|||5|||23|||0
;|||20|||5|||29|||0
;|||21|||5|||47|||0
;|||22|||6|||10|||0
;|||23|||6|||14|||0
;|||24|||6|||32|||0
;|||25|||7|||4|||0
;|||26|||7|||11|||0
;|||27|||7|||17|||0
;|||28|||7|||27|||0
;|||29|||8|||10|||0
;|||30|||8|||17|||0
;|||31|||8|||21|||0
;|||32|||8|||37|||0
;|||33|||8|||43|||0
;|||34|||8|||47|||0
;|||35|||8|||51|||0
;|||36|||9|||8|||0
;|||37|||9|||11|||0
;|||38|||9|||15|||0
;|||39|||9|||22|||0
;|||40|||10|||8|||0
;|||41|||10|||11|||0
;|||42|||10|||15|||0
;|||43|||10|||29|||0
;|||44|||11|||7|||0
;|||45|||11|||14|||0
;|||46|||11|||20|||0
;|||47|||11|||39|||0
;|||48|||12|||7|||0
;|||49|||12|||14|||0
;|||50|||12|||20|||0
;|||51|||12|||39|||0
;|||52|||13|||8|||0
;|||53|||13|||13|||0
;|||54|||13|||17|||0
;|||55|||13|||32|||0
;|||56|||14|||8|||0
;|||57|||14|||15|||0
;|||58|||14|||21|||0
;|||59|||14|||36|||0
;|||60|||15|||8|||0
;|||61|||15|||16|||0
;|||62|||15|||27|||0
;|||63|||15|||43|||0
;|||64|||15|||56|||0
;|||65|||16|||6|||0
;|||66|||16|||11|||0
;|||67|||16|||18|||0
;|||68|||16|||26|||0
;|||69|||16|||51|||0
;|||70|||17|||12|||0
;|||71|||17|||15|||0
;|||72|||17|||19|||0
;|||73|||17|||33|||0
;|||74|||18|||12|||0
;|||75|||18|||19|||0
;|||76|||18|||23|||0
;|||77|||18|||30|||0
;|||78|||19|||6|||0
;|||79|||19|||13|||0
;|||80|||19|||21|||0
;|||81|||19|||44|||0
;|||82|||20|||6|||0
;|||83|||20|||14|||0
;|||84|||20|||24|||0
;|||85|||20|||34|||0
;|||86|||20|||60|||0
;|||87|||20|||72|||0
;|||88|||20|||81|||0
;|||89|||21|||6|||0
;|||90|||21|||14|||0
;|||91|||21|||23|||0
;|||92|||21|||32|||0
;|||93|||21|||38|||0
;|||94|||21|||57|||0
;|||95|||21|||65|||0
;|||96|||21|||75|||0
;|||97|||21|||82|||0
;|||98|||22|||6|||0
;|||99|||22|||12|||0
;|||100|||22|||30|||0
;|||101|||22|||56|||0
;|||102|||22|||65|||0
;|||103|||23|||6|||0
;|||104|||23|||10|||0
;|||105|||23|||19|||0
;|||106|||23|||26|||0
;|||107|||23|||30|||0
;|||108|||23|||46|||0
;|||109|||23|||62|||0
;|||110|||23|||71|||0
;|||111|||24|||16|||0
;|||112|||24|||23|||0
;|||113|||24|||27|||0
;|||114|||24|||39|||0
;|||115|||24|||47|||0
;|||116|||24|||59|||0
;|||117|||25|||8|||0
;|||118|||25|||11|||0
;|||119|||25|||15|||0
;|||120|||25|||25|||0
;|||121|||26|||8|||0
;|||122|||26|||13|||0
;|||123|||26|||20|||0
;|||124|||26|||28|||0
;|||125|||26|||46|||0
;|||126|||27|||6|||0
;|||127|||27|||13|||0
;|||128|||27|||21|||0
;|||129|||27|||45|||0
;|||130|||28|||6|||0
;|||131|||28|||10|||0
;|||132|||28|||19|||0
;|||133|||28|||26|||0
;|||134|||28|||32|||0
;|||135|||28|||47|||0
;|||136|||28|||65|||0
;|||137|||29|||20|||0
;|||138|||29|||23|||0
;|||139|||29|||35|||0
;|||140|||29|||39|||0
;|||141|||29|||48|||0
;|||142|||30|||4|||0
;|||143|||30|||23|||0
;|||144|||30|||26|||0
;|||145|||31|||8|||0
;|||146|||31|||19|||0
;|||147|||31|||22|||0
;|||148|||32|||4|||0
;|||149|||32|||23|||0
;|||150|||32|||27|||0
;|||151|||33|||4|||0
;|||152|||33|||23|||0
;|||153|||33|||27|||0
;|||154|||34|||8|||0
;|||155|||34|||19|||0
;|||156|||34|||22|||0
;|||157|||35|||16|||0
;|||158|||35|||21|||0
;|||159|||35|||45|||0
;|||160|||35|||48|||0
;|||161|||36|||8|||0
;|||162|||36|||30|||0
;|||163|||36|||33|||0
;|||164|||37|||8|||0
;|||165|||37|||24|||0
;|||166|||37|||27|||0
;|||167|||38|||14|||0
;|||168|||38|||33|||0
;|||169|||38|||39|||0
;|||170|||38|||43|||0
;|||171|||38|||47|||0
;|||172|||38|||50|||0
;|||173|||39|||8|||0
;|||174|||39|||18|||0
;|||175|||39|||22|||0
;|||176|||40|||8|||0
;|||177|||40|||25|||0
;|||178|||40|||29|||0
;|||179|||41|||11|||0
;|||180|||41|||36|||0
;|||181|||41|||39|||0
;|||182|||42|||11|||0
;|||183|||42|||36|||0
;|||184|||42|||39|||0
;|||185|||43|||10|||0
;|||186|||43|||21|||0
;|||187|||43|||27|||0
;|||188|||43|||31|||0
;|||189|||44|||12|||0
;|||190|||44|||33|||0
;|||191|||44|||36|||0
;|||192|||45|||6|||0
;|||193|||45|||24|||0
;|||194|||45|||40|||0
;|||195|||45|||53|||0
;|||196|||45|||56|||0
;|||197|||46|||6|||0
;|||198|||46|||15|||0
;|||199|||46|||48|||0
;|||200|||46|||51|||0
;|||201|||47|||12|||0
;|||202|||47|||29|||0
;|||203|||47|||33|||0
;|||204|||48|||16|||0
;|||205|||48|||27|||0
;|||206|||48|||30|||0
;|||207|||49|||6|||0
;|||208|||49|||11|||0
;|||209|||49|||42|||0
;|||210|||49|||45|||0
;|||211|||50|||4|||0
;|||212|||50|||20|||0
;|||213|||50|||56|||0
;|||214|||50|||68|||0
;|||215|||50|||77|||0
;|||216|||50|||81|||0
;|||217|||50|||85|||0
;|||218|||51|||4|||0
;|||219|||51|||26|||0
;|||220|||51|||51|||0
;|||221|||51|||54|||0
;|||222|||51|||63|||0
;|||223|||51|||73|||0
;|||224|||51|||80|||0
;|||225|||51|||83|||0
;|||226|||52|||4|||0
;|||227|||52|||27|||0
;|||228|||52|||53|||0
;|||229|||52|||56|||0
;|||230|||52|||66|||0
;|||231|||52|||69|||0
;|||232|||53|||4|||0
;|||233|||53|||20|||0
;|||234|||53|||39|||0
;|||235|||53|||55|||0
;|||236|||53|||58|||0
;|||237|||53|||67|||0
;|||238|||53|||70|||0
;|||239|||54|||20|||0
;|||240|||54|||35|||0
;|||241|||54|||43|||0
;|||242|||54|||46|||0
;|||243|||54|||58|||0
;|||244|||55|||8|||0
;|||245|||55|||21|||0
;|||246|||55|||25|||0
;|||247|||56|||8|||0
;|||248|||56|||17|||0
;|||249|||56|||43|||0
;|||250|||56|||46|||0
;|||251|||57|||6|||0
;|||252|||57|||11|||0
;|||253|||57|||43|||0
;|||254|||57|||46|||0
;|||255|||58|||4|||0
;|||256|||58|||20|||0
;|||257|||58|||41|||0
;|||258|||58|||44|||0
;|||259|||58|||63|||0
;|||260|||58|||66|||0
;|||261|||59|||20|||0
;|||262|||59|||37|||0
;|||263|||59|||46|||0
<=|||1|||0|||8|||4
)|||1|||0|||13|||4
.|||1|||0|||15|||4
.|||2|||0|||17|||4
(|||2|||0|||19|||4
+|||1|||0|||21|||4
"|||1|||0|||22|||4
"|||2|||0|||23|||4
)|||2|||0|||24|||4
<=|||2|||1|||13|||4
)|||3|||1|||18|||4
<=|||3|||2|||8|||4
)|||4|||2|||14|||4
.|||3|||2|||16|||4
.|||4|||2|||18|||4
(|||5|||2|||20|||4
+|||2|||2|||22|||4
"|||3|||2|||23|||4
"|||4|||2|||24|||4
)|||5|||2|||25|||4
<=|||4|||3|||8|||4
)|||6|||3|||14|||4
.|||5|||3|||16|||4
.|||6|||3|||18|||4
(|||7|||3|||20|||4
+|||3|||3|||22|||4
"|||5|||3|||23|||4
"|||6|||3|||24|||4
)|||7|||3|||25|||4
<=|||5|||4|||13|||4
)|||8|||4|||18|||4
[|||1|||5|||1|||4
]|||1|||5|||2|||4
{|||1|||5|||5|||4
,|||1|||5|||7|||4
,|||2|||5|||9|||4
,|||3|||5|||11|||4
,|||4|||5|||13|||4
}|||1|||5|||15|||4
<|||1|||5|||25|||4
.|||7|||5|||27|||4
length|||1|||5|||28|||4
)|||9|||5|||32|||4
.|||8|||5|||34|||4
.|||9|||5|||36|||4
(|||10|||5|||38|||4
[|||2|||5|||40|||4
]|||2|||5|||42|||4
+|||4|||5|||43|||4
"|||7|||5|||44|||4
"|||8|||5|||45|||4
)|||10|||5|||46|||4
.|||10|||6|||6|||4
length|||2|||6|||7|||4
-|||1|||6|||8|||4
>=|||1|||6|||12|||4
)|||11|||6|||17|||4
.|||11|||6|||19|||4
.|||12|||6|||21|||4
(|||12|||6|||23|||4
[|||3|||6|||25|||4
]|||3|||6|||27|||4
+|||5|||6|||28|||4
"|||9|||6|||29|||4
"|||10|||6|||30|||4
)|||12|||6|||31|||4
<|||2|||7|||13|||4
.|||13|||7|||15|||4
length|||3|||7|||16|||4
)|||13|||7|||20|||4
[|||4|||7|||24|||4
]|||4|||7|||26|||4
,|||5|||8|||4|||4
,|||6|||8|||8|||4
<|||3|||8|||19|||4
)|||14|||8|||24|||4
{|||2|||8|||25|||4
.|||14|||8|||27|||4
.|||15|||8|||29|||4
(|||15|||8|||31|||4
+|||6|||8|||33|||4
"|||11|||8|||34|||4
"|||12|||8|||35|||4
)|||15|||8|||36|||4
+|||7|||8|||41|||4
}|||2|||8|||52|||4
,|||7|||9|||4|||4
>|||1|||9|||13|||4
)|||16|||9|||19|||4
,|||8|||10|||4|||4
>|||2|||10|||13|||4
)|||17|||10|||19|||4
*|||1|||10|||23|||4
+|||8|||10|||25|||4
%|||1|||10|||27|||4
[|||5|||11|||4|||4
0|||12|||11|||5|||4
]|||5|||11|||6|||4
<|||4|||11|||16|||4
.|||16|||11|||18|||4
length|||4|||11|||19|||4
)|||18|||11|||23|||4
if|||1|||11|||24|||4
(|||19|||11|||25|||4
[|||6|||11|||27|||4
]|||6|||11|||29|||4
>|||3|||11|||30|||4
)|||19|||11|||32|||4
[|||7|||11|||36|||4
]|||7|||11|||38|||4
[|||8|||12|||4|||4
0|||13|||12|||5|||4
]|||8|||12|||6|||4
<|||5|||12|||16|||4
.|||17|||12|||18|||4
length|||5|||12|||19|||4
)|||20|||12|||23|||4
if|||2|||12|||24|||4
(|||21|||12|||25|||4
[|||9|||12|||27|||4
]|||9|||12|||29|||4
<|||6|||12|||30|||4
)|||21|||12|||32|||4
[|||10|||12|||36|||4
]|||10|||12|||38|||4
,|||9|||13|||4|||4
!=|||1|||13|||15|||4
,|||10|||13|||21|||4
%|||2|||13|||25|||4
,|||11|||13|||27|||4
)|||22|||13|||31|||4
,|||12|||14|||4|||4
<=|||6|||14|||17|||4
/|||1|||14|||19|||4
)|||23|||14|||24|||4
if|||3|||14|||25|||4
(|||24|||14|||26|||4
%|||3|||14|||28|||4
==|||1|||14|||30|||4
)|||24|||14|||32|||4
,|||13|||15|||6|||4
<|||7|||15|||10|||4
.|||18|||15|||12|||4
length|||6|||15|||13|||4
/|||2|||15|||14|||4
)|||25|||15|||19|||4
{|||3|||15|||20|||4
[|||11|||15|||24|||4
]|||11|||15|||26|||4
[|||12|||15|||29|||4
]|||12|||15|||31|||4
[|||13|||15|||34|||4
.|||19|||15|||36|||4
length|||7|||15|||37|||4
-|||2|||15|||38|||4
-|||3|||15|||40|||4
]|||13|||15|||42|||4
[|||14|||15|||45|||4
.|||20|||15|||47|||4
length|||8|||15|||48|||4
-|||4|||15|||49|||4
-|||5|||15|||51|||4
]|||14|||15|||53|||4
}|||3|||15|||57|||4
"|||13|||16|||3|||4
hello|||1|||16|||4|||4
"|||14|||16|||5|||4
<|||8|||16|||20|||4
.|||21|||16|||22|||4
length|||9|||16|||23|||4
(|||27|||16|||24|||4
)|||26|||16|||25|||4
)|||27|||16|||29|||4
if|||4|||16|||30|||4
(|||28|||16|||31|||4
"|||15|||16|||32|||4
aeiou|||1|||16|||33|||4
"|||16|||16|||34|||4
.|||22|||16|||35|||4
indexOf|||1|||16|||36|||4
(|||29|||16|||37|||4
.|||23|||16|||39|||4
charAt|||1|||16|||40|||4
(|||30|||16|||41|||4
)|||28|||16|||43|||4
)|||29|||16|||44|||4
!=|||2|||16|||45|||4
-|||6|||16|||46|||4
)|||30|||16|||48|||4
,|||14|||17|||4|||4
,|||15|||17|||8|||4
>|||4|||17|||17|||4
)|||31|||17|||23|||4
*|||2|||17|||27|||4
+|||9|||17|||29|||4
%|||4|||17|||31|||4
,|||16|||18|||4|||4
,|||17|||18|||8|||4
<|||9|||18|||21|||4
)|||32|||18|||26|||4
"|||17|||19|||3|||4
"|||18|||19|||5|||4
<|||10|||19|||15|||4
.|||24|||19|||17|||4
length|||10|||19|||18|||4
(|||34|||19|||19|||4
)|||33|||19|||20|||4
)|||34|||19|||24|||4
.|||25|||19|||26|||4
.|||26|||19|||28|||4
(|||35|||19|||30|||4
(|||36|||19|||31|||4
)|||35|||19|||33|||4
.|||27|||19|||35|||4
charAt|||2|||19|||36|||4
(|||37|||19|||37|||4
)|||36|||19|||39|||4
+|||10|||19|||40|||4
"|||19|||19|||41|||4
"|||20|||19|||42|||4
)|||37|||19|||43|||4
<|||11|||20|||8|||4
.|||28|||20|||10|||4
length|||11|||20|||11|||4
-|||7|||20|||12|||4
)|||38|||20|||17|||4
<|||12|||20|||26|||4
.|||29|||20|||28|||4
length|||12|||20|||29|||4
-|||8|||20|||30|||4
-|||9|||20|||32|||4
)|||39|||20|||37|||4
if|||5|||20|||38|||4
(|||40|||20|||39|||4
[|||15|||20|||41|||4
]|||15|||20|||43|||4
>|||5|||20|||44|||4
[|||16|||20|||46|||4
+|||11|||20|||48|||4
]|||16|||20|||50|||4
)|||40|||20|||51|||4
{|||4|||20|||52|||4
[|||17|||20|||57|||4
]|||17|||20|||59|||4
[|||18|||20|||62|||4
]|||18|||20|||64|||4
[|||19|||20|||67|||4
+|||12|||20|||69|||4
]|||19|||20|||71|||4
[|||20|||20|||74|||4
+|||13|||20|||76|||4
]|||20|||20|||78|||4
}|||4|||20|||82|||4
<|||13|||21|||8|||4
.|||30|||21|||10|||4
length|||13|||21|||11|||4
-|||10|||21|||12|||4
)|||41|||21|||17|||4
{|||5|||21|||18|||4
+|||14|||21|||30|||4
<|||14|||21|||34|||4
.|||31|||21|||36|||4
length|||14|||21|||37|||4
)|||42|||21|||41|||4
if|||6|||21|||42|||4
(|||43|||21|||43|||4
[|||21|||21|||45|||4
]|||21|||21|||47|||4
<|||15|||21|||48|||4
[|||22|||21|||50|||4
]|||22|||21|||52|||4
)|||43|||21|||53|||4
[|||23|||21|||62|||4
]|||23|||21|||64|||4
[|||24|||21|||67|||4
]|||24|||21|||69|||4
[|||25|||21|||72|||4
]|||25|||21|||74|||4
[|||26|||21|||77|||4
]|||26|||21|||79|||4
}|||5|||21|||83|||4
<|||16|||22|||8|||4
.|||32|||22|||10|||4
length|||15|||22|||11|||4
)|||44|||22|||15|||4
{|||6|||22|||16|||4
[|||27|||22|||21|||4
]|||27|||22|||23|||4
,|||18|||22|||24|||4
-|||11|||22|||28|||4
(|||45|||22|||32|||4
>=|||2|||22|||34|||4
&&|||1|||22|||36|||4
[|||28|||22|||38|||4
]|||28|||22|||40|||4
>|||6|||22|||41|||4
)|||45|||22|||43|||4
[|||29|||22|||45|||4
+|||15|||22|||47|||4
]|||29|||22|||49|||4
[|||30|||22|||52|||4
]|||30|||22|||55|||4
[|||31|||22|||58|||4
+|||16|||22|||60|||4
]|||31|||22|||62|||4
}|||6|||22|||66|||4
<|||17|||23|||8|||4
)|||46|||23|||13|||4
{|||7|||23|||14|||4
<=|||7|||23|||28|||4
)|||47|||23|||33|||4
{|||8|||23|||34|||4
.|||33|||23|||36|||4
.|||34|||23|||38|||4
(|||48|||23|||40|||4
+|||17|||23|||42|||4
"|||21|||23|||43|||4
"|||22|||23|||44|||4
)|||48|||23|||45|||4
*|||3|||23|||50|||4
(|||49|||23|||51|||4
-|||12|||23|||53|||4
)|||49|||23|||55|||4
/|||3|||23|||56|||4
(|||50|||23|||57|||4
+|||18|||23|||59|||4
)|||50|||23|||61|||4
}|||7|||23|||63|||4
.|||35|||23|||65|||4
.|||36|||23|||67|||4
(|||51|||23|||69|||4
)|||51|||23|||70|||4
}|||8|||23|||72|||4
,|||19|||24|||4|||4
,|||20|||24|||8|||4
,|||21|||24|||12|||4
<|||18|||24|||25|||4
)|||52|||24|||30|||4
{|||9|||24|||31|||4
(|||53|||24|||34|||4
-|||13|||24|||36|||4
)|||53|||24|||38|||4
(|||54|||24|||42|||4
+|||19|||24|||44|||4
)|||54|||24|||46|||4
}|||9|||24|||48|||4
.|||37|||24|||50|||4
.|||38|||24|||52|||4
(|||55|||24|||54|||4
/|||4|||24|||56|||4
)|||55|||24|||58|||4
,|||22|||25|||4|||4
>|||7|||25|||13|||4
)|||56|||25|||19|||4
%|||5|||25|||23|||4
"|||23|||26|||3|||4
Hello|||1|||26|||4|||4
world|||1|||26|||5|||4
Java|||1|||26|||6|||4
"|||24|||26|||7|||4
<|||19|||26|||22|||4
.|||39|||26|||24|||4
length|||16|||26|||25|||4
(|||58|||26|||26|||4
)|||57|||26|||27|||4
)|||58|||26|||31|||4
if|||7|||26|||32|||4
(|||59|||26|||33|||4
.|||40|||26|||35|||4
charAt|||3|||26|||36|||4
(|||60|||26|||37|||4
)|||59|||26|||39|||4
==|||2|||26|||40|||4
'|||1|||26|||41|||4
'|||2|||26|||42|||4
)|||60|||26|||43|||4
"|||25|||27|||3|||4
hello|||2|||27|||4|||4
"|||26|||27|||5|||4
<|||20|||27|||15|||4
.|||41|||27|||17|||4
length|||17|||27|||18|||4
(|||62|||27|||19|||4
)|||61|||27|||20|||4
)|||62|||27|||24|||4
.|||42|||27|||26|||4
.|||43|||27|||28|||4
(|||63|||27|||30|||4
(|||64|||27|||31|||4
)|||63|||27|||33|||4
(|||65|||27|||34|||4
.|||44|||27|||36|||4
charAt|||4|||27|||37|||4
(|||66|||27|||38|||4
)|||64|||27|||40|||4
-|||14|||27|||41|||4
)|||65|||27|||43|||4
)|||66|||27|||44|||4
<=|||8|||28|||8|||4
)|||67|||28|||13|||4
{|||10|||28|||14|||4
<=|||9|||28|||28|||4
/|||5|||28|||30|||4
)|||68|||28|||35|||4
if|||8|||28|||36|||4
(|||69|||28|||37|||4
%|||6|||28|||39|||4
==|||3|||28|||41|||4
)|||69|||28|||43|||4
if|||9|||28|||48|||4
(|||70|||28|||49|||4
==|||4|||28|||51|||4
)|||70|||28|||53|||4
.|||45|||28|||55|||4
.|||46|||28|||57|||4
(|||71|||28|||59|||4
+|||20|||28|||61|||4
"|||27|||28|||62|||4
"|||28|||28|||63|||4
)|||71|||28|||64|||4
}|||10|||28|||66|||4
,|||23|||29|||4|||4
,|||24|||29|||8|||4
(|||72|||29|||11|||4
>|||8|||29|||13|||4
)|||72|||29|||15|||4
?|||1|||29|||16|||4
:|||1|||29|||18|||4
%|||7|||29|||25|||4
!=|||3|||29|||27|||4
|||||1|||29|||29|||4
%|||8|||29|||31|||4
!=|||4|||29|||33|||4
)|||73|||29|||38|||4
.|||47|||29|||41|||4
.|||48|||29|||43|||4
(|||74|||29|||45|||4
)|||74|||29|||47|||4
(|||75|||30|||6|||4
<=|||10|||30|||8|||4
)|||75|||30|||10|||4
{|||11|||30|||11|||4
.|||49|||30|||13|||4
.|||50|||30|||15|||4
(|||76|||30|||17|||4
+|||21|||30|||19|||4
"|||29|||30|||20|||4
"|||30|||30|||21|||4
)|||76|||30|||22|||4
}|||11|||30|||27|||4
,|||25|||31|||4|||4
(|||77|||31|||10|||4
<=|||11|||31|||12|||4
)|||77|||31|||14|||4
{|||12|||31|||15|||4
}|||12|||31|||23|||4
(|||78|||32|||6|||4
<=|||12|||32|||8|||4
)|||78|||32|||10|||4
{|||13|||32|||11|||4
.|||51|||32|||13|||4
.|||52|||32|||15|||4
(|||79|||32|||17|||4
+|||22|||32|||19|||4
"|||31|||32|||20|||4
"|||32|||32|||21|||4
)|||79|||32|||22|||4
}|||13|||32|||28|||4
(|||80|||33|||6|||4
<=|||13|||33|||8|||4
)|||80|||33|||10|||4
{|||14|||33|||11|||4
.|||53|||33|||13|||4
.|||54|||33|||15|||4
(|||81|||33|||17|||4
+|||23|||33|||19|||4
"|||33|||33|||20|||4
"|||34|||33|||21|||4
)|||81|||33|||22|||4
}|||14|||33|||28|||4
,|||26|||34|||4|||4
(|||82|||34|||10|||4
<=|||14|||34|||12|||4
)|||82|||34|||14|||4
{|||15|||34|||15|||4
}|||15|||34|||23|||4
[|||32|||35|||1|||4
]|||32|||35|||2|||4
{|||16|||35|||5|||4
,|||27|||35|||7|||4
,|||28|||35|||9|||4
,|||29|||35|||11|||4
,|||30|||35|||13|||4
}|||16|||35|||15|||4
(|||83|||35|||23|||4
<|||21|||35|||25|||4
.|||55|||35|||27|||4
length|||18|||35|||28|||4
)|||83|||35|||29|||4
{|||17|||35|||30|||4
.|||56|||35|||32|||4
.|||57|||35|||34|||4
(|||84|||35|||36|||4
[|||33|||35|||38|||4
]|||33|||35|||40|||4
+|||24|||35|||41|||4
"|||35|||35|||42|||4
"|||36|||35|||43|||4
)|||84|||35|||44|||4
}|||17|||35|||49|||4
.|||58|||36|||4|||4
length|||19|||36|||5|||4
-|||15|||36|||6|||4
(|||85|||36|||10|||4
>=|||3|||36|||12|||4
)|||85|||36|||14|||4
{|||18|||36|||15|||4
.|||59|||36|||17|||4
.|||60|||36|||19|||4
(|||86|||36|||21|||4
[|||34|||36|||23|||4
]|||34|||36|||25|||4
+|||25|||36|||26|||4
"|||37|||36|||27|||4
"|||38|||36|||28|||4
)|||86|||36|||29|||4
}|||18|||36|||34|||4
,|||31|||37|||4|||4
(|||87|||37|||10|||4
<|||22|||37|||12|||4
.|||61|||37|||14|||4
length|||20|||37|||15|||4
)|||87|||37|||16|||4
{|||19|||37|||17|||4
[|||35|||37|||21|||4
]|||35|||37|||23|||4
}|||19|||37|||28|||4
,|||32|||38|||4|||4
,|||33|||38|||8|||4
,|||34|||38|||10|||4
(|||88|||38|||16|||4
<|||23|||38|||18|||4
)|||88|||38|||20|||4
{|||20|||38|||21|||4
.|||62|||38|||23|||4
.|||63|||38|||25|||4
(|||89|||38|||27|||4
+|||26|||38|||29|||4
"|||39|||38|||30|||4
"|||40|||38|||31|||4
)|||89|||38|||32|||4
+|||27|||38|||37|||4
}|||20|||38|||51|||4
,|||35|||39|||4|||4
(|||90|||39|||10|||4
>|||9|||39|||12|||4
)|||90|||39|||14|||4
{|||21|||39|||15|||4
}|||21|||39|||23|||4
,|||36|||40|||4|||4
(|||91|||40|||10|||4
>|||10|||40|||12|||4
)|||91|||40|||14|||4
{|||22|||40|||15|||4
*|||4|||40|||19|||4
+|||28|||40|||21|||4
%|||9|||40|||23|||4
}|||22|||40|||30|||4
[|||36|||41|||4|||4
0|||50|||41|||5|||4
]|||36|||41|||6|||4
,|||37|||41|||7|||4
(|||92|||41|||13|||4
<|||24|||41|||15|||4
.|||64|||41|||17|||4
length|||21|||41|||18|||4
)|||92|||41|||19|||4
{|||23|||41|||20|||4
if|||10|||41|||21|||4
(|||93|||41|||22|||4
[|||37|||41|||24|||4
]|||37|||41|||26|||4
>|||11|||41|||27|||4
)|||93|||41|||29|||4
[|||38|||41|||33|||4
]|||38|||41|||35|||4
}|||23|||41|||40|||4
[|||39|||42|||4|||4
0|||51|||42|||5|||4
]|||39|||42|||6|||4
,|||38|||42|||7|||4
(|||94|||42|||13|||4
<|||25|||42|||15|||4
.|||65|||42|||17|||4
length|||22|||42|||18|||4
)|||94|||42|||19|||4
{|||24|||42|||20|||4
if|||11|||42|||21|||4
(|||95|||42|||22|||4
[|||40|||42|||24|||4
]|||40|||42|||26|||4
<|||26|||42|||27|||4
)|||95|||42|||29|||4
[|||41|||42|||33|||4
]|||41|||42|||35|||4
}|||24|||42|||40|||4
,|||39|||43|||4|||4
,|||40|||43|||8|||4
(|||96|||43|||12|||4
!=|||5|||43|||14|||4
)|||96|||43|||16|||4
{|||25|||43|||17|||4
%|||10|||43|||25|||4
}|||25|||43|||32|||4
,|||41|||44|||4|||4
,|||42|||44|||8|||4
(|||97|||44|||14|||4
<=|||15|||44|||16|||4
/|||6|||44|||18|||4
)|||97|||44|||20|||4
{|||26|||44|||21|||4
if|||12|||44|||22|||4
(|||98|||44|||23|||4
%|||11|||44|||25|||4
==|||5|||44|||27|||4
)|||98|||44|||29|||4
}|||26|||44|||37|||4
,|||43|||45|||4|||4
(|||99|||45|||8|||4
<|||27|||45|||10|||4
.|||66|||45|||12|||4
length|||23|||45|||13|||4
/|||7|||45|||14|||4
)|||99|||45|||16|||4
{|||27|||45|||17|||4
[|||42|||45|||21|||4
]|||42|||45|||23|||4
[|||43|||45|||26|||4
]|||43|||45|||28|||4
[|||44|||45|||31|||4
.|||67|||45|||33|||4
length|||24|||45|||34|||4
-|||16|||45|||35|||4
-|||17|||45|||37|||4
]|||44|||45|||39|||4
[|||45|||45|||42|||4
.|||68|||45|||44|||4
length|||25|||45|||45|||4
-|||18|||45|||46|||4
-|||19|||45|||48|||4
]|||45|||45|||50|||4
}|||27|||45|||57|||4
"|||41|||46|||3|||4
hello|||3|||46|||4|||4
"|||42|||46|||5|||4
,|||44|||46|||11|||4
(|||100|||46|||17|||4
<|||28|||46|||19|||4
.|||69|||46|||21|||4
length|||26|||46|||22|||4
(|||101|||46|||23|||4
)|||100|||46|||24|||4
)|||101|||46|||25|||4
{|||28|||46|||26|||4
if|||13|||46|||27|||4
(|||102|||46|||28|||4
"|||43|||46|||29|||4
aeiou|||2|||46|||30|||4
"|||44|||46|||31|||4
.|||70|||46|||32|||4
indexOf|||2|||46|||33|||4
(|||103|||46|||34|||4
.|||71|||46|||36|||4
charAt|||5|||46|||37|||4
(|||104|||46|||38|||4
)|||102|||46|||40|||4
)|||103|||46|||41|||4
!=|||6|||46|||42|||4
-|||20|||46|||43|||4
)|||104|||46|||45|||4
}|||28|||46|||52|||4
,|||45|||47|||4|||4
,|||46|||47|||8|||4
(|||105|||47|||14|||4
>|||12|||47|||16|||4
)|||105|||47|||18|||4
{|||29|||47|||19|||4
*|||5|||47|||23|||4
+|||29|||47|||25|||4
%|||12|||47|||27|||4
}|||29|||47|||34|||4
,|||47|||48|||4|||4
,|||48|||48|||8|||4
,|||49|||48|||12|||4
(|||106|||48|||18|||4
<|||29|||48|||20|||4
)|||106|||48|||22|||4
{|||30|||48|||23|||4
}|||30|||48|||31|||4
"|||45|||49|||3|||4
"|||46|||49|||5|||4
(|||107|||49|||13|||4
<|||30|||49|||15|||4
.|||72|||49|||17|||4
length|||27|||49|||18|||4
(|||108|||49|||19|||4
)|||107|||49|||20|||4
)|||108|||49|||21|||4
{|||31|||49|||22|||4
.|||73|||49|||24|||4
.|||74|||49|||26|||4
(|||109|||49|||28|||4
(|||110|||49|||29|||4
)|||109|||49|||31|||4
.|||75|||49|||33|||4
charAt|||6|||49|||34|||4
(|||111|||49|||35|||4
)|||110|||49|||37|||4
+|||30|||49|||38|||4
"|||47|||49|||39|||4
"|||48|||49|||40|||4
)|||111|||49|||41|||4
}|||31|||49|||46|||4
(|||112|||50|||6|||4
<|||31|||50|||8|||4
.|||76|||50|||10|||4
length|||28|||50|||11|||4
-|||21|||50|||12|||4
)|||112|||50|||14|||4
{|||32|||50|||15|||4
(|||113|||50|||22|||4
<|||32|||50|||24|||4
.|||77|||50|||26|||4
length|||29|||50|||27|||4
-|||22|||50|||28|||4
-|||23|||50|||30|||4
)|||113|||50|||32|||4
{|||33|||50|||33|||4
if|||14|||50|||34|||4
(|||114|||50|||35|||4
[|||46|||50|||37|||4
]|||46|||50|||39|||4
>|||13|||50|||40|||4
[|||47|||50|||42|||4
+|||31|||50|||44|||4
]|||47|||50|||46|||4
)|||114|||50|||47|||4
{|||34|||50|||48|||4
[|||48|||50|||53|||4
]|||48|||50|||55|||4
[|||49|||50|||58|||4
]|||49|||50|||60|||4
[|||50|||50|||63|||4
+|||32|||50|||65|||4
]|||50|||50|||67|||4
[|||51|||50|||70|||4
+|||33|||50|||72|||4
]|||51|||50|||74|||4
}|||32|||50|||78|||4
}|||33|||50|||82|||4
}|||34|||50|||86|||4
(|||115|||51|||6|||4
<|||33|||51|||8|||4
.|||78|||51|||10|||4
length|||30|||51|||11|||4
-|||24|||51|||12|||4
)|||115|||51|||14|||4
{|||35|||51|||15|||4
,|||50|||51|||20|||4
+|||34|||51|||24|||4
(|||116|||51|||28|||4
<|||34|||51|||30|||4
.|||79|||51|||32|||4
length|||31|||51|||33|||4
)|||116|||51|||34|||4
{|||36|||51|||35|||4
if|||15|||51|||36|||4
(|||117|||51|||37|||4
[|||52|||51|||39|||4
]|||52|||51|||41|||4
<|||35|||51|||42|||4
[|||53|||51|||44|||4
]|||53|||51|||46|||4
)|||117|||51|||47|||4
}|||35|||51|||55|||4
[|||54|||51|||60|||4
]|||54|||51|||62|||4
[|||55|||51|||65|||4
]|||55|||51|||67|||4
[|||56|||51|||70|||4
]|||56|||51|||72|||4
[|||57|||51|||75|||4
]|||57|||51|||77|||4
}|||36|||51|||84|||4
(|||118|||52|||6|||4
<|||36|||52|||8|||4
.|||80|||52|||10|||4
length|||32|||52|||11|||4
)|||118|||52|||12|||4
{|||37|||52|||13|||4
[|||58|||52|||18|||4
]|||58|||52|||20|||4
,|||51|||52|||21|||4
-|||25|||52|||25|||4
(|||119|||52|||29|||4
>=|||4|||52|||31|||4
&&|||2|||52|||33|||4
[|||59|||52|||35|||4
]|||59|||52|||37|||4
>|||14|||52|||38|||4
)|||119|||52|||40|||4
{|||38|||52|||41|||4
[|||60|||52|||43|||4
+|||35|||52|||45|||4
]|||60|||52|||47|||4
[|||61|||52|||50|||4
]|||61|||52|||52|||4
}|||37|||52|||57|||4
[|||62|||52|||59|||4
+|||36|||52|||61|||4
]|||62|||52|||63|||4
}|||38|||52|||70|||4
(|||120|||53|||6|||4
<|||37|||53|||8|||4
)|||120|||53|||10|||4
{|||39|||53|||11|||4
,|||52|||53|||16|||4
(|||121|||53|||22|||4
<=|||16|||53|||24|||4
)|||121|||53|||26|||4
{|||40|||53|||27|||4
.|||81|||53|||29|||4
.|||82|||53|||31|||4
(|||122|||53|||33|||4
+|||37|||53|||35|||4
"|||49|||53|||36|||4
"|||50|||53|||37|||4
)|||122|||53|||38|||4
*|||6|||53|||43|||4
(|||123|||53|||44|||4
-|||26|||53|||46|||4
)|||123|||53|||48|||4
/|||8|||53|||49|||4
(|||124|||53|||50|||4
+|||38|||53|||52|||4
)|||124|||53|||54|||4
}|||39|||53|||59|||4
.|||83|||53|||61|||4
.|||84|||53|||63|||4
(|||125|||53|||65|||4
)|||125|||53|||66|||4
}|||40|||53|||71|||4
,|||53|||54|||4|||4
,|||54|||54|||8|||4
,|||55|||54|||12|||4
,|||56|||54|||16|||4
(|||126|||54|||22|||4
<|||38|||54|||24|||4
)|||126|||54|||26|||4
{|||41|||54|||27|||4
(|||127|||54|||30|||4
-|||27|||54|||32|||4
)|||127|||54|||34|||4
(|||128|||54|||38|||4
+|||39|||54|||40|||4
)|||128|||54|||42|||4
}|||41|||54|||47|||4
.|||85|||54|||49|||4
.|||86|||54|||51|||4
(|||129|||54|||53|||4
/|||9|||54|||55|||4
)|||129|||54|||57|||4
,|||57|||55|||4|||4
(|||130|||55|||10|||4
>|||15|||55|||12|||4
)|||130|||55|||14|||4
{|||42|||55|||15|||4
%|||13|||55|||19|||4
}|||42|||55|||26|||4
"|||51|||56|||3|||4
Hello|||2|||56|||4|||4
world|||2|||56|||5|||4
Java|||2|||56|||6|||4
"|||52|||56|||7|||4
,|||58|||56|||13|||4
(|||131|||56|||19|||4
<|||39|||56|||21|||4
.|||87|||56|||23|||4
length|||33|||56|||24|||4
(|||132|||56|||25|||4
)|||131|||56|||26|||4
)|||132|||56|||27|||4
{|||43|||56|||28|||4
if|||16|||56|||29|||4
(|||133|||56|||30|||4
.|||88|||56|||32|||4
charAt|||7|||56|||33|||4
(|||134|||56|||34|||4
)|||133|||56|||36|||4
==|||6|||56|||37|||4
'|||3|||56|||38|||4
'|||4|||56|||39|||4
)|||134|||56|||40|||4
}|||43|||56|||47|||4
"|||53|||57|||3|||4
hello|||4|||57|||4|||4
"|||54|||57|||5|||4
(|||135|||57|||13|||4
<|||40|||57|||15|||4
.|||89|||57|||17|||4
length|||34|||57|||18|||4
(|||136|||57|||19|||4
)|||135|||57|||20|||4
)|||136|||57|||21|||4
{|||44|||57|||22|||4
.|||90|||57|||24|||4
.|||91|||57|||26|||4
(|||137|||57|||28|||4
(|||138|||57|||29|||4
)|||137|||57|||31|||4
(|||139|||57|||32|||4
.|||92|||57|||34|||4
charAt|||8|||57|||35|||4
(|||140|||57|||36|||4
)|||138|||57|||38|||4
-|||28|||57|||39|||4
)|||139|||57|||41|||4
)|||140|||57|||42|||4
}|||44|||57|||47|||4
(|||141|||58|||6|||4
<=|||17|||58|||8|||4
)|||141|||58|||10|||4
{|||45|||58|||11|||4
,|||59|||58|||16|||4
(|||142|||58|||22|||4
<=|||18|||58|||24|||4
/|||10|||58|||26|||4
)|||142|||58|||28|||4
{|||46|||58|||29|||4
if|||17|||58|||30|||4
(|||143|||58|||31|||4
%|||14|||58|||33|||4
==|||7|||58|||35|||4
)|||143|||58|||37|||4
}|||45|||58|||45|||4
if|||18|||58|||46|||4
(|||144|||58|||47|||4
==|||8|||58|||49|||4
)|||144|||58|||51|||4
.|||93|||58|||53|||4
.|||94|||58|||55|||4
(|||145|||58|||57|||4
+|||40|||58|||59|||4
"|||55|||58|||60|||4
"|||56|||58|||61|||4
)|||145|||58|||62|||4
}|||46|||58|||67|||4
,|||60|||59|||4|||4
,|||61|||59|||8|||4
(|||146|||59|||11|||4
>|||16|||59|||13|||4
)|||146|||59|||15|||4
?|||2|||59|||16|||4
:|||2|||59|||18|||4
(|||147|||59|||22|||4
%|||15|||59|||24|||4
!=|||7|||59|||26|||4
|||||2|||59|||28|||4
%|||16|||59|||30|||4
!=|||8|||59|||32|||4
)|||147|||59|||34|||4
.|||95|||59|||39|||4
.|||96|||59|||41|||4
(|||148|||59|||43|||4
)|||148|||59|||45|||4
++|||1|||0|||12|||1
++|||2|||1|||17|||1
++|||3|||4|||17|||1
++|||4|||5|||31|||1
--|||1|||6|||16|||1
++|||5|||7|||19|||1
++|||6|||8|||23|||1
++|||7|||9|||21|||1
++|||8|||11|||22|||1
++|||9|||12|||22|||1
++|||10|||14|||23|||1
++|||11|||15|||18|||1
++|||12|||16|||28|||1
++|||13|||16|||50|||1
++|||14|||18|||25|||1
++|||15|||19|||23|||1
++|||16|||20|||16|||1
++|||17|||20|||36|||1
++|||18|||21|||16|||1
++|||19|||21|||40|||1
++|||20|||22|||14|||1
--|||2|||22|||54|||1
++|||21|||23|||12|||1
++|||22|||23|||32|||1
++|||23|||24|||29|||1
++|||24|||26|||30|||1
++|||25|||26|||45|||1
++|||26|||27|||23|||1
++|||27|||28|||12|||1
++|||28|||28|||34|||1
++|||29|||29|||37|||1
++|||30|||30|||25|||1
++|||31|||31|||21|||1
++|||32|||34|||21|||1
++|||33|||35|||47|||1
--|||3|||36|||32|||1
++|||34|||37|||26|||1
++|||35|||38|||49|||1
++|||36|||39|||17|||1
++|||37|||41|||38|||1
++|||38|||42|||38|||1
++|||39|||44|||35|||1
++|||40|||45|||55|||1
++|||41|||46|||47|||1
++|||42|||46|||50|||1
++|||43|||48|||29|||1
++|||44|||49|||44|||1
++|||45|||50|||80|||1
++|||46|||50|||84|||1
++|||47|||51|||53|||1
++|||48|||51|||82|||1
--|||4|||52|||55|||1
++|||49|||52|||68|||1
++|||50|||53|||57|||1
++|||51|||53|||69|||1
++|||52|||54|||45|||1
++|||53|||56|||42|||1
++|||54|||56|||45|||1
++|||55|||57|||45|||1
++|||56|||58|||43|||1
++|||57|||58|||65|||1
++|||58|||59|||36|||1
System|||1|||0|||14|||6
out|||1|||0|||16|||6
print|||1|||0|||18|||6
System|||2|||2|||15|||6
out|||2|||2|||17|||6
print|||2|||2|||19|||6
System|||3|||3|||15|||6
out|||3|||3|||17|||6
print|||3|||3|||19|||6
System|||4|||5|||33|||6
out|||4|||5|||35|||6
print|||4|||5|||37|||6
System|||5|||6|||18|||6
out|||5|||6|||20|||6
print|||5|||6|||22|||6
System|||6|||8|||26|||6
out|||6|||8|||28|||6
print|||6|||8|||30|||6
System|||7|||19|||25|||6
out|||7|||19|||27|||6
print|||7|||19|||29|||6
System|||8|||23|||35|||6
out|||8|||23|||37|||6
print|||8|||23|||39|||6
System|||9|||23|||64|||6
out|||9|||23|||66|||6
println|||1|||23|||68|||6
System|||10|||24|||49|||6
out|||10|||24|||51|||6
print|||9|||24|||53|||6
System|||11|||27|||25|||6
out|||11|||27|||27|||6
print|||10|||27|||29|||6
System|||12|||28|||54|||6
out|||12|||28|||56|||6
print|||11|||28|||58|||6
System|||13|||29|||40|||6
out|||13|||29|||42|||6
print|||12|||29|||44|||6
System|||14|||30|||12|||6
out|||14|||30|||14|||6
print|||13|||30|||16|||6
System|||15|||32|||12|||6
out|||15|||32|||14|||6
print|||14|||32|||16|||6
System|||16|||33|||12|||6
out|||16|||33|||14|||6
print|||15|||33|||16|||6
System|||17|||35|||31|||6
out|||17|||35|||33|||6
print|||16|||35|||35|||6
System|||18|||36|||16|||6
out|||18|||36|||18|||6
print|||17|||36|||20|||6
System|||19|||38|||22|||6
out|||19|||38|||24|||6
print|||18|||38|||26|||6
System|||20|||49|||23|||6
out|||20|||49|||25|||6
print|||19|||49|||27|||6
System|||21|||53|||28|||6
out|||21|||53|||30|||6
print|||20|||53|||32|||6
System|||22|||53|||60|||6
out|||22|||53|||62|||6
println|||2|||53|||64|||6
System|||23|||54|||48|||6
out|||23|||54|||50|||6
print|||21|||54|||52|||6
System|||24|||57|||23|||6
out|||24|||57|||25|||6
print|||22|||57|||27|||6
System|||25|||58|||52|||6
out|||25|||58|||54|||6
print|||23|||58|||56|||6
System|||26|||59|||38|||6
out|||26|||59|||40|||6
print|||24|||59|||42|||6
sum|||1|||1|||1|||9
sum|||2|||1|||19|||9
fact|||1|||4|||1|||9
fact|||2|||4|||19|||9
arr|||1|||5|||3|||9
arr|||2|||5|||26|||9
arr|||3|||5|||39|||9
arr|||4|||6|||5|||9
arr|||5|||6|||24|||9
sum|||3|||7|||1|||9
arr|||6|||7|||14|||9
sum|||4|||7|||21|||9
arr|||7|||7|||23|||9
a|||1|||8|||1|||9
b|||1|||8|||5|||9
c|||1|||8|||9|||9
a|||2|||8|||32|||9
c|||2|||8|||38|||9
a|||3|||8|||40|||9
b|||2|||8|||42|||9
a|||4|||8|||44|||9
b|||3|||8|||46|||9
b|||4|||8|||48|||9
c|||3|||8|||50|||9
num|||1|||9|||1|||9
count|||1|||9|||5|||9
num|||2|||9|||12|||9
num|||3|||9|||16|||9
count|||2|||9|||20|||9
rev|||1|||10|||1|||9
num|||4|||10|||5|||9
num|||5|||10|||12|||9
num|||6|||10|||16|||9
rev|||2|||10|||20|||9
rev|||3|||10|||22|||9
num|||7|||10|||26|||9
max|||1|||11|||1|||9
arr|||8|||11|||3|||9
arr|||9|||11|||17|||9
arr|||10|||11|||26|||9
max|||2|||11|||31|||9
max|||3|||11|||33|||9
arr|||11|||11|||35|||9
min|||1|||12|||1|||9
arr|||12|||12|||3|||9
arr|||13|||12|||17|||9
arr|||14|||12|||26|||9
min|||2|||12|||31|||9
min|||3|||12|||33|||9
arr|||15|||12|||35|||9
a|||5|||13|||1|||9
b|||5|||13|||5|||9
t|||1|||13|||12|||9
b|||6|||13|||14|||9
t|||2|||13|||18|||9
b|||7|||13|||20|||9
b|||8|||13|||22|||9
a|||6|||13|||24|||9
b|||9|||13|||26|||9
a|||7|||13|||28|||9
t|||3|||13|||30|||9
n|||1|||14|||1|||9
flag|||1|||14|||5|||9
n|||2|||14|||18|||9
n|||3|||14|||27|||9
flag|||2|||14|||33|||9
temp|||1|||15|||7|||9
arr|||16|||15|||11|||9
temp|||2|||15|||21|||9
arr|||17|||15|||23|||9
arr|||18|||15|||28|||9
arr|||19|||15|||33|||9
arr|||20|||15|||35|||9
arr|||21|||15|||44|||9
arr|||22|||15|||46|||9
temp|||3|||15|||55|||9
String|||1|||16|||0|||9
str|||1|||16|||1|||9
vc|||1|||16|||8|||9
str|||2|||16|||21|||9
str|||3|||16|||38|||9
vc|||2|||16|||49|||9
num|||8|||17|||1|||9
rev|||4|||17|||5|||9
temp|||4|||17|||9|||9
num|||9|||17|||11|||9
temp|||5|||17|||16|||9
temp|||6|||17|||20|||9
rev|||5|||17|||24|||9
rev|||6|||17|||26|||9
temp|||7|||17|||30|||9
x|||1|||18|||1|||9
y|||1|||18|||5|||9
res|||1|||18|||9|||9
y|||2|||18|||22|||9
res|||2|||18|||27|||9
x|||2|||18|||29|||9
String|||2|||19|||0|||9
s|||1|||19|||1|||9
abc|||1|||19|||4|||9
s|||2|||19|||16|||9
s|||3|||19|||34|||9
arr|||23|||20|||9|||9
j|||1|||20|||21|||9
j|||2|||20|||25|||9
arr|||24|||20|||27|||9
j|||3|||20|||35|||9
arr|||25|||20|||40|||9
j|||4|||20|||42|||9
arr|||26|||20|||45|||9
j|||5|||20|||47|||9
t|||4|||20|||54|||9
arr|||27|||20|||56|||9
j|||6|||20|||58|||9
arr|||28|||20|||61|||9
j|||7|||20|||63|||9
arr|||29|||20|||66|||9
j|||8|||20|||68|||9
arr|||30|||20|||73|||9
j|||9|||20|||75|||9
t|||5|||20|||80|||9
arr|||31|||21|||9|||9
min|||4|||21|||20|||9
j|||10|||21|||27|||9
j|||11|||21|||33|||9
arr|||32|||21|||35|||9
j|||12|||21|||39|||9
arr|||33|||21|||44|||9
j|||13|||21|||46|||9
arr|||34|||21|||49|||9
min|||5|||21|||51|||9
min|||6|||21|||54|||9
j|||14|||21|||56|||9
t|||6|||21|||59|||9
arr|||35|||21|||61|||9
arr|||36|||21|||66|||9
arr|||37|||21|||71|||9
min|||7|||21|||73|||9
arr|||38|||21|||76|||9
min|||8|||21|||78|||9
t|||7|||21|||81|||9
arr|||39|||22|||9|||9
key|||1|||22|||18|||9
arr|||40|||22|||20|||9
j|||15|||22|||25|||9
j|||16|||22|||33|||9
arr|||41|||22|||37|||9
j|||17|||22|||39|||9
key|||2|||22|||42|||9
arr|||42|||22|||44|||9
j|||18|||22|||46|||9
arr|||43|||22|||51|||9
j|||19|||22|||53|||9
arr|||44|||22|||57|||9
j|||20|||22|||59|||9
key|||3|||22|||64|||9
c|||4|||23|||16|||9
j|||21|||23|||23|||9
j|||22|||23|||27|||9
j|||23|||23|||31|||9
c|||5|||23|||41|||9
c|||6|||23|||47|||9
c|||7|||23|||49|||9
j|||24|||23|||54|||9
j|||25|||23|||58|||9
n|||4|||24|||1|||9
r|||1|||24|||5|||9
num|||10|||24|||9|||9
den|||1|||24|||13|||9
r|||2|||24|||26|||9
num|||11|||24|||32|||9
n|||5|||24|||35|||9
den|||2|||24|||40|||9
num|||12|||24|||55|||9
den|||3|||24|||57|||9
num|||13|||25|||1|||9
sum|||5|||25|||5|||9
num|||14|||25|||12|||9
num|||15|||25|||16|||9
sum|||6|||25|||20|||9
num|||16|||25|||22|||9
String|||3|||26|||0|||9
str|||4|||26|||1|||9
wc|||1|||26|||10|||9
str|||5|||26|||23|||9
str|||6|||26|||34|||9
wc|||2|||26|||44|||9
String|||4|||27|||0|||9
str|||7|||27|||1|||9
str|||8|||27|||16|||9
char|||1|||27|||32|||9
str|||9|||27|||35|||9
f|||1|||28|||16|||9
j|||26|||28|||23|||9
j|||27|||28|||27|||9
j|||28|||28|||33|||9
j|||29|||28|||40|||9
f|||2|||28|||44|||9
f|||3|||28|||50|||9
a|||8|||29|||1|||9
b|||10|||29|||5|||9
lcm|||1|||29|||9|||9
a|||9|||29|||12|||9
b|||11|||29|||14|||9
a|||10|||29|||17|||9
b|||12|||29|||19|||9
lcm|||2|||29|||24|||9
a|||11|||29|||26|||9
lcm|||3|||29|||30|||9
b|||13|||29|||32|||9
lcm|||4|||29|||36|||9
lcm|||5|||29|||46|||9
sum|||7|||31|||1|||9
sum|||8|||31|||16|||9
fact|||3|||34|||1|||9
fact|||4|||34|||16|||9
arr|||45|||35|||3|||9
arr|||46|||35|||26|||9
arr|||47|||35|||37|||9
arr|||48|||36|||3|||9
arr|||49|||36|||22|||9
sum|||9|||37|||1|||9
arr|||50|||37|||13|||9
sum|||10|||37|||18|||9
arr|||51|||37|||20|||9
a|||12|||38|||1|||9
b|||14|||38|||5|||9
c|||8|||38|||9|||9
a|||13|||38|||28|||9
c|||9|||38|||34|||9
a|||14|||38|||36|||9
b|||15|||38|||38|||9
a|||15|||38|||40|||9
b|||16|||38|||42|||9
b|||17|||38|||44|||9
c|||10|||38|||46|||9
num|||17|||39|||1|||9
count|||3|||39|||5|||9
num|||18|||39|||11|||9
count|||4|||39|||16|||9
num|||19|||39|||19|||9
rev|||7|||40|||1|||9
num|||20|||40|||5|||9
num|||21|||40|||11|||9
rev|||8|||40|||16|||9
rev|||9|||40|||18|||9
num|||22|||40|||22|||9
num|||23|||40|||26|||9
max|||4|||41|||1|||9
arr|||52|||41|||3|||9
arr|||53|||41|||16|||9
arr|||54|||41|||23|||9
max|||5|||41|||28|||9
max|||6|||41|||30|||9
arr|||55|||41|||32|||9
min|||9|||42|||1|||9
arr|||56|||42|||3|||9
arr|||57|||42|||16|||9
arr|||58|||42|||23|||9
min|||10|||42|||28|||9
min|||11|||42|||30|||9
arr|||59|||42|||32|||9
a|||16|||43|||1|||9
b|||18|||43|||5|||9
t|||8|||43|||9|||9
b|||19|||43|||13|||9
t|||9|||43|||18|||9
b|||20|||43|||20|||9
b|||21|||43|||22|||9
a|||17|||43|||24|||9
b|||22|||43|||26|||9
a|||18|||43|||28|||9
t|||10|||43|||30|||9
n|||6|||44|||1|||9
flag|||3|||44|||5|||9
n|||7|||44|||17|||9
n|||8|||44|||24|||9
flag|||4|||44|||30|||9
temp|||8|||45|||5|||9
arr|||60|||45|||11|||9
temp|||9|||45|||18|||9
arr|||61|||45|||20|||9
arr|||62|||45|||25|||9
arr|||63|||45|||30|||9
arr|||64|||45|||32|||9
arr|||65|||45|||41|||9
arr|||66|||45|||43|||9
temp|||10|||45|||52|||9
String|||5|||46|||0|||9
str|||10|||46|||1|||9
vc|||3|||46|||8|||9
str|||11|||46|||20|||9
str|||12|||46|||35|||9
vc|||4|||46|||46|||9
num|||24|||47|||1|||9
rev|||10|||47|||5|||9
temp|||11|||47|||9|||9
num|||25|||47|||11|||9
temp|||12|||47|||15|||9
rev|||11|||47|||20|||9
rev|||12|||47|||22|||9
temp|||13|||47|||26|||9
temp|||14|||47|||30|||9
x|||3|||48|||1|||9
y|||3|||48|||5|||9
res|||3|||48|||9|||9
y|||4|||48|||21|||9
res|||4|||48|||24|||9
x|||4|||48|||26|||9
String|||6|||49|||0|||9
s|||4|||49|||1|||9
abc|||2|||49|||4|||9
s|||5|||49|||16|||9
s|||6|||49|||32|||9
arr|||67|||50|||9|||9
j|||30|||50|||17|||9
j|||31|||50|||23|||9
arr|||68|||50|||25|||9
arr|||69|||50|||36|||9
j|||32|||50|||38|||9
arr|||70|||50|||41|||9
j|||33|||50|||43|||9
t|||11|||50|||50|||9
arr|||71|||50|||52|||9
j|||34|||50|||54|||9
arr|||72|||50|||57|||9
j|||35|||50|||59|||9
arr|||73|||50|||62|||9
j|||36|||50|||64|||9
arr|||74|||50|||69|||9
j|||37|||50|||71|||9
t|||12|||50|||76|||9
j|||38|||50|||79|||9
arr|||75|||51|||9|||9
min|||12|||51|||17|||9
j|||39|||51|||21|||9
j|||40|||51|||29|||9
arr|||76|||51|||31|||9
arr|||77|||51|||38|||9
j|||41|||51|||40|||9
arr|||78|||51|||43|||9
min|||13|||51|||45|||9
min|||14|||51|||48|||9
j|||42|||51|||50|||9
j|||43|||51|||52|||9
t|||13|||51|||57|||9
arr|||79|||51|||59|||9
arr|||80|||51|||64|||9
arr|||81|||51|||69|||9
min|||15|||51|||71|||9
arr|||82|||51|||74|||9
min|||16|||51|||76|||9
t|||14|||51|||79|||9
arr|||83|||52|||9|||9
key|||4|||52|||15|||9
arr|||84|||52|||17|||9
j|||44|||52|||22|||9
j|||45|||52|||30|||9
arr|||85|||52|||34|||9
j|||46|||52|||36|||9
key|||5|||52|||39|||9
arr|||86|||52|||42|||9
j|||47|||52|||44|||9
arr|||87|||52|||49|||9
j|||48|||52|||51|||9
j|||49|||52|||54|||9
arr|||88|||52|||58|||9
j|||50|||52|||60|||9
key|||6|||52|||65|||9
c|||11|||53|||13|||9
j|||51|||53|||17|||9
j|||52|||53|||23|||9
c|||12|||53|||34|||9
c|||13|||53|||40|||9
c|||14|||53|||42|||9
j|||53|||53|||47|||9
j|||54|||53|||51|||9
j|||55|||53|||56|||9
n|||9|||54|||1|||9
r|||3|||54|||5|||9
num|||26|||54|||9|||9
den|||4|||54|||13|||9
r|||4|||54|||25|||9
num|||27|||54|||28|||9
n|||10|||54|||31|||9
den|||5|||54|||36|||9
num|||28|||54|||54|||9
den|||6|||54|||56|||9
num|||29|||55|||1|||9
sum|||11|||55|||5|||9
num|||30|||55|||11|||9
sum|||12|||55|||16|||9
num|||31|||55|||18|||9
num|||32|||55|||22|||9
String|||7|||56|||0|||9
str|||13|||56|||1|||9
wc|||3|||56|||10|||9
str|||14|||56|||22|||9
str|||15|||56|||31|||9
wc|||4|||56|||41|||9
String|||8|||57|||0|||9
str|||16|||57|||1|||9
str|||17|||57|||16|||9
char|||2|||57|||30|||9
str|||18|||57|||33|||9
f|||4|||58|||13|||9
j|||56|||58|||17|||9
j|||57|||58|||23|||9
j|||58|||58|||34|||9
f|||5|||58|||38|||9
j|||59|||58|||42|||9
f|||6|||58|||48|||9
a|||19|||59|||1|||9
b|||23|||59|||5|||9
lcm|||6|||59|||9|||9
a|||20|||59|||12|||9
b|||24|||59|||14|||9
a|||21|||59|||17|||9
b|||25|||59|||19|||9
lcm|||7|||59|||23|||9
a|||22|||59|||25|||9
lcm|||8|||59|||29|||9
b|||26|||59|||31|||9
lcm|||9|||59|||35|||9
lcm|||10|||59|||44|||9
