void|||1|||0|||6|||0
main|||1|||0|||7|||0
String|||1|||0|||9|||0
float|||1|||0|||15|||0
int|||1|||0|||22|||0
void|||2|||1|||6|||0
main|||2|||1|||7|||0
String|||2|||1|||9|||0
float|||2|||1|||15|||0
int|||2|||1|||22|||0
void|||3|||2|||6|||0
main|||3|||2|||7|||0
String|||3|||2|||9|||0
float|||3|||2|||15|||0
int|||3|||2|||34|||0
void|||4|||3|||6|||0
main|||4|||3|||7|||0
String|||4|||3|||9|||0
float|||4|||3|||15|||0
void|||5|||4|||6|||0
main|||5|||4|||7|||0
String|||5|||4|||9|||0
int|||4|||4|||15|||0
int|||5|||4|||20|||0
float|||5|||4|||30|||0
void|||6|||5|||6|||0
main|||6|||5|||7|||0
String|||6|||5|||9|||0
float|||6|||5|||15|||0
float|||7|||5|||20|||0
int|||6|||5|||42|||0
void|||7|||6|||6|||0
main|||7|||6|||7|||0
String|||7|||6|||9|||0
int|||7|||6|||15|||0
int|||8|||6|||21|||0
int|||9|||6|||37|||0
void|||8|||7|||6|||0
main|||8|||7|||7|||0
String|||8|||7|||9|||0
int|||10|||7|||15|||0
int|||11|||7|||21|||0
int|||12|||7|||32|||0
void|||9|||8|||6|||0
main|||9|||8|||7|||0
String|||9|||8|||9|||0
float|||8|||8|||15|||0
int|||13|||8|||39|||0
void|||10|||9|||6|||0
main|||10|||9|||7|||0
String|||10|||9|||9|||0
float|||9|||9|||15|||0
int|||14|||9|||34|||0
void|||11|||10|||6|||0
main|||11|||10|||7|||0
String|||11|||10|||9|||0
float|||10|||10|||15|||0
int|||15|||10|||27|||0
void|||12|||11|||6|||0
main|||12|||11|||7|||0
String|||12|||11|||9|||0
float|||11|||11|||15|||0
int|||16|||11|||27|||0
void|||13|||12|||6|||0
main|||13|||12|||7|||0
String|||13|||12|||9|||0
int|||17|||12|||15|||0
int|||18|||12|||22|||0
void|||14|||13|||6|||0
main|||14|||13|||7|||0
String|||14|||13|||9|||0
int|||19|||13|||15|||0
int|||20|||13|||22|||0
void|||15|||14|||6|||0
main|||15|||14|||7|||0
String|||15|||14|||9|||0
float|||12|||14|||15|||0
int|||21|||14|||39|||0
void|||16|||15|||6|||0
main|||16|||15|||7|||0
String|||16|||15|||9|||0
float|||13|||15|||15|||0
int|||22|||15|||34|||0
void|||17|||16|||6|||0
main|||17|||16|||7|||0
String|||17|||16|||9|||0
float|||14|||16|||15|||0
float|||15|||16|||20|||0
void|||18|||17|||6|||0
main|||18|||17|||7|||0
String|||18|||17|||9|||0
float|||16|||17|||15|||0
float|||17|||17|||20|||0
void|||19|||18|||6|||0
main|||19|||18|||7|||0
String|||19|||18|||9|||0
int|||23|||18|||15|||0
void|||20|||19|||6|||0
main|||20|||19|||7|||0
String|||20|||19|||9|||0
int|||24|||19|||15|||0
void|||21|||20|||6|||0
main|||21|||20|||7|||0
String|||21|||20|||9|||0
float|||18|||20|||15|||0
int|||25|||20|||39|||0
void|||22|||21|||6|||0
main|||22|||21|||7|||0
String|||22|||21|||9|||0
float|||19|||21|||15|||0
int|||26|||21|||39|||0
void|||23|||22|||6|||0
main|||23|||22|||7|||0
String|||23|||22|||9|||0
float|||20|||22|||15|||0
int|||27|||22|||27|||0
void|||24|||23|||6|||0
main|||24|||23|||7|||0
String|||24|||23|||9|||0
float|||21|||23|||15|||0
int|||28|||23|||27|||0
{|||1|||0|||3|||1
{|||2|||0|||14|||1
{|||3|||0|||34|||1
{|||4|||1|||3|||1
{|||5|||1|||14|||1
{|||6|||1|||34|||1
{|||7|||2|||3|||1
{|||8|||2|||14|||1
{|||9|||2|||26|||1
{|||10|||3|||3|||1
{|||11|||3|||14|||1
{|||12|||3|||26|||1
{|||13|||4|||3|||1
{|||14|||4|||14|||1
{|||15|||4|||34|||1
{|||16|||5|||3|||1
{|||17|||5|||14|||1
{|||18|||5|||34|||1
{|||19|||6|||3|||1
{|||20|||6|||14|||1
{|||21|||7|||3|||1
{|||22|||7|||14|||1
{|||23|||8|||3|||1
{|||24|||8|||14|||1
{|||25|||8|||31|||1
{|||26|||9|||3|||1
{|||27|||9|||14|||1
{|||28|||9|||26|||1
{|||29|||10|||3|||1
{|||30|||10|||14|||1
{|||31|||11|||3|||1
{|||32|||11|||14|||1
{|||33|||12|||3|||1
{|||34|||12|||14|||1
{|||35|||12|||34|||1
{|||36|||13|||3|||1
{|||37|||13|||14|||1
{|||38|||13|||34|||1
{|||39|||14|||3|||1
{|||40|||14|||14|||1
{|||41|||14|||31|||1
{|||42|||15|||3|||1
{|||43|||15|||14|||1
{|||44|||15|||26|||1
{|||45|||16|||3|||1
{|||46|||16|||14|||1
{|||47|||16|||31|||1
{|||48|||17|||3|||1
{|||49|||17|||14|||1
{|||50|||17|||33|||1
{|||51|||18|||3|||1
{|||52|||18|||14|||1
{|||53|||18|||20|||1
{|||54|||19|||3|||1
{|||55|||19|||14|||1
{|||56|||19|||20|||1
{|||57|||20|||3|||1
{|||58|||20|||14|||1
{|||59|||20|||31|||1
{|||60|||21|||3|||1
{|||61|||21|||14|||1
{|||62|||21|||31|||1
{|||63|||22|||3|||1
{|||64|||22|||14|||1
{|||65|||23|||3|||1
{|||66|||23|||14|||1
AlgorithmicBase|||1|||0|||2|||2
programArgs|||1|||0|||12|||2
totalElements|||1|||0|||16|||2
=|||1|||0|||17|||2
10|||1|||0|||18|||2
for|||1|||0|||20|||2
counter|||1|||0|||23|||2
=|||2|||0|||24|||2
0|||1|||0|||25|||2
counter|||2|||0|||27|||2
<|||1|||0|||28|||2
totalElements|||2|||0|||29|||2
counter|||3|||0|||31|||2
++|||1|||0|||32|||2
System|||1|||0|||35|||2
counter|||4|||0|||41|||2
RepeatMechanism|||1|||1|||2|||2
itemsToRepeat|||1|||1|||16|||2
=|||3|||1|||17|||2
10|||2|||1|||18|||2
for|||2|||1|||20|||2
index|||1|||1|||23|||2
=|||4|||1|||24|||2
0|||2|||1|||25|||2
index|||2|||1|||27|||2
<|||2|||1|||28|||2
itemsToRepeat|||2|||1|||29|||2
index|||3|||1|||31|||2
++|||2|||1|||32|||2
System|||2|||1|||35|||2
index|||4|||1|||41|||2
NumberRange|||1|||2|||2|||2
iVal|||1|||2|||16|||2
=|||5|||2|||17|||2
0|||3|||2|||18|||2
while|||1|||2|||20|||2
iVal|||2|||2|||22|||2
<|||3|||2|||23|||2
10|||3|||2|||24|||2
System|||3|||2|||27|||2
iVal|||3|||2|||36|||2
iVal|||4|||2|||39|||2
++|||3|||2|||40|||2
LoopProcess|||1|||3|||2|||2
iterator|||1|||3|||16|||2
=|||6|||3|||17|||2
0|||4|||3|||18|||2
while|||2|||3|||20|||2
iterator|||2|||3|||22|||2
<|||4|||3|||23|||2
10|||4|||3|||24|||2
System|||4|||3|||27|||2
iterator|||3|||3|||33|||2
iterator|||4|||3|||36|||2
++|||4|||3|||37|||2
DecisionGate|||1|||4|||2|||2
currentIdx|||1|||4|||16|||2
=|||7|||4|||17|||2
5|||1|||4|||18|||2
maxValue|||1|||4|||21|||2
=|||8|||4|||22|||2
10|||5|||4|||23|||2
if|||1|||4|||25|||2
currentIdx|||2|||4|||27|||2
<|||5|||4|||28|||2
maxValue|||2|||4|||32|||2
System|||5|||4|||35|||2
currentIdx|||3|||4|||41|||2
ConditionFail|||1|||5|||2|||2
checkIdx|||1|||5|||16|||2
=|||9|||5|||17|||2
5|||2|||5|||18|||2
upperLim|||1|||5|||21|||2
=|||10|||5|||22|||2
10|||6|||5|||23|||2
if|||2|||5|||25|||2
!|||1|||5|||27|||2
checkIdx|||2|||5|||29|||2
>=|||1|||5|||30|||2
upperLim|||2|||5|||31|||2
System|||6|||5|||35|||2
checkIdx|||3|||5|||44|||2
ArrayModify|||1|||6|||2|||2
dataPoints|||1|||6|||18|||2
=|||11|||6|||19|||2
new|||1|||6|||20|||2
5|||3|||6|||23|||2
dataPoints|||2|||6|||26|||2
0|||5|||6|||28|||2
=|||12|||6|||30|||2
dataPoints|||3|||6|||31|||2
0|||6|||6|||33|||2
+|||1|||6|||35|||2
100.0f|||1|||6|||39|||2
System|||7|||6|||41|||2
dataPoints|||4|||6|||47|||2
0|||7|||6|||49|||2
DataStore|||1|||7|||2|||2
container|||1|||7|||18|||2
=|||13|||7|||19|||2
new|||2|||7|||20|||2
5|||4|||7|||23|||2
container|||2|||7|||26|||2
0|||8|||7|||28|||2
+=|||1|||7|||30|||2
100.0f|||2|||7|||34|||2
System|||8|||7|||36|||2
container|||3|||7|||42|||2
0|||9|||7|||44|||2
IterateAction|||1|||8|||2|||2
kVal|||1|||8|||16|||2
for|||3|||8|||18|||2
kVal|||2|||8|||20|||2
=|||14|||8|||21|||2
0|||10|||8|||22|||2
kVal|||3|||8|||24|||2
<|||6|||8|||25|||2
5|||5|||8|||26|||2
kVal|||4|||8|||28|||2
++|||5|||8|||29|||2
System|||9|||8|||32|||2
kVal|||5|||8|||41|||2
LimitAchieved|||1|||9|||2|||2
limiter|||1|||9|||16|||2
=|||15|||9|||17|||2
0|||11|||9|||18|||2
while|||3|||9|||20|||2
limiter|||2|||9|||22|||2
<=|||1|||9|||23|||2
5|||6|||9|||24|||2
System|||10|||9|||27|||2
limiter|||3|||9|||36|||2
limiter|||4|||9|||39|||2
++|||6|||9|||40|||2
StartState|||1|||10|||2|||2
initialValue|||1|||10|||16|||2
=|||16|||10|||17|||2
0|||12|||10|||18|||2
System|||11|||10|||20|||2
initialValue|||2|||10|||29|||2
InitializeVal|||1|||11|||2|||2
identifier|||1|||11|||16|||2
=|||17|||11|||17|||2
1|||1|||11|||18|||2
System|||12|||11|||20|||2
identifier|||2|||11|||29|||2
SpanRun|||1|||12|||2|||2
limit|||1|||12|||16|||2
=|||18|||12|||17|||2
10|||7|||12|||18|||2
for|||4|||12|||20|||2
counterInner|||1|||12|||23|||2
=|||19|||12|||24|||2
0|||13|||12|||25|||2
counterInner|||2|||12|||27|||2
<|||7|||12|||28|||2
limit|||2|||12|||29|||2
counterInner|||3|||12|||31|||2
++|||7|||12|||32|||2
System|||13|||12|||35|||2
counterInner|||4|||12|||41|||2
BoundCheck|||1|||13|||2|||2
topRange|||1|||13|||16|||2
=|||20|||13|||17|||2
10|||8|||13|||18|||2
for|||5|||13|||20|||2
walker|||1|||13|||23|||2
=|||21|||13|||24|||2
0|||14|||13|||25|||2
walker|||2|||13|||27|||2
<|||8|||13|||28|||2
topRange|||2|||13|||29|||2
walker|||3|||13|||31|||2
++|||8|||13|||32|||2
System|||14|||13|||35|||2
walker|||4|||13|||41|||2
QuickCycle|||1|||14|||2|||2
loopCount|||1|||14|||16|||2
for|||6|||14|||18|||2
loopCount|||2|||14|||20|||2
=|||22|||14|||21|||2
0|||15|||14|||22|||2
loopCount|||3|||14|||24|||2
<|||9|||14|||25|||2
5|||7|||14|||26|||2
loopCount|||4|||14|||28|||2
++|||9|||14|||29|||2
System|||15|||14|||32|||2
loopCount|||5|||14|||41|||2
BriefRepeat|||1|||15|||2|||2
cycleVal|||1|||15|||16|||2
=|||23|||15|||17|||2
0|||16|||15|||18|||2
while|||4|||15|||20|||2
cycleVal|||2|||15|||22|||2
<|||10|||15|||23|||2
5|||8|||15|||24|||2
System|||16|||15|||27|||2
cycleVal|||3|||15|||36|||2
cycleVal|||4|||15|||39|||2
++|||10|||15|||40|||2
SizeCheck|||1|||16|||2|||2
lengthVal|||1|||16|||16|||2
=|||24|||16|||17|||2
7|||1|||16|||18|||2
widthVal|||1|||16|||21|||2
=|||25|||16|||22|||2
10|||9|||16|||23|||2
if|||3|||16|||25|||2
lengthVal|||2|||16|||27|||2
>|||1|||16|||28|||2
widthVal|||2|||16|||29|||2
System|||17|||16|||32|||2
"|||1|||16|||38|||2
x|||1|||16|||39|||2
is|||1|||16|||40|||2
greater|||1|||16|||41|||2
"|||2|||16|||42|||2
NotSmaller|||1|||17|||2|||2
leftSide|||1|||17|||16|||2
=|||26|||17|||17|||2
7|||2|||17|||18|||2
rightSide|||1|||17|||21|||2
=|||27|||17|||22|||2
10|||10|||17|||23|||2
if|||4|||17|||25|||2
leftSide|||2|||17|||27|||2
<=|||2|||17|||28|||2
rightSide|||2|||17|||29|||2
==|||1|||17|||30|||2
false|||1|||17|||31|||2
System|||18|||17|||34|||2
"|||3|||17|||40|||2
x|||2|||17|||41|||2
is|||2|||17|||42|||2
greater|||2|||17|||43|||2
"|||4|||17|||44|||2
ScaleValue|||1|||18|||2|||2
valueSet|||1|||18|||18|||2
=|||28|||18|||19|||2
1|||2|||18|||21|||2
,|||1|||18|||22|||2
2|||1|||18|||23|||2
,|||2|||18|||24|||2
3|||1|||18|||25|||2
,|||3|||18|||26|||2
4|||1|||18|||27|||2
,|||4|||18|||28|||2
5|||9|||18|||29|||2
valueSet|||2|||18|||32|||2
2|||2|||18|||34|||2
=|||29|||18|||36|||2
valueSet|||3|||18|||37|||2
2|||3|||18|||39|||2
*|||1|||18|||41|||2
2|||4|||18|||42|||2
System|||19|||18|||44|||2
valueSet|||4|||18|||50|||2
2|||5|||18|||52|||2
ItemScale|||1|||19|||2|||2
numberList|||1|||19|||18|||2
=|||30|||19|||19|||2
1|||3|||19|||21|||2
,|||5|||19|||22|||2
2|||6|||19|||23|||2
,|||6|||19|||24|||2
3|||2|||19|||25|||2
,|||7|||19|||26|||2
4|||2|||19|||27|||2
,|||8|||19|||28|||2
5|||10|||19|||29|||2
numberList|||2|||19|||32|||2
2|||7|||19|||34|||2
*=|||1|||19|||36|||2
2|||8|||19|||37|||2
System|||20|||19|||39|||2
numberList|||3|||19|||45|||2
2|||9|||19|||47|||2
IncrStep|||1|||20|||2|||2
indexLoop|||1|||20|||16|||2
for|||7|||20|||18|||2
indexLoop|||2|||20|||20|||2
=|||31|||20|||21|||2
1|||4|||20|||22|||2
indexLoop|||3|||20|||24|||2
<|||11|||20|||25|||2
4|||3|||20|||26|||2
indexLoop|||4|||20|||28|||2
++|||11|||20|||29|||2
System|||21|||20|||32|||2
indexLoop|||5|||20|||41|||2
StepAdvance|||1|||21|||2|||2
countIndex|||1|||21|||16|||2
for|||8|||21|||18|||2
countIndex|||2|||21|||20|||2
=|||32|||21|||21|||2
1|||5|||21|||22|||2
countIndex|||3|||21|||24|||2
<=|||3|||21|||25|||2
4|||4|||21|||26|||2
countIndex|||4|||21|||28|||2
++|||12|||21|||29|||2
System|||22|||21|||32|||2
countIndex|||5|||21|||41|||2
OriginZero|||1|||22|||2|||2
zero|||1|||22|||16|||2
=|||33|||22|||17|||2
0|||17|||22|||18|||2
System|||23|||22|||20|||2
zero|||2|||22|||29|||2
FirstPos|||1|||23|||2|||2
startVal|||1|||23|||16|||2
=|||34|||23|||17|||2
1|||6|||23|||18|||2
System|||24|||23|||20|||2
startVal|||2|||23|||29|||2
.|||1|||0|||36|||3
out|||1|||0|||37|||3
.|||2|||0|||38|||3
.|||3|||1|||36|||3
out|||2|||1|||37|||3
.|||4|||1|||38|||3
.|||5|||2|||28|||3
out|||3|||2|||29|||3
.|||6|||2|||30|||3
.|||7|||3|||28|||3
out|||4|||3|||29|||3
.|||8|||3|||30|||3
.|||9|||4|||36|||3
out|||5|||4|||37|||3
.|||10|||4|||38|||3
.|||11|||5|||36|||3
out|||6|||5|||37|||3
.|||12|||5|||38|||3
.|||13|||6|||42|||3
out|||7|||6|||43|||3
.|||14|||6|||44|||3
.|||15|||7|||37|||3
out|||8|||7|||38|||3
.|||16|||7|||39|||3
.|||17|||8|||33|||3
out|||9|||8|||34|||3
.|||18|||8|||35|||3
.|||19|||9|||28|||3
out|||10|||9|||29|||3
.|||20|||9|||30|||3
.|||21|||10|||21|||3
out|||11|||10|||22|||3
.|||22|||10|||23|||3
.|||23|||11|||21|||3
out|||12|||11|||22|||3
.|||24|||11|||23|||3
.|||25|||12|||36|||3
out|||13|||12|||37|||3
.|||26|||12|||38|||3
.|||27|||13|||36|||3
out|||14|||13|||37|||3
.|||28|||13|||38|||3
.|||29|||14|||33|||3
out|||15|||14|||34|||3
.|||30|||14|||35|||3
.|||31|||15|||28|||3
out|||16|||15|||29|||3
.|||32|||15|||30|||3
.|||33|||16|||33|||3
out|||17|||16|||34|||3
.|||34|||16|||35|||3
.|||35|||17|||35|||3
out|||18|||17|||36|||3
.|||36|||17|||37|||3
.|||37|||18|||45|||3
out|||19|||18|||46|||3
.|||38|||18|||47|||3
.|||39|||19|||40|||3
out|||20|||19|||41|||3
.|||40|||19|||42|||3
.|||41|||20|||33|||3
out|||21|||20|||34|||3
.|||42|||20|||35|||3
.|||43|||21|||33|||3
out|||22|||21|||34|||3
.|||44|||21|||35|||3
.|||45|||22|||21|||3
out|||23|||22|||22|||3
.|||46|||22|||23|||3
.|||47|||23|||21|||3
out|||24|||23|||22|||3
.|||48|||23|||23|||3
(|||1|||0|||8|||4
[|||1|||0|||10|||4
(|||2|||0|||21|||4
(|||3|||0|||40|||4
(|||4|||1|||8|||4
[|||2|||1|||10|||4
(|||5|||1|||21|||4
(|||6|||1|||40|||4
(|||7|||2|||8|||4
[|||3|||2|||10|||4
(|||8|||2|||21|||4
(|||9|||2|||32|||4
(|||10|||2|||33|||4
(|||11|||3|||8|||4
[|||4|||3|||10|||4
(|||12|||3|||21|||4
(|||13|||3|||32|||4
(|||14|||4|||8|||4
[|||5|||4|||10|||4
(|||15|||4|||26|||4
(|||16|||4|||29|||4
(|||17|||4|||40|||4
(|||18|||5|||8|||4
[|||6|||5|||10|||4
(|||19|||5|||26|||4
(|||20|||5|||28|||4
(|||21|||5|||40|||4
(|||22|||5|||41|||4
(|||23|||6|||8|||4
[|||7|||6|||10|||4
[|||8|||6|||16|||4
[|||9|||6|||22|||4
[|||10|||6|||27|||4
[|||11|||6|||32|||4
(|||24|||6|||36|||4
(|||25|||6|||46|||4
[|||12|||6|||48|||4
(|||26|||7|||8|||4
[|||13|||7|||10|||4
[|||14|||7|||16|||4
[|||15|||7|||22|||4
[|||16|||7|||27|||4
(|||27|||7|||31|||4
(|||28|||7|||41|||4
[|||17|||7|||43|||4
(|||29|||8|||8|||4
[|||18|||8|||10|||4
(|||30|||8|||19|||4
(|||31|||8|||37|||4
(|||32|||8|||38|||4
(|||33|||9|||8|||4
[|||19|||9|||10|||4
(|||34|||9|||21|||4
(|||35|||9|||32|||4
(|||36|||9|||33|||4
(|||37|||10|||8|||4
[|||20|||10|||10|||4
(|||38|||10|||25|||4
(|||39|||10|||26|||4
(|||40|||11|||8|||4
[|||21|||11|||10|||4
(|||41|||11|||25|||4
(|||42|||11|||26|||4
(|||43|||12|||8|||4
[|||22|||12|||10|||4
(|||44|||12|||21|||4
(|||45|||12|||40|||4
(|||46|||13|||8|||4
[|||23|||13|||10|||4
(|||47|||13|||21|||4
(|||48|||13|||40|||4
(|||49|||14|||8|||4
[|||24|||14|||10|||4
(|||50|||14|||19|||4
(|||51|||14|||37|||4
(|||52|||14|||38|||4
(|||53|||15|||8|||4
[|||25|||15|||10|||4
(|||54|||15|||21|||4
(|||55|||15|||32|||4
(|||56|||15|||33|||4
(|||57|||16|||8|||4
[|||26|||16|||10|||4
(|||58|||16|||26|||4
(|||59|||16|||37|||4
(|||60|||17|||8|||4
[|||27|||17|||10|||4
(|||61|||17|||26|||4
(|||62|||17|||39|||4
(|||63|||18|||8|||4
[|||28|||18|||10|||4
[|||29|||18|||16|||4
[|||30|||18|||33|||4
[|||31|||18|||38|||4
(|||64|||18|||49|||4
[|||32|||18|||51|||4
(|||65|||19|||8|||4
[|||33|||19|||10|||4
[|||34|||19|||16|||4
[|||35|||19|||33|||4
(|||66|||19|||44|||4
[|||36|||19|||46|||4
(|||67|||20|||8|||4
[|||37|||20|||10|||4
(|||68|||20|||19|||4
(|||69|||20|||37|||4
(|||70|||20|||38|||4
(|||71|||21|||8|||4
[|||38|||21|||10|||4
(|||72|||21|||19|||4
(|||73|||21|||37|||4
(|||74|||21|||38|||4
(|||75|||22|||8|||4
[|||39|||22|||10|||4
(|||76|||22|||25|||4
(|||77|||22|||26|||4
(|||78|||23|||8|||4
[|||40|||23|||10|||4
(|||79|||23|||25|||4
(|||80|||23|||26|||4
println|||1|||0|||39|||5
}|||1|||0|||44|||5
}|||2|||0|||45|||5
}|||3|||0|||46|||5
println|||2|||1|||39|||5
}|||4|||1|||44|||5
}|||5|||1|||45|||5
}|||6|||1|||46|||5
println|||3|||2|||31|||5
}|||7|||2|||42|||5
}|||8|||2|||43|||5
}|||9|||2|||44|||5
println|||4|||3|||31|||5
}|||10|||3|||39|||5
}|||11|||3|||40|||5
}|||12|||3|||41|||5
println|||5|||4|||39|||5
}|||13|||4|||44|||5
}|||14|||4|||45|||5
}|||15|||4|||46|||5
println|||6|||5|||39|||5
}|||16|||5|||47|||5
}|||17|||5|||48|||5
}|||18|||5|||49|||5
println|||7|||6|||45|||5
}|||19|||6|||53|||5
}|||20|||6|||54|||5
println|||8|||7|||40|||5
}|||21|||7|||48|||5
}|||22|||7|||49|||5
println|||9|||8|||36|||5
}|||23|||8|||44|||5
}|||24|||8|||45|||5
}|||25|||8|||46|||5
println|||10|||9|||31|||5
}|||26|||9|||42|||5
}|||27|||9|||43|||5
}|||28|||9|||44|||5
println|||11|||10|||24|||5
}|||29|||10|||32|||5
}|||30|||10|||33|||5
println|||12|||11|||24|||5
}|||31|||11|||32|||5
}|||32|||11|||33|||5
println|||13|||12|||39|||5
}|||33|||12|||44|||5
}|||34|||12|||45|||5
}|||35|||12|||46|||5
println|||14|||13|||39|||5
}|||36|||13|||44|||5
}|||37|||13|||45|||5
}|||38|||13|||46|||5
println|||15|||14|||36|||5
}|||39|||14|||44|||5
}|||40|||14|||45|||5
}|||41|||14|||46|||5
println|||16|||15|||31|||5
}|||42|||15|||42|||5
}|||43|||15|||43|||5
}|||44|||15|||44|||5
println|||17|||16|||36|||5
}|||45|||16|||45|||5
}|||46|||16|||46|||5
}|||47|||16|||47|||5
println|||18|||17|||38|||5
}|||48|||17|||47|||5
}|||49|||17|||48|||5
}|||50|||17|||49|||5
}|||51|||18|||30|||5
println|||19|||18|||48|||5
}|||52|||18|||56|||5
}|||53|||18|||57|||5
}|||54|||19|||30|||5
println|||20|||19|||43|||5
}|||55|||19|||51|||5
}|||56|||19|||52|||5
println|||21|||20|||36|||5
}|||57|||20|||44|||5
}|||58|||20|||45|||5
}|||59|||20|||46|||5
println|||22|||21|||36|||5
}|||60|||21|||44|||5
}|||61|||21|||45|||5
}|||62|||21|||46|||5
println|||23|||22|||24|||5
}|||63|||22|||32|||5
}|||64|||22|||33|||5
println|||24|||23|||24|||5
}|||65|||23|||32|||5
)|||1|||0|||13|||6
)|||2|||0|||33|||6
)|||3|||0|||42|||6
)|||4|||1|||13|||6
)|||5|||1|||33|||6
)|||6|||1|||42|||6
)|||7|||2|||13|||6
)|||8|||2|||25|||6
)|||9|||2|||35|||6
)|||10|||2|||37|||6
)|||11|||3|||13|||6
)|||12|||3|||25|||6
)|||13|||3|||34|||6
)|||14|||4|||13|||6
)|||15|||4|||31|||6
)|||16|||4|||33|||6
)|||17|||4|||42|||6
)|||18|||5|||13|||6
)|||19|||5|||32|||6
)|||20|||5|||33|||6
)|||21|||5|||43|||6
)|||22|||5|||45|||6
)|||23|||6|||13|||6
)|||24|||6|||38|||6
)|||25|||6|||51|||6
)|||26|||7|||13|||6
)|||27|||7|||33|||6
)|||28|||7|||46|||6
)|||29|||8|||13|||6
)|||30|||8|||30|||6
)|||31|||8|||40|||6
)|||32|||8|||42|||6
)|||33|||9|||13|||6
)|||34|||9|||25|||6
)|||35|||9|||35|||6
)|||36|||9|||37|||6
)|||37|||10|||13|||6
)|||38|||10|||28|||6
)|||39|||10|||30|||6
)|||40|||11|||13|||6
)|||41|||11|||28|||6
)|||42|||11|||30|||6
)|||43|||12|||13|||6
)|||44|||12|||33|||6
)|||45|||12|||42|||6
)|||46|||13|||13|||6
)|||47|||13|||33|||6
)|||48|||13|||42|||6
)|||49|||14|||13|||6
)|||50|||14|||30|||6
)|||51|||14|||40|||6
)|||52|||14|||42|||6
)|||53|||15|||13|||6
)|||54|||15|||25|||6
)|||55|||15|||35|||6
)|||56|||15|||37|||6
)|||57|||16|||13|||6
)|||58|||16|||30|||6
)|||59|||16|||43|||6
)|||60|||17|||13|||6
)|||61|||17|||32|||6
)|||62|||17|||45|||6
)|||63|||18|||13|||6
)|||64|||18|||54|||6
)|||65|||19|||13|||6
)|||66|||19|||49|||6
)|||67|||20|||13|||6
)|||68|||20|||30|||6
)|||69|||20|||40|||6
)|||70|||20|||42|||6
)|||71|||21|||13|||6
)|||72|||21|||30|||6
)|||73|||21|||40|||6
)|||74|||21|||42|||6
)|||75|||22|||13|||6
)|||76|||22|||28|||6
)|||77|||22|||30|||6
)|||78|||23|||13|||6
)|||79|||23|||28|||6
)|||80|||23|||30|||6
protected|||1|||0|||0|||7
class|||1|||0|||1|||7
private|||1|||0|||4|||7
static|||1|||0|||5|||7
public|||1|||1|||0|||7
class|||2|||1|||1|||7
public|||2|||1|||4|||7
static|||2|||1|||5|||7
private|||2|||2|||0|||7
class|||3|||2|||1|||7
private|||3|||2|||4|||7
static|||3|||2|||5|||7
protected|||2|||3|||0|||7
class|||4|||3|||1|||7
protected|||3|||3|||4|||7
static|||4|||3|||5|||7
public|||3|||4|||0|||7
class|||5|||4|||1|||7
public|||4|||4|||4|||7
static|||5|||4|||5|||7
private|||4|||5|||0|||7
class|||6|||5|||1|||7
private|||5|||5|||4|||7
static|||6|||5|||5|||7
protected|||4|||6|||0|||7
class|||7|||6|||1|||7
protected|||5|||6|||4|||7
static|||7|||6|||5|||7
public|||5|||7|||0|||7
class|||8|||7|||1|||7
public|||6|||7|||4|||7
static|||8|||7|||5|||7
private|||6|||8|||0|||7
class|||9|||8|||1|||7
private|||7|||8|||4|||7
static|||9|||8|||5|||7
protected|||6|||9|||0|||7
class|||10|||9|||1|||7
protected|||7|||9|||4|||7
static|||10|||9|||5|||7
public|||7|||10|||0|||7
class|||11|||10|||1|||7
public|||8|||10|||4|||7
static|||11|||10|||5|||7
private|||8|||11|||0|||7
class|||12|||11|||1|||7
private|||9|||11|||4|||7
static|||12|||11|||5|||7
protected|||8|||12|||0|||7
class|||13|||12|||1|||7
protected|||9|||12|||4|||7
static|||13|||12|||5|||7
public|||9|||13|||0|||7
class|||14|||13|||1|||7
public|||10|||13|||4|||7
static|||14|||13|||5|||7
private|||10|||14|||0|||7
class|||15|||14|||1|||7
private|||11|||14|||4|||7
static|||15|||14|||5|||7
protected|||10|||15|||0|||7
class|||16|||15|||1|||7
protected|||11|||15|||4|||7
static|||16|||15|||5|||7
public|||11|||16|||0|||7
class|||17|||16|||1|||7
public|||12|||16|||4|||7
static|||17|||16|||5|||7
private|||12|||17|||0|||7
class|||18|||17|||1|||7
private|||13|||17|||4|||7
static|||18|||17|||5|||7
protected|||12|||18|||0|||7
class|||19|||18|||1|||7
protected|||13|||18|||4|||7
static|||19|||18|||5|||7
public|||13|||19|||0|||7
class|||20|||19|||1|||7
public|||14|||19|||4|||7
static|||20|||19|||5|||7
private|||14|||20|||0|||7
class|||21|||20|||1|||7
private|||15|||20|||4|||7
static|||21|||20|||5|||7
protected|||14|||21|||0|||7
class|||22|||21|||1|||7
protected|||15|||21|||4|||7
static|||22|||21|||5|||7
public|||15|||22|||0|||7
class|||23|||22|||1|||7
public|||16|||22|||4|||7
static|||23|||22|||5|||7
private|||16|||23|||0|||7
class|||24|||23|||1|||7
private|||17|||23|||4|||7
static|||24|||23|||5|||7
;|||1|||0|||19|||8
;|||2|||0|||26|||8
;|||3|||0|||30|||8
;|||4|||0|||43|||8
;|||5|||1|||19|||8
;|||6|||1|||26|||8
;|||7|||1|||30|||8
;|||8|||1|||43|||8
;|||9|||2|||19|||8
;|||10|||2|||38|||8
;|||11|||2|||41|||8
;|||12|||3|||19|||8
;|||13|||3|||35|||8
;|||14|||3|||38|||8
;|||15|||4|||19|||8
;|||16|||4|||24|||8
;|||17|||4|||43|||8
;|||18|||5|||19|||8
;|||19|||5|||24|||8
;|||20|||5|||46|||8
;|||21|||6|||25|||8
;|||22|||6|||40|||8
;|||23|||6|||52|||8
;|||24|||7|||25|||8
;|||25|||7|||35|||8
;|||26|||7|||47|||8
;|||27|||8|||17|||8
;|||28|||8|||23|||8
;|||29|||8|||27|||8
;|||30|||8|||43|||8
;|||31|||9|||19|||8
;|||32|||9|||38|||8
;|||33|||9|||41|||8
;|||34|||10|||19|||8
;|||35|||10|||31|||8
;|||36|||11|||19|||8
;|||37|||11|||31|||8
;|||38|||12|||19|||8
;|||39|||12|||26|||8
;|||40|||12|||30|||8
;|||41|||12|||43|||8
;|||42|||13|||19|||8
;|||43|||13|||26|||8
;|||44|||13|||30|||8
;|||45|||13|||43|||8
;|||46|||14|||17|||8
;|||47|||14|||23|||8
;|||48|||14|||27|||8
;|||49|||14|||43|||8
;|||50|||15|||19|||8
;|||51|||15|||38|||8
;|||52|||15|||41|||8
;|||53|||16|||19|||8
;|||54|||16|||24|||8
;|||55|||16|||44|||8
;|||56|||17|||19|||8
;|||57|||17|||24|||8
;|||58|||17|||46|||8
;|||59|||18|||31|||8
;|||60|||18|||43|||8
;|||61|||18|||55|||8
;|||62|||19|||31|||8
;|||63|||19|||38|||8
;|||64|||19|||50|||8
;|||65|||20|||17|||8
;|||66|||20|||23|||8
;|||67|||20|||27|||8
;|||68|||20|||43|||8
;|||69|||21|||17|||8
;|||70|||21|||23|||8
;|||71|||21|||27|||8
;|||72|||21|||43|||8
;|||73|||22|||19|||8
;|||74|||22|||31|||8
;|||75|||23|||19|||8
;|||76|||23|||31|||8
]|||1|||0|||11|||9
]|||2|||1|||11|||9
args|||1|||1|||12|||9
]|||3|||2|||11|||9
args|||2|||2|||12|||9
]|||4|||3|||11|||9
args|||3|||3|||12|||9
]|||5|||4|||11|||9
args|||4|||4|||12|||9
]|||6|||5|||11|||9
args|||5|||5|||12|||9
]|||7|||6|||11|||9
args|||6|||6|||12|||9
]|||8|||6|||17|||9
]|||9|||6|||24|||9
]|||10|||6|||29|||9
]|||11|||6|||34|||9
]|||12|||6|||50|||9
]|||13|||7|||11|||9
args|||7|||7|||12|||9
]|||14|||7|||17|||9
]|||15|||7|||24|||9
]|||16|||7|||29|||9
]|||17|||7|||45|||9
]|||18|||8|||11|||9
args|||8|||8|||12|||9
]|||19|||9|||11|||9
args|||9|||9|||12|||9
]|||20|||10|||11|||9
args|||10|||10|||12|||9
]|||21|||11|||11|||9
args|||11|||11|||12|||9
]|||22|||12|||11|||9
args|||12|||12|||12|||9
]|||23|||13|||11|||9
args|||13|||13|||12|||9
]|||24|||14|||11|||9
args|||14|||14|||12|||9
]|||25|||15|||11|||9
args|||15|||15|||12|||9
]|||26|||16|||11|||9
args|||16|||16|||12|||9
]|||27|||17|||11|||9
args|||17|||17|||12|||9
]|||28|||18|||11|||9
args|||18|||18|||12|||9
]|||29|||18|||17|||9
]|||30|||18|||35|||9
]|||31|||18|||40|||9
]|||32|||18|||53|||9
]|||33|||19|||11|||9
args|||19|||19|||12|||9
]|||34|||19|||17|||9
]|||35|||19|||35|||9
]|||36|||19|||48|||9
]|||37|||20|||11|||9
args|||20|||20|||12|||9
]|||38|||21|||11|||9
args|||21|||21|||12|||9
]|||39|||22|||11|||9
args|||22|||22|||12|||9
]|||40|||23|||11|||9
args|||23|||23|||12|||9
