void|||1|||0|||6|||0
float|||1|||0|||15|||0
int|||1|||0|||22|||0
void|||2|||1|||6|||0
float|||2|||1|||15|||0
int|||2|||1|||22|||0
void|||3|||2|||6|||0
float|||3|||2|||15|||0
void|||4|||3|||6|||0
float|||4|||3|||15|||0
void|||5|||4|||6|||0
int|||4|||4|||15|||0
int|||5|||4|||20|||0
float|||5|||4|||30|||0
void|||6|||5|||6|||0
float|||6|||5|||15|||0
float|||7|||5|||20|||0
void|||7|||6|||6|||0
int|||7|||6|||15|||0
int|||8|||6|||21|||0
void|||8|||7|||6|||0
int|||10|||7|||15|||0
int|||11|||7|||21|||0
void|||9|||8|||6|||0
float|||8|||8|||15|||0
void|||10|||9|||6|||0
float|||9|||9|||15|||0
void|||11|||10|||6|||0
float|||10|||10|||15|||0
void|||12|||11|||6|||0
float|||11|||11|||15|||0
void|||13|||12|||6|||0
int|||17|||12|||15|||0
int|||18|||12|||22|||0
void|||14|||13|||6|||0
int|||19|||13|||15|||0
int|||20|||13|||22|||0
void|||15|||14|||6|||0
float|||12|||14|||15|||0
void|||16|||15|||6|||0
float|||13|||15|||15|||0
void|||17|||16|||6|||0
float|||14|||16|||15|||0
float|||15|||16|||20|||0
void|||18|||17|||6|||0
float|||16|||17|||15|||0
float|||17|||17|||20|||0
void|||19|||18|||6|||0
int|||23|||18|||15|||0
void|||20|||19|||6|||0
int|||24|||19|||15|||0
void|||21|||20|||6|||0
float|||18|||20|||15|||0
void|||22|||21|||6|||0
float|||19|||21|||15|||0
void|||23|||22|||6|||0
float|||20|||22|||15|||0
void|||24|||23|||6|||0
float|||21|||23|||15|||0
{|||2|||0|||14|||1
;|||1|||0|||19|||1
for|||1|||0|||20|||1
(|||2|||0|||21|||1
;|||2|||0|||26|||1
;|||3|||0|||30|||1
)|||2|||0|||33|||1
{|||3|||0|||34|||1
(|||3|||0|||40|||1
)|||3|||0|||42|||1
;|||4|||0|||43|||1
{|||5|||1|||14|||1
;|||5|||1|||19|||1
for|||2|||1|||20|||1
(|||5|||1|||21|||1
;|||6|||1|||26|||1
;|||7|||1|||30|||1
)|||5|||1|||33|||1
{|||6|||1|||34|||1
(|||6|||1|||40|||1
)|||6|||1|||42|||1
;|||8|||1|||43|||1
{|||8|||2|||14|||1
;|||9|||2|||19|||1
while|||1|||2|||20|||1
(|||8|||2|||21|||1
)|||8|||2|||25|||1
{|||9|||2|||26|||1
(|||9|||2|||32|||1
)|||10|||2|||37|||1
;|||10|||2|||38|||1
;|||11|||2|||41|||1
{|||11|||3|||14|||1
;|||12|||3|||19|||1
while|||2|||3|||20|||1
(|||12|||3|||21|||1
)|||12|||3|||25|||1
{|||12|||3|||26|||1
(|||13|||3|||32|||1
)|||13|||3|||34|||1
;|||13|||3|||35|||1
;|||14|||3|||38|||1
{|||14|||4|||14|||1
;|||15|||4|||19|||1
;|||16|||4|||24|||1
if|||1|||4|||25|||1
(|||15|||4|||26|||1
)|||16|||4|||33|||1
{|||15|||4|||34|||1
(|||17|||4|||40|||1
)|||17|||4|||42|||1
;|||17|||4|||43|||1
{|||17|||5|||14|||1
;|||18|||5|||19|||1
;|||19|||5|||24|||1
if|||2|||5|||25|||1
(|||19|||5|||26|||1
)|||19|||5|||32|||1
)|||20|||5|||33|||1
{|||18|||5|||34|||1
(|||21|||5|||40|||1
)|||22|||5|||45|||1
;|||20|||5|||46|||1
{|||20|||6|||14|||1
;|||21|||6|||25|||1
;|||22|||6|||40|||1
(|||25|||6|||46|||1
)|||25|||6|||51|||1
;|||23|||6|||52|||1
{|||22|||7|||14|||1
;|||24|||7|||25|||1
;|||25|||7|||35|||1
(|||28|||7|||41|||1
)|||28|||7|||46|||1
;|||26|||7|||47|||1
{|||24|||8|||14|||1
;|||27|||8|||17|||1
for|||3|||8|||18|||1
(|||30|||8|||19|||1
;|||28|||8|||23|||1
;|||29|||8|||27|||1
)|||30|||8|||30|||1
{|||25|||8|||31|||1
(|||31|||8|||37|||1
)|||32|||8|||42|||1
;|||30|||8|||43|||1
{|||27|||9|||14|||1
;|||31|||9|||19|||1
while|||3|||9|||20|||1
(|||34|||9|||21|||1
)|||34|||9|||25|||1
{|||28|||9|||26|||1
(|||35|||9|||32|||1
)|||36|||9|||37|||1
;|||32|||9|||38|||1
;|||33|||9|||41|||1
{|||30|||10|||14|||1
;|||34|||10|||19|||1
(|||38|||10|||25|||1
)|||39|||10|||30|||1
;|||35|||10|||31|||1
{|||32|||11|||14|||1
;|||36|||11|||19|||1
(|||41|||11|||25|||1
)|||42|||11|||30|||1
;|||37|||11|||31|||1
{|||34|||12|||14|||1
;|||38|||12|||19|||1
for|||4|||12|||20|||1
(|||44|||12|||21|||1
;|||39|||12|||26|||1
;|||40|||12|||30|||1
)|||44|||12|||33|||1
{|||35|||12|||34|||1
(|||45|||12|||40|||1
)|||45|||12|||42|||1
;|||41|||12|||43|||1
{|||37|||13|||14|||1
;|||42|||13|||19|||1
for|||5|||13|||20|||1
(|||47|||13|||21|||1
;|||43|||13|||26|||1
;|||44|||13|||30|||1
)|||47|||13|||33|||1
{|||38|||13|||34|||1
(|||48|||13|||40|||1
)|||48|||13|||42|||1
;|||45|||13|||43|||1
{|||40|||14|||14|||1
;|||46|||14|||17|||1
for|||6|||14|||18|||1
(|||50|||14|||19|||1
;|||47|||14|||23|||1
;|||48|||14|||27|||1
)|||50|||14|||30|||1
{|||41|||14|||31|||1
(|||51|||14|||37|||1
)|||52|||14|||42|||1
;|||49|||14|||43|||1
{|||43|||15|||14|||1
;|||50|||15|||19|||1
while|||4|||15|||20|||1
(|||54|||15|||21|||1
)|||54|||15|||25|||1
{|||44|||15|||26|||1
(|||55|||15|||32|||1
)|||56|||15|||37|||1
;|||51|||15|||38|||1
;|||52|||15|||41|||1
{|||46|||16|||14|||1
;|||53|||16|||19|||1
;|||54|||16|||24|||1
if|||3|||16|||25|||1
(|||58|||16|||26|||1
)|||58|||16|||30|||1
{|||47|||16|||31|||1
(|||59|||16|||37|||1
)|||59|||16|||43|||1
;|||55|||16|||44|||1
{|||49|||17|||14|||1
;|||56|||17|||19|||1
;|||57|||17|||24|||1
if|||4|||17|||25|||1
(|||61|||17|||26|||1
)|||61|||17|||32|||1
{|||50|||17|||33|||1
(|||62|||17|||39|||1
)|||62|||17|||45|||1
;|||58|||17|||46|||1
{|||52|||18|||14|||1
;|||59|||18|||31|||1
;|||60|||18|||43|||1
(|||64|||18|||49|||1
)|||64|||18|||54|||1
;|||61|||18|||55|||1
{|||55|||19|||14|||1
;|||62|||19|||31|||1
;|||63|||19|||38|||1
(|||66|||19|||44|||1
)|||66|||19|||49|||1
;|||64|||19|||50|||1
{|||58|||20|||14|||1
;|||65|||20|||17|||1
for|||7|||20|||18|||1
(|||68|||20|||19|||1
;|||66|||20|||23|||1
;|||67|||20|||27|||1
)|||68|||20|||30|||1
{|||59|||20|||31|||1
(|||69|||20|||37|||1
)|||70|||20|||42|||1
;|||68|||20|||43|||1
{|||61|||21|||14|||1
;|||69|||21|||17|||1
for|||8|||21|||18|||1
(|||72|||21|||19|||1
;|||70|||21|||23|||1
;|||71|||21|||27|||1
)|||72|||21|||30|||1
{|||62|||21|||31|||1
(|||73|||21|||37|||1
)|||74|||21|||42|||1
;|||72|||21|||43|||1
{|||64|||22|||14|||1
;|||73|||22|||19|||1
(|||76|||22|||25|||1
)|||77|||22|||30|||1
;|||74|||22|||31|||1
{|||66|||23|||14|||1
;|||75|||23|||19|||1
(|||79|||23|||25|||1
)|||80|||23|||30|||1
;|||76|||23|||31|||1
AlgorithmicBase|||1|||0|||2|||2
{|||1|||0|||3|||2
main|||1|||0|||7|||2
(|||1|||0|||8|||2
programArgs|||1|||0|||12|||2
)|||1|||0|||13|||2
RepeatMechanism|||1|||1|||2|||2
{|||4|||1|||3|||2
main|||2|||1|||7|||2
(|||4|||1|||8|||2
args|||1|||1|||12|||2
)|||4|||1|||13|||2
NumberRange|||1|||2|||2|||2
{|||7|||2|||3|||2
main|||3|||2|||7|||2
(|||7|||2|||8|||2
args|||2|||2|||12|||2
)|||7|||2|||13|||2
LoopProcess|||1|||3|||2|||2
{|||10|||3|||3|||2
main|||4|||3|||7|||2
(|||11|||3|||8|||2
args|||3|||3|||12|||2
)|||11|||3|||13|||2
DecisionGate|||1|||4|||2|||2
{|||13|||4|||3|||2
main|||5|||4|||7|||2
(|||14|||4|||8|||2
args|||4|||4|||12|||2
)|||14|||4|||13|||2
ConditionFail|||1|||5|||2|||2
{|||16|||5|||3|||2
main|||6|||5|||7|||2
(|||18|||5|||8|||2
args|||5|||5|||12|||2
)|||18|||5|||13|||2
ArrayModify|||1|||6|||2|||2
{|||19|||6|||3|||2
main|||7|||6|||7|||2
(|||23|||6|||8|||2
args|||6|||6|||12|||2
)|||23|||6|||13|||2
DataStore|||1|||7|||2|||2
{|||21|||7|||3|||2
main|||8|||7|||7|||2
(|||26|||7|||8|||2
args|||7|||7|||12|||2
)|||26|||7|||13|||2
IterateAction|||1|||8|||2|||2
{|||23|||8|||3|||2
main|||9|||8|||7|||2
(|||29|||8|||8|||2
args|||8|||8|||12|||2
)|||29|||8|||13|||2
LimitAchieved|||1|||9|||2|||2
{|||26|||9|||3|||2
main|||10|||9|||7|||2
(|||33|||9|||8|||2
args|||9|||9|||12|||2
)|||33|||9|||13|||2
StartState|||1|||10|||2|||2
{|||29|||10|||3|||2
main|||11|||10|||7|||2
(|||37|||10|||8|||2
args|||10|||10|||12|||2
)|||37|||10|||13|||2
InitializeVal|||1|||11|||2|||2
{|||31|||11|||3|||2
main|||12|||11|||7|||2
(|||40|||11|||8|||2
args|||11|||11|||12|||2
)|||40|||11|||13|||2
SpanRun|||1|||12|||2|||2
{|||33|||12|||3|||2
main|||13|||12|||7|||2
(|||43|||12|||8|||2
args|||12|||12|||12|||2
)|||43|||12|||13|||2
BoundCheck|||1|||13|||2|||2
{|||36|||13|||3|||2
main|||14|||13|||7|||2
(|||46|||13|||8|||2
args|||13|||13|||12|||2
)|||46|||13|||13|||2
QuickCycle|||1|||14|||2|||2
{|||39|||14|||3|||2
main|||15|||14|||7|||2
(|||49|||14|||8|||2
args|||14|||14|||12|||2
)|||49|||14|||13|||2
BriefRepeat|||1|||15|||2|||2
{|||42|||15|||3|||2
main|||16|||15|||7|||2
(|||53|||15|||8|||2
args|||15|||15|||12|||2
)|||53|||15|||13|||2
SizeCheck|||1|||16|||2|||2
{|||45|||16|||3|||2
main|||17|||16|||7|||2
(|||57|||16|||8|||2
args|||16|||16|||12|||2
)|||57|||16|||13|||2
NotSmaller|||1|||17|||2|||2
{|||48|||17|||3|||2
main|||18|||17|||7|||2
(|||60|||17|||8|||2
args|||17|||17|||12|||2
)|||60|||17|||13|||2
ScaleValue|||1|||18|||2|||2
{|||51|||18|||3|||2
main|||19|||18|||7|||2
(|||63|||18|||8|||2
args|||18|||18|||12|||2
)|||63|||18|||13|||2
ItemScale|||1|||19|||2|||2
{|||54|||19|||3|||2
main|||20|||19|||7|||2
(|||65|||19|||8|||2
args|||19|||19|||12|||2
)|||65|||19|||13|||2
IncrStep|||1|||20|||2|||2
{|||57|||20|||3|||2
main|||21|||20|||7|||2
(|||67|||20|||8|||2
args|||20|||20|||12|||2
)|||67|||20|||13|||2
StepAdvance|||1|||21|||2|||2
{|||60|||21|||3|||2
main|||22|||21|||7|||2
(|||71|||21|||8|||2
args|||21|||21|||12|||2
)|||71|||21|||13|||2
OriginZero|||1|||22|||2|||2
{|||63|||22|||3|||2
main|||23|||22|||7|||2
(|||75|||22|||8|||2
args|||22|||22|||12|||2
)|||75|||22|||13|||2
FirstPos|||1|||23|||2|||2
{|||65|||23|||3|||2
main|||24|||23|||7|||2
(|||78|||23|||8|||2
args|||23|||23|||12|||2
)|||78|||23|||13|||2
System|||1|||0|||35|||3
.|||1|||0|||36|||3
out|||1|||0|||37|||3
.|||2|||0|||38|||3
println|||1|||0|||39|||3
System|||2|||1|||35|||3
.|||3|||1|||36|||3
out|||2|||1|||37|||3
.|||4|||1|||38|||3
println|||2|||1|||39|||3
System|||3|||2|||27|||3
.|||5|||2|||28|||3
out|||3|||2|||29|||3
.|||6|||2|||30|||3
println|||3|||2|||31|||3
System|||4|||3|||27|||3
.|||7|||3|||28|||3
out|||4|||3|||29|||3
.|||8|||3|||30|||3
println|||4|||3|||31|||3
System|||5|||4|||35|||3
.|||9|||4|||36|||3
out|||5|||4|||37|||3
.|||10|||4|||38|||3
println|||5|||4|||39|||3
System|||6|||5|||35|||3
.|||11|||5|||36|||3
out|||6|||5|||37|||3
.|||12|||5|||38|||3
println|||6|||5|||39|||3
System|||7|||6|||41|||3
.|||13|||6|||42|||3
out|||7|||6|||43|||3
.|||14|||6|||44|||3
println|||7|||6|||45|||3
System|||8|||7|||36|||3
.|||15|||7|||37|||3
out|||8|||7|||38|||3
.|||16|||7|||39|||3
println|||8|||7|||40|||3
System|||9|||8|||32|||3
.|||17|||8|||33|||3
out|||9|||8|||34|||3
.|||18|||8|||35|||3
println|||9|||8|||36|||3
System|||10|||9|||27|||3
.|||19|||9|||28|||3
out|||10|||9|||29|||3
.|||20|||9|||30|||3
println|||10|||9|||31|||3
System|||11|||10|||20|||3
.|||21|||10|||21|||3
out|||11|||10|||22|||3
.|||22|||10|||23|||3
println|||11|||10|||24|||3
System|||12|||11|||20|||3
.|||23|||11|||21|||3
out|||12|||11|||22|||3
.|||24|||11|||23|||3
println|||12|||11|||24|||3
System|||13|||12|||35|||3
.|||25|||12|||36|||3
out|||13|||12|||37|||3
.|||26|||12|||38|||3
println|||13|||12|||39|||3
System|||14|||13|||35|||3
.|||27|||13|||36|||3
out|||14|||13|||37|||3
.|||28|||13|||38|||3
println|||14|||13|||39|||3
System|||15|||14|||32|||3
.|||29|||14|||33|||3
out|||15|||14|||34|||3
.|||30|||14|||35|||3
println|||15|||14|||36|||3
System|||16|||15|||27|||3
.|||31|||15|||28|||3
out|||16|||15|||29|||3
.|||32|||15|||30|||3
println|||16|||15|||31|||3
System|||17|||16|||32|||3
.|||33|||16|||33|||3
out|||17|||16|||34|||3
.|||34|||16|||35|||3
println|||17|||16|||36|||3
System|||18|||17|||34|||3
.|||35|||17|||35|||3
out|||18|||17|||36|||3
.|||36|||17|||37|||3
println|||18|||17|||38|||3
System|||19|||18|||44|||3
.|||37|||18|||45|||3
out|||19|||18|||46|||3
.|||38|||18|||47|||3
println|||19|||18|||48|||3
System|||20|||19|||39|||3
.|||39|||19|||40|||3
out|||20|||19|||41|||3
.|||40|||19|||42|||3
println|||20|||19|||43|||3
System|||21|||20|||32|||3
.|||41|||20|||33|||3
out|||21|||20|||34|||3
.|||42|||20|||35|||3
println|||21|||20|||36|||3
System|||22|||21|||32|||3
.|||43|||21|||33|||3
out|||22|||21|||34|||3
.|||44|||21|||35|||3
println|||22|||21|||36|||3
System|||23|||22|||20|||3
.|||45|||22|||21|||3
out|||23|||22|||22|||3
.|||46|||22|||23|||3
println|||23|||22|||24|||3
System|||24|||23|||20|||3
.|||47|||23|||21|||3
out|||24|||23|||22|||3
.|||48|||23|||23|||3
println|||24|||23|||24|||3
}|||1|||0|||44|||4
}|||2|||0|||45|||4
}|||3|||0|||46|||4
}|||4|||1|||44|||4
}|||5|||1|||45|||4
}|||6|||1|||46|||4
}|||7|||2|||42|||4
}|||8|||2|||43|||4
}|||9|||2|||44|||4
}|||10|||3|||39|||4
}|||11|||3|||40|||4
}|||12|||3|||41|||4
}|||13|||4|||44|||4
}|||14|||4|||45|||4
}|||15|||4|||46|||4
}|||16|||5|||47|||4
}|||17|||5|||48|||4
}|||18|||5|||49|||4
}|||19|||6|||53|||4
}|||20|||6|||54|||4
}|||21|||7|||48|||4
}|||22|||7|||49|||4
}|||23|||8|||44|||4
}|||24|||8|||45|||4
}|||25|||8|||46|||4
}|||26|||9|||42|||4
}|||27|||9|||43|||4
}|||28|||9|||44|||4
}|||29|||10|||32|||4
}|||30|||10|||33|||4
}|||31|||11|||32|||4
}|||32|||11|||33|||4
}|||33|||12|||44|||4
}|||34|||12|||45|||4
}|||35|||12|||46|||4
}|||36|||13|||44|||4
}|||37|||13|||45|||4
}|||38|||13|||46|||4
}|||39|||14|||44|||4
}|||40|||14|||45|||4
}|||41|||14|||46|||4
}|||42|||15|||42|||4
}|||43|||15|||43|||4
}|||44|||15|||44|||4
}|||45|||16|||45|||4
}|||46|||16|||46|||4
}|||47|||16|||47|||4
}|||48|||17|||47|||4
}|||49|||17|||48|||4
}|||50|||17|||49|||4
}|||52|||18|||56|||4
}|||53|||18|||57|||4
}|||55|||19|||51|||4
}|||56|||19|||52|||4
}|||57|||20|||44|||4
}|||58|||20|||45|||4
}|||59|||20|||46|||4
}|||60|||21|||44|||4
}|||61|||21|||45|||4
}|||62|||21|||46|||4
}|||63|||22|||32|||4
}|||64|||22|||33|||4
}|||65|||23|||32|||4
String|||1|||0|||9|||5
[|||1|||0|||10|||5
]|||1|||0|||11|||5
String|||2|||1|||9|||5
[|||2|||1|||10|||5
]|||2|||1|||11|||5
String|||3|||2|||9|||5
[|||3|||2|||10|||5
]|||3|||2|||11|||5
String|||4|||3|||9|||5
[|||4|||3|||10|||5
]|||4|||3|||11|||5
String|||5|||4|||9|||5
[|||5|||4|||10|||5
]|||5|||4|||11|||5
String|||6|||5|||9|||5
[|||6|||5|||10|||5
]|||6|||5|||11|||5
String|||7|||6|||9|||5
[|||7|||6|||10|||5
]|||7|||6|||11|||5
[|||8|||6|||16|||5
]|||8|||6|||17|||5
String|||8|||7|||9|||5
[|||13|||7|||10|||5
]|||13|||7|||11|||5
[|||14|||7|||16|||5
]|||14|||7|||17|||5
String|||9|||8|||9|||5
[|||18|||8|||10|||5
]|||18|||8|||11|||5
String|||10|||9|||9|||5
[|||19|||9|||10|||5
]|||19|||9|||11|||5
String|||11|||10|||9|||5
[|||20|||10|||10|||5
]|||20|||10|||11|||5
String|||12|||11|||9|||5
[|||21|||11|||10|||5
]|||21|||11|||11|||5
String|||13|||12|||9|||5
[|||22|||12|||10|||5
]|||22|||12|||11|||5
String|||14|||13|||9|||5
[|||23|||13|||10|||5
]|||23|||13|||11|||5
String|||15|||14|||9|||5
[|||24|||14|||10|||5
]|||24|||14|||11|||5
String|||16|||15|||9|||5
[|||25|||15|||10|||5
]|||25|||15|||11|||5
String|||17|||16|||9|||5
[|||26|||16|||10|||5
]|||26|||16|||11|||5
String|||18|||17|||9|||5
[|||27|||17|||10|||5
]|||27|||17|||11|||5
String|||19|||18|||9|||5
[|||28|||18|||10|||5
]|||28|||18|||11|||5
[|||29|||18|||16|||5
]|||29|||18|||17|||5
String|||20|||19|||9|||5
[|||33|||19|||10|||5
]|||33|||19|||11|||5
[|||34|||19|||16|||5
]|||34|||19|||17|||5
String|||21|||20|||9|||5
[|||37|||20|||10|||5
]|||37|||20|||11|||5
String|||22|||21|||9|||5
[|||38|||21|||10|||5
]|||38|||21|||11|||5
String|||23|||22|||9|||5
[|||39|||22|||10|||5
]|||39|||22|||11|||5
String|||24|||23|||9|||5
[|||40|||23|||10|||5
]|||40|||23|||11|||5
static|||1|||0|||5|||6
static|||2|||1|||5|||6
static|||3|||2|||5|||6
static|||4|||3|||5|||6
static|||5|||4|||5|||6
static|||6|||5|||5|||6
static|||7|||6|||5|||6
static|||8|||7|||5|||6
static|||9|||8|||5|||6
static|||10|||9|||5|||6
static|||11|||10|||5|||6
static|||12|||11|||5|||6
static|||13|||12|||5|||6
static|||14|||13|||5|||6
static|||15|||14|||5|||6
static|||16|||15|||5|||6
static|||17|||16|||5|||6
static|||18|||17|||5|||6
static|||19|||18|||5|||6
static|||20|||19|||5|||6
static|||21|||20|||5|||6
static|||22|||21|||5|||6
static|||23|||22|||5|||6
static|||24|||23|||5|||6
totalElements|||1|||0|||16|||7
counter|||1|||0|||23|||7
counter|||2|||0|||27|||7
totalElements|||2|||0|||29|||7
counter|||3|||0|||31|||7
counter|||4|||0|||41|||7
itemsToRepeat|||1|||1|||16|||7
index|||1|||1|||23|||7
index|||2|||1|||27|||7
itemsToRepeat|||2|||1|||29|||7
index|||3|||1|||31|||7
index|||4|||1|||41|||7
iVal|||1|||2|||16|||7
iVal|||2|||2|||22|||7
iVal|||3|||2|||36|||7
iVal|||4|||2|||39|||7
iterator|||1|||3|||16|||7
iterator|||2|||3|||22|||7
iterator|||3|||3|||33|||7
iterator|||4|||3|||36|||7
currentIdx|||1|||4|||16|||7
maxValue|||1|||4|||21|||7
currentIdx|||2|||4|||27|||7
maxValue|||2|||4|||32|||7
currentIdx|||3|||4|||41|||7
checkIdx|||1|||5|||16|||7
upperLim|||1|||5|||21|||7
checkIdx|||2|||5|||29|||7
upperLim|||2|||5|||31|||7
checkIdx|||3|||5|||44|||7
dataPoints|||1|||6|||18|||7
dataPoints|||2|||6|||26|||7
dataPoints|||3|||6|||31|||7
dataPoints|||4|||6|||47|||7
container|||1|||7|||18|||7
container|||2|||7|||26|||7
container|||3|||7|||42|||7
kVal|||1|||8|||16|||7
kVal|||2|||8|||20|||7
kVal|||3|||8|||24|||7
kVal|||4|||8|||28|||7
kVal|||5|||8|||41|||7
limiter|||1|||9|||16|||7
limiter|||2|||9|||22|||7
limiter|||3|||9|||36|||7
limiter|||4|||9|||39|||7
initialValue|||1|||10|||16|||7
initialValue|||2|||10|||29|||7
identifier|||1|||11|||16|||7
identifier|||2|||11|||29|||7
limit|||1|||12|||16|||7
counterInner|||1|||12|||23|||7
counterInner|||2|||12|||27|||7
limit|||2|||12|||29|||7
counterInner|||3|||12|||31|||7
counterInner|||4|||12|||41|||7
topRange|||1|||13|||16|||7
walker|||1|||13|||23|||7
walker|||2|||13|||27|||7
topRange|||2|||13|||29|||7
walker|||3|||13|||31|||7
walker|||4|||13|||41|||7
loopCount|||1|||14|||16|||7
loopCount|||2|||14|||20|||7
loopCount|||3|||14|||24|||7
loopCount|||4|||14|||28|||7
loopCount|||5|||14|||41|||7
cycleVal|||1|||15|||16|||7
cycleVal|||2|||15|||22|||7
cycleVal|||3|||15|||36|||7
cycleVal|||4|||15|||39|||7
lengthVal|||1|||16|||16|||7
widthVal|||1|||16|||21|||7
lengthVal|||2|||16|||27|||7
widthVal|||2|||16|||29|||7
leftSide|||1|||17|||16|||7
rightSide|||1|||17|||21|||7
leftSide|||2|||17|||27|||7
rightSide|||2|||17|||29|||7
valueSet|||1|||18|||18|||7
valueSet|||2|||18|||32|||7
valueSet|||3|||18|||37|||7
valueSet|||4|||18|||50|||7
numberList|||1|||19|||18|||7
numberList|||2|||19|||32|||7
numberList|||3|||19|||45|||7
indexLoop|||1|||20|||16|||7
indexLoop|||2|||20|||20|||7
indexLoop|||3|||20|||24|||7
indexLoop|||4|||20|||28|||7
indexLoop|||5|||20|||41|||7
countIndex|||1|||21|||16|||7
countIndex|||2|||21|||20|||7
countIndex|||3|||21|||24|||7
countIndex|||4|||21|||28|||7
countIndex|||5|||21|||41|||7
zero|||1|||22|||16|||7
zero|||2|||22|||29|||7
startVal|||1|||23|||16|||7
startVal|||2|||23|||29|||7
=|||1|||0|||17|||8
10|||1|||0|||18|||8
=|||2|||0|||24|||8
0|||1|||0|||25|||8
<|||1|||0|||28|||8
++|||1|||0|||32|||8
=|||3|||1|||17|||8
10|||2|||1|||18|||8
=|||4|||1|||24|||8
0|||2|||1|||25|||8
<|||2|||1|||28|||8
++|||2|||1|||32|||8
=|||5|||2|||17|||8
0|||3|||2|||18|||8
<|||3|||2|||23|||8
10|||3|||2|||24|||8
(|||10|||2|||33|||8
int|||3|||2|||34|||8
)|||9|||2|||35|||8
++|||3|||2|||40|||8
=|||6|||3|||17|||8
0|||4|||3|||18|||8
<|||4|||3|||23|||8
10|||4|||3|||24|||8
++|||4|||3|||37|||8
=|||7|||4|||17|||8
5|||1|||4|||18|||8
=|||8|||4|||22|||8
10|||5|||4|||23|||8
<|||5|||4|||28|||8
(|||16|||4|||29|||8
)|||15|||4|||31|||8
=|||9|||5|||17|||8
5|||2|||5|||18|||8
=|||10|||5|||22|||8
10|||6|||5|||23|||8
!|||1|||5|||27|||8
(|||20|||5|||28|||8
>=|||1|||5|||30|||8
(|||22|||5|||41|||8
int|||6|||5|||42|||8
)|||21|||5|||43|||8
=|||11|||6|||19|||8
new|||1|||6|||20|||8
[|||9|||6|||22|||8
5|||3|||6|||23|||8
]|||9|||6|||24|||8
[|||10|||6|||27|||8
0|||5|||6|||28|||8
]|||10|||6|||29|||8
=|||12|||6|||30|||8
[|||11|||6|||32|||8
0|||6|||6|||33|||8
]|||11|||6|||34|||8
+|||1|||6|||35|||8
(|||24|||6|||36|||8
int|||9|||6|||37|||8
)|||24|||6|||38|||8
100.0f|||1|||6|||39|||8
[|||12|||6|||48|||8
0|||7|||6|||49|||8
]|||12|||6|||50|||8
=|||13|||7|||19|||8
new|||2|||7|||20|||8
[|||15|||7|||22|||8
5|||4|||7|||23|||8
]|||15|||7|||24|||8
[|||16|||7|||27|||8
0|||8|||7|||28|||8
]|||16|||7|||29|||8
+=|||1|||7|||30|||8
(|||27|||7|||31|||8
int|||12|||7|||32|||8
)|||27|||7|||33|||8
100.0f|||2|||7|||34|||8
[|||17|||7|||43|||8
0|||9|||7|||44|||8
]|||17|||7|||45|||8
=|||14|||8|||21|||8
0|||10|||8|||22|||8
<|||6|||8|||25|||8
5|||5|||8|||26|||8
++|||5|||8|||29|||8
(|||32|||8|||38|||8
int|||13|||8|||39|||8
)|||31|||8|||40|||8
=|||15|||9|||17|||8
0|||11|||9|||18|||8
<=|||1|||9|||23|||8
5|||6|||9|||24|||8
(|||36|||9|||33|||8
int|||14|||9|||34|||8
)|||35|||9|||35|||8
++|||6|||9|||40|||8
=|||16|||10|||17|||8
0|||12|||10|||18|||8
(|||39|||10|||26|||8
int|||15|||10|||27|||8
)|||38|||10|||28|||8
=|||17|||11|||17|||8
1|||1|||11|||18|||8
(|||42|||11|||26|||8
int|||16|||11|||27|||8
)|||41|||11|||28|||8
=|||18|||12|||17|||8
10|||7|||12|||18|||8
=|||19|||12|||24|||8
0|||13|||12|||25|||8
<|||7|||12|||28|||8
++|||7|||12|||32|||8
=|||20|||13|||17|||8
10|||8|||13|||18|||8
=|||21|||13|||24|||8
0|||14|||13|||25|||8
<|||8|||13|||28|||8
++|||8|||13|||32|||8
=|||22|||14|||21|||8
0|||15|||14|||22|||8
<|||9|||14|||25|||8
5|||7|||14|||26|||8
++|||9|||14|||29|||8
(|||52|||14|||38|||8
int|||21|||14|||39|||8
)|||51|||14|||40|||8
=|||23|||15|||17|||8
0|||16|||15|||18|||8
<|||10|||15|||23|||8
5|||8|||15|||24|||8
(|||56|||15|||33|||8
int|||22|||15|||34|||8
)|||55|||15|||35|||8
++|||10|||15|||40|||8
=|||24|||16|||17|||8
7|||1|||16|||18|||8
=|||25|||16|||22|||8
10|||9|||16|||23|||8
>|||1|||16|||28|||8
"|||1|||16|||38|||8
x|||1|||16|||39|||8
is|||1|||16|||40|||8
greater|||1|||16|||41|||8
"|||2|||16|||42|||8
=|||26|||17|||17|||8
7|||2|||17|||18|||8
=|||27|||17|||22|||8
10|||10|||17|||23|||8
<=|||2|||17|||28|||8
==|||1|||17|||30|||8
false|||1|||17|||31|||8
"|||3|||17|||40|||8
x|||2|||17|||41|||8
is|||2|||17|||42|||8
greater|||2|||17|||43|||8
"|||4|||17|||44|||8
=|||28|||18|||19|||8
{|||53|||18|||20|||8
1|||2|||18|||21|||8
,|||1|||18|||22|||8
2|||1|||18|||23|||8
,|||2|||18|||24|||8
3|||1|||18|||25|||8
,|||3|||18|||26|||8
4|||1|||18|||27|||8
,|||4|||18|||28|||8
5|||9|||18|||29|||8
}|||51|||18|||30|||8
[|||30|||18|||33|||8
2|||2|||18|||34|||8
]|||30|||18|||35|||8
=|||29|||18|||36|||8
[|||31|||18|||38|||8
2|||3|||18|||39|||8
]|||31|||18|||40|||8
*|||1|||18|||41|||8
2|||4|||18|||42|||8
[|||32|||18|||51|||8
2|||5|||18|||52|||8
]|||32|||18|||53|||8
=|||30|||19|||19|||8
{|||56|||19|||20|||8
1|||3|||19|||21|||8
,|||5|||19|||22|||8
2|||6|||19|||23|||8
,|||6|||19|||24|||8
3|||2|||19|||25|||8
,|||7|||19|||26|||8
4|||2|||19|||27|||8
,|||8|||19|||28|||8
5|||10|||19|||29|||8
}|||54|||19|||30|||8
[|||35|||19|||33|||8
2|||7|||19|||34|||8
]|||35|||19|||35|||8
*=|||1|||19|||36|||8
2|||8|||19|||37|||8
[|||36|||19|||46|||8
2|||9|||19|||47|||8
]|||36|||19|||48|||8
=|||31|||20|||21|||8
1|||4|||20|||22|||8
<|||11|||20|||25|||8
4|||3|||20|||26|||8
++|||11|||20|||29|||8
(|||70|||20|||38|||8
int|||25|||20|||39|||8
)|||69|||20|||40|||8
=|||32|||21|||21|||8
1|||5|||21|||22|||8
<=|||3|||21|||25|||8
4|||4|||21|||26|||8
++|||12|||21|||29|||8
(|||74|||21|||38|||8
int|||26|||21|||39|||8
)|||73|||21|||40|||8
=|||33|||22|||17|||8
0|||17|||22|||18|||8
(|||77|||22|||26|||8
int|||27|||22|||27|||8
)|||76|||22|||28|||8
=|||34|||23|||17|||8
1|||6|||23|||18|||8
(|||80|||23|||26|||8
int|||28|||23|||27|||8
)|||79|||23|||28|||8
protected|||1|||0|||0|||9
class|||1|||0|||1|||9
private|||1|||0|||4|||9
public|||1|||1|||0|||9
class|||2|||1|||1|||9
public|||2|||1|||4|||9
private|||2|||2|||0|||9
class|||3|||2|||1|||9
private|||3|||2|||4|||9
protected|||2|||3|||0|||9
class|||4|||3|||1|||9
protected|||3|||3|||4|||9
public|||3|||4|||0|||9
class|||5|||4|||1|||9
public|||4|||4|||4|||9
private|||4|||5|||0|||9
class|||6|||5|||1|||9
private|||5|||5|||4|||9
protected|||4|||6|||0|||9
class|||7|||6|||1|||9
protected|||5|||6|||4|||9
public|||5|||7|||0|||9
class|||8|||7|||1|||9
public|||6|||7|||4|||9
private|||6|||8|||0|||9
class|||9|||8|||1|||9
private|||7|||8|||4|||9
protected|||6|||9|||0|||9
class|||10|||9|||1|||9
protected|||7|||9|||4|||9
public|||7|||10|||0|||9
class|||11|||10|||1|||9
public|||8|||10|||4|||9
private|||8|||11|||0|||9
class|||12|||11|||1|||9
private|||9|||11|||4|||9
protected|||8|||12|||0|||9
class|||13|||12|||1|||9
protected|||9|||12|||4|||9
public|||9|||13|||0|||9
class|||14|||13|||1|||9
public|||10|||13|||4|||9
private|||10|||14|||0|||9
class|||15|||14|||1|||9
private|||11|||14|||4|||9
protected|||10|||15|||0|||9
class|||16|||15|||1|||9
protected|||11|||15|||4|||9
public|||11|||16|||0|||9
class|||17|||16|||1|||9
public|||12|||16|||4|||9
private|||12|||17|||0|||9
class|||18|||17|||1|||9
private|||13|||17|||4|||9
protected|||12|||18|||0|||9
class|||19|||18|||1|||9
protected|||13|||18|||4|||9
public|||13|||19|||0|||9
class|||20|||19|||1|||9
public|||14|||19|||4|||9
private|||14|||20|||0|||9
class|||21|||20|||1|||9
private|||15|||20|||4|||9
protected|||14|||21|||0|||9
class|||22|||21|||1|||9
protected|||15|||21|||4|||9
public|||15|||22|||0|||9
class|||23|||22|||1|||9
public|||16|||22|||4|||9
private|||16|||23|||0|||9
class|||24|||23|||1|||9
private|||17|||23|||4|||9
