for|||1|||0|||0|||7
<=|||1|||0|||8|||7
++|||1|||0|||12|||7
+|||1|||0|||21|||7
for|||2|||1|||5|||7
<=|||2|||1|||13|||7
++|||2|||1|||17|||7
+=|||1|||1|||20|||7
for|||3|||2|||0|||7
<=|||3|||2|||8|||7
+=|||2|||2|||12|||7
+|||2|||2|||22|||7
for|||4|||3|||0|||7
<=|||4|||3|||8|||7
+=|||3|||3|||12|||7
+|||3|||3|||22|||7
for|||5|||4|||5|||7
<=|||5|||4|||13|||7
++|||3|||4|||17|||7
*=|||1|||4|||20|||7
for|||6|||5|||17|||7
<|||1|||5|||25|||7
length|||1|||5|||28|||7
++|||4|||5|||31|||7
+|||4|||5|||43|||7
for|||7|||6|||0|||7
length|||2|||6|||7|||7
-|||1|||6|||8|||7
>=|||1|||6|||12|||7
--|||1|||6|||16|||7
+|||5|||6|||28|||7
for|||8|||7|||5|||7
<|||2|||7|||13|||7
length|||3|||7|||16|||7
++|||5|||7|||19|||7
+=|||4|||7|||22|||7
for|||9|||8|||11|||7
<|||3|||8|||19|||7
++|||6|||8|||23|||7
+|||6|||8|||33|||7
=|||16|||8|||39|||7
+|||7|||8|||41|||7
=|||17|||8|||45|||7
=|||18|||8|||49|||7
for|||10|||9|||9|||7
>|||1|||9|||13|||7
/=|||1|||9|||17|||7
++|||7|||9|||21|||7
for|||11|||10|||9|||7
>|||2|||10|||13|||7
/=|||2|||10|||17|||7
=|||23|||10|||21|||7
*|||1|||10|||23|||7
+|||8|||10|||25|||7
%|||1|||10|||27|||7
for|||12|||11|||8|||7
<|||4|||11|||16|||7
length|||4|||11|||19|||7
++|||8|||11|||22|||7
>|||3|||11|||30|||7
for|||13|||12|||8|||7
<|||5|||12|||16|||7
length|||5|||12|||19|||7
++|||9|||12|||22|||7
<|||6|||12|||30|||7
for|||14|||13|||9|||7
!=|||1|||13|||15|||7
=|||32|||13|||19|||7
=|||33|||13|||23|||7
%|||2|||13|||25|||7
=|||34|||13|||29|||7
for|||15|||14|||9|||7
<=|||6|||14|||17|||7
/|||1|||14|||19|||7
++|||10|||14|||23|||7
%|||3|||14|||28|||7
==|||1|||14|||30|||7
=|||38|||14|||34|||7
for|||16|||15|||0|||7
<|||7|||15|||10|||7
length|||6|||15|||13|||7
/|||2|||15|||14|||7
++|||11|||15|||18|||7
=|||40|||15|||22|||7
=|||41|||15|||32|||7
length|||7|||15|||37|||7
-|||2|||15|||38|||7
-|||3|||15|||40|||7
length|||8|||15|||48|||7
-|||4|||15|||49|||7
-|||5|||15|||51|||7
=|||42|||15|||54|||7
for|||17|||16|||12|||7
<|||8|||16|||20|||7
++|||12|||16|||28|||7
!=|||2|||16|||45|||7
++|||13|||16|||50|||7
for|||18|||17|||13|||7
>|||4|||17|||17|||7
/=|||3|||17|||21|||7
=|||49|||17|||25|||7
*|||2|||17|||27|||7
+|||9|||17|||29|||7
%|||4|||17|||31|||7
for|||19|||18|||13|||7
<|||9|||18|||21|||7
++|||14|||18|||25|||7
*=|||2|||18|||28|||7
for|||20|||19|||7|||7
<|||10|||19|||15|||7
++|||15|||19|||23|||7
+|||10|||19|||40|||7
for|||21|||20|||0|||7
<|||11|||20|||8|||7
length|||11|||20|||11|||7
-|||7|||20|||12|||7
++|||16|||20|||16|||7
for|||22|||20|||18|||7
<|||12|||20|||26|||7
length|||12|||20|||29|||7
-|||8|||20|||30|||7
-|||9|||20|||32|||7
++|||17|||20|||36|||7
>|||5|||20|||44|||7
+|||11|||20|||48|||7
=|||59|||20|||65|||7
+|||12|||20|||69|||7
+|||13|||20|||76|||7
=|||60|||20|||79|||7
for|||23|||21|||0|||7
<|||13|||21|||8|||7
length|||13|||21|||11|||7
-|||10|||21|||12|||7
++|||18|||21|||16|||7
for|||24|||21|||24|||7
+|||14|||21|||30|||7
<|||14|||21|||34|||7
length|||14|||21|||37|||7
++|||19|||21|||40|||7
<|||15|||21|||48|||7
=|||66|||21|||70|||7
=|||67|||21|||80|||7
for|||25|||22|||0|||7
<|||16|||22|||8|||7
length|||15|||22|||11|||7
++|||20|||22|||14|||7
-|||11|||22|||28|||7
while|||1|||22|||31|||7
>=|||2|||22|||34|||7
&&|||1|||22|||36|||7
>|||6|||22|||41|||7
+|||15|||22|||47|||7
=|||71|||22|||50|||7
--|||2|||22|||54|||7
+|||16|||22|||60|||7
=|||72|||22|||63|||7
for|||26|||23|||0|||7
<|||17|||23|||8|||7
++|||21|||23|||12|||7
for|||27|||23|||20|||7
<=|||7|||23|||28|||7
++|||22|||23|||32|||7
+|||17|||23|||42|||7
=|||76|||23|||48|||7
*|||3|||23|||50|||7
-|||12|||23|||53|||7
/|||3|||23|||56|||7
+|||18|||23|||59|||7
for|||28|||24|||17|||7
<|||18|||24|||25|||7
++|||23|||24|||29|||7
*=|||3|||24|||33|||7
-|||13|||24|||36|||7
*=|||4|||24|||41|||7
+|||19|||24|||44|||7
/|||4|||24|||56|||7
for|||29|||25|||9|||7
>|||7|||25|||13|||7
/=|||4|||25|||17|||7
+=|||5|||25|||21|||7
%|||5|||25|||23|||7
for|||30|||26|||14|||7
<|||19|||26|||22|||7
++|||24|||26|||30|||7
==|||2|||26|||40|||7
++|||25|||26|||45|||7
for|||31|||27|||7|||7
<|||20|||27|||15|||7
++|||26|||27|||23|||7
-|||14|||27|||41|||7
for|||32|||28|||0|||7
<=|||8|||28|||8|||7
++|||27|||28|||12|||7
for|||33|||28|||20|||7
<=|||9|||28|||28|||7
/|||5|||28|||30|||7
++|||28|||28|||34|||7
%|||6|||28|||39|||7
==|||3|||28|||41|||7
=|||92|||28|||45|||7
==|||4|||28|||51|||7
+|||20|||28|||61|||7
>|||8|||29|||13|||7
for|||34|||29|||21|||7
%|||7|||29|||25|||7
!=|||3|||29|||27|||7
|||||1|||29|||29|||7
%|||8|||29|||31|||7
!=|||4|||29|||33|||7
++|||29|||29|||37|||7
while|||2|||30|||5|||7
<=|||10|||30|||8|||7
+|||21|||30|||19|||7
++|||30|||30|||25|||7
while|||3|||31|||9|||7
<=|||11|||31|||12|||7
+=|||6|||31|||17|||7
++|||31|||31|||21|||7
while|||4|||32|||5|||7
<=|||12|||32|||8|||7
+|||22|||32|||19|||7
+=|||7|||32|||25|||7
while|||5|||33|||5|||7
<=|||13|||33|||8|||7
+|||23|||33|||19|||7
+=|||8|||33|||25|||7
while|||6|||34|||9|||7
<=|||14|||34|||12|||7
*=|||5|||34|||17|||7
++|||32|||34|||21|||7
while|||7|||35|||22|||7
<|||21|||35|||25|||7
length|||18|||35|||28|||7
+|||24|||35|||41|||7
++|||33|||35|||47|||7
length|||19|||36|||5|||7
-|||15|||36|||6|||7
while|||8|||36|||9|||7
>=|||3|||36|||12|||7
+|||25|||36|||26|||7
--|||3|||36|||32|||7
while|||9|||37|||9|||7
<|||22|||37|||12|||7
length|||20|||37|||15|||7
+=|||9|||37|||19|||7
++|||34|||37|||26|||7
while|||10|||38|||15|||7
<|||23|||38|||18|||7
+|||26|||38|||29|||7
=|||111|||38|||35|||7
+|||27|||38|||37|||7
=|||112|||38|||41|||7
=|||113|||38|||45|||7
++|||35|||38|||49|||7
while|||11|||39|||9|||7
>|||9|||39|||12|||7
++|||36|||39|||17|||7
/=|||5|||39|||20|||7
while|||12|||40|||9|||7
>|||10|||40|||12|||7
=|||118|||40|||17|||7
*|||4|||40|||19|||7
+|||28|||40|||21|||7
%|||9|||40|||23|||7
/=|||6|||40|||27|||7
while|||13|||41|||12|||7
<|||24|||41|||15|||7
length|||21|||41|||18|||7
>|||11|||41|||27|||7
++|||37|||41|||38|||7
while|||14|||42|||12|||7
<|||25|||42|||15|||7
length|||22|||42|||18|||7
<|||26|||42|||27|||7
++|||38|||42|||38|||7
while|||15|||43|||11|||7
!=|||5|||43|||14|||7
=|||127|||43|||19|||7
=|||128|||43|||23|||7
%|||10|||43|||25|||7
=|||129|||43|||29|||7
while|||16|||44|||13|||7
<=|||15|||44|||16|||7
/|||6|||44|||18|||7
%|||11|||44|||25|||7
==|||5|||44|||27|||7
=|||133|||44|||31|||7
++|||39|||44|||35|||7
while|||17|||45|||7|||7
<|||27|||45|||10|||7
length|||23|||45|||13|||7
/|||7|||45|||14|||7
=|||135|||45|||19|||7
=|||136|||45|||29|||7
length|||24|||45|||34|||7
-|||16|||45|||35|||7
-|||17|||45|||37|||7
length|||25|||45|||45|||7
-|||18|||45|||46|||7
-|||19|||45|||48|||7
=|||137|||45|||51|||7
++|||40|||45|||55|||7
while|||18|||46|||16|||7
<|||28|||46|||19|||7
!=|||6|||46|||42|||7
++|||41|||46|||47|||7
++|||42|||46|||50|||7
while|||19|||47|||13|||7
>|||12|||47|||16|||7
=|||144|||47|||21|||7
*|||5|||47|||23|||7
+|||29|||47|||25|||7
%|||12|||47|||27|||7
/=|||7|||47|||31|||7
while|||20|||48|||17|||7
<|||29|||48|||20|||7
*=|||6|||48|||25|||7
++|||43|||48|||29|||7
while|||21|||49|||12|||7
<|||30|||49|||15|||7
+|||30|||49|||38|||7
++|||44|||49|||44|||7
while|||22|||50|||5|||7
<|||31|||50|||8|||7
length|||28|||50|||11|||7
-|||21|||50|||12|||7
while|||23|||50|||21|||7
<|||32|||50|||24|||7
length|||29|||50|||27|||7
-|||22|||50|||28|||7
-|||23|||50|||30|||7
>|||13|||50|||40|||7
+|||31|||50|||44|||7
=|||154|||50|||61|||7
+|||32|||50|||65|||7
+|||33|||50|||72|||7
=|||155|||50|||75|||7
++|||45|||50|||80|||7
++|||46|||50|||84|||7
while|||24|||51|||5|||7
<|||33|||51|||8|||7
length|||30|||51|||11|||7
-|||24|||51|||12|||7
+|||34|||51|||24|||7
while|||25|||51|||27|||7
<|||34|||51|||30|||7
length|||31|||51|||33|||7
<|||35|||51|||42|||7
++|||47|||51|||53|||7
=|||161|||51|||68|||7
=|||162|||51|||78|||7
++|||48|||51|||82|||7
while|||26|||52|||5|||7
<|||36|||52|||8|||7
length|||32|||52|||11|||7
-|||25|||52|||25|||7
while|||27|||52|||28|||7
>=|||4|||52|||31|||7
&&|||2|||52|||33|||7
>|||14|||52|||38|||7
+|||35|||52|||45|||7
=|||166|||52|||48|||7
--|||4|||52|||55|||7
+|||36|||52|||61|||7
=|||167|||52|||64|||7
++|||49|||52|||68|||7
while|||28|||53|||5|||7
<|||37|||53|||8|||7
while|||29|||53|||21|||7
<=|||16|||53|||24|||7
+|||37|||53|||35|||7
=|||171|||53|||41|||7
*|||6|||53|||43|||7
-|||26|||53|||46|||7
/|||8|||53|||49|||7
+|||38|||53|||52|||7
++|||50|||53|||57|||7
++|||51|||53|||69|||7
while|||30|||54|||21|||7
<|||38|||54|||24|||7
*=|||7|||54|||29|||7
-|||27|||54|||32|||7
*=|||8|||54|||37|||7
+|||39|||54|||40|||7
++|||52|||54|||45|||7
/|||9|||54|||55|||7
while|||31|||55|||9|||7
>|||15|||55|||12|||7
+=|||10|||55|||17|||7
%|||13|||55|||19|||7
/=|||8|||55|||23|||7
while|||32|||56|||18|||7
<|||39|||56|||21|||7
==|||6|||56|||37|||7
++|||53|||56|||42|||7
++|||54|||56|||45|||7
while|||33|||57|||12|||7
<|||40|||57|||15|||7
-|||28|||57|||39|||7
++|||55|||57|||45|||7
while|||34|||58|||5|||7
<=|||17|||58|||8|||7
while|||35|||58|||21|||7
<=|||18|||58|||24|||7
/|||10|||58|||26|||7
%|||14|||58|||33|||7
==|||7|||58|||35|||7
=|||187|||58|||39|||7
++|||56|||58|||43|||7
==|||8|||58|||49|||7
+|||40|||58|||59|||7
++|||57|||58|||65|||7
>|||16|||59|||13|||7
while|||36|||59|||21|||7
%|||15|||59|||24|||7
!=|||7|||59|||26|||7
|||||2|||59|||28|||7
%|||16|||59|||30|||7
!=|||8|||59|||32|||7
++|||58|||59|||36|||7
(|||1|||0|||1|||4
;|||1|||0|||6|||4
;|||2|||0|||10|||4
.|||1|||0|||15|||4
(|||2|||0|||19|||4
(|||3|||1|||6|||4
;|||5|||1|||11|||4
;|||6|||1|||15|||4
(|||4|||2|||1|||4
;|||8|||2|||6|||4
;|||9|||2|||10|||4
.|||3|||2|||16|||4
(|||5|||2|||20|||4
(|||6|||3|||1|||4
;|||11|||3|||6|||4
;|||12|||3|||10|||4
.|||5|||3|||16|||4
(|||7|||3|||20|||4
(|||8|||4|||6|||4
;|||15|||4|||11|||4
;|||16|||4|||15|||4
(|||9|||5|||18|||4
;|||19|||5|||23|||4
.|||7|||5|||27|||4
;|||20|||5|||29|||4
.|||8|||5|||34|||4
(|||10|||5|||38|||4
[|||2|||5|||40|||4
]|||2|||5|||42|||4
(|||11|||6|||1|||4
.|||10|||6|||6|||4
;|||22|||6|||10|||4
;|||23|||6|||14|||4
.|||11|||6|||19|||4
(|||12|||6|||23|||4
[|||3|||6|||25|||4
]|||3|||6|||27|||4
(|||13|||7|||6|||4
;|||26|||7|||11|||4
.|||13|||7|||15|||4
;|||27|||7|||17|||4
[|||4|||7|||24|||4
]|||4|||7|||26|||4
(|||14|||8|||12|||4
;|||30|||8|||17|||4
;|||31|||8|||21|||4
.|||14|||8|||27|||4
(|||15|||8|||31|||4
(|||16|||9|||10|||4
;|||37|||9|||11|||4
;|||38|||9|||15|||4
(|||17|||10|||10|||4
;|||41|||10|||11|||4
;|||42|||10|||15|||4
[|||5|||11|||4|||4
]|||5|||11|||6|||4
(|||18|||11|||9|||4
;|||45|||11|||14|||4
.|||16|||11|||18|||4
;|||46|||11|||20|||4
(|||19|||11|||25|||4
[|||6|||11|||27|||4
]|||6|||11|||29|||4
[|||7|||11|||36|||4
]|||7|||11|||38|||4
[|||8|||12|||4|||4
]|||8|||12|||6|||4
(|||20|||12|||9|||4
;|||49|||12|||14|||4
.|||17|||12|||18|||4
;|||50|||12|||20|||4
(|||21|||12|||25|||4
[|||9|||12|||27|||4
]|||9|||12|||29|||4
[|||10|||12|||36|||4
]|||10|||12|||38|||4
(|||22|||13|||10|||4
;|||53|||13|||13|||4
;|||54|||13|||17|||4
(|||23|||14|||10|||4
;|||57|||14|||15|||4
;|||58|||14|||21|||4
(|||24|||14|||26|||4
(|||25|||15|||1|||4
;|||60|||15|||8|||4
.|||18|||15|||12|||4
;|||61|||15|||16|||4
[|||11|||15|||24|||4
]|||11|||15|||26|||4
[|||12|||15|||29|||4
]|||12|||15|||31|||4
[|||13|||15|||34|||4
.|||19|||15|||36|||4
]|||13|||15|||42|||4
[|||14|||15|||45|||4
.|||20|||15|||47|||4
]|||14|||15|||53|||4
(|||26|||16|||13|||4
;|||67|||16|||18|||4
str|||2|||16|||21|||4
.|||21|||16|||22|||4
length|||9|||16|||23|||4
(|||27|||16|||24|||4
;|||68|||16|||26|||4
(|||28|||16|||31|||4
.|||22|||16|||35|||4
indexOf|||1|||16|||36|||4
(|||29|||16|||37|||4
str|||3|||16|||38|||4
.|||23|||16|||39|||4
charAt|||1|||16|||40|||4
(|||30|||16|||41|||4
(|||31|||17|||14|||4
;|||71|||17|||15|||4
;|||72|||17|||19|||4
(|||32|||18|||14|||4
;|||75|||18|||19|||4
;|||76|||18|||23|||4
(|||33|||19|||8|||4
;|||79|||19|||13|||4
s|||2|||19|||16|||4
.|||24|||19|||17|||4
length|||10|||19|||18|||4
(|||34|||19|||19|||4
;|||80|||19|||21|||4
.|||25|||19|||26|||4
(|||35|||19|||30|||4
(|||36|||19|||31|||4
s|||3|||19|||34|||4
.|||27|||19|||35|||4
charAt|||2|||19|||36|||4
(|||37|||19|||37|||4
(|||38|||20|||1|||4
;|||82|||20|||6|||4
.|||28|||20|||10|||4
;|||83|||20|||14|||4
(|||39|||20|||19|||4
;|||84|||20|||24|||4
.|||29|||20|||28|||4
;|||85|||20|||34|||4
(|||40|||20|||39|||4
[|||15|||20|||41|||4
]|||15|||20|||43|||4
[|||16|||20|||46|||4
]|||16|||20|||50|||4
[|||17|||20|||57|||4
]|||17|||20|||59|||4
[|||18|||20|||62|||4
]|||18|||20|||64|||4
[|||19|||20|||67|||4
]|||19|||20|||71|||4
[|||20|||20|||74|||4
]|||20|||20|||78|||4
(|||41|||21|||1|||4
;|||89|||21|||6|||4
.|||30|||21|||10|||4
;|||90|||21|||14|||4
(|||42|||21|||25|||4
;|||92|||21|||32|||4
.|||31|||21|||36|||4
;|||93|||21|||38|||4
(|||43|||21|||43|||4
[|||21|||21|||45|||4
]|||21|||21|||47|||4
[|||22|||21|||50|||4
]|||22|||21|||52|||4
[|||23|||21|||62|||4
]|||23|||21|||64|||4
[|||24|||21|||67|||4
]|||24|||21|||69|||4
[|||25|||21|||72|||4
]|||25|||21|||74|||4
[|||26|||21|||77|||4
]|||26|||21|||79|||4
(|||44|||22|||1|||4
;|||98|||22|||6|||4
.|||32|||22|||10|||4
;|||99|||22|||12|||4
[|||27|||22|||21|||4
]|||27|||22|||23|||4
(|||45|||22|||32|||4
[|||28|||22|||38|||4
]|||28|||22|||40|||4
[|||29|||22|||45|||4
]|||29|||22|||49|||4
[|||30|||22|||52|||4
]|||30|||22|||55|||4
[|||31|||22|||58|||4
]|||31|||22|||62|||4
(|||46|||23|||1|||4
;|||103|||23|||6|||4
;|||104|||23|||10|||4
(|||47|||23|||21|||4
;|||106|||23|||26|||4
;|||107|||23|||30|||4
.|||33|||23|||36|||4
(|||48|||23|||40|||4
(|||49|||23|||51|||4
(|||50|||23|||57|||4
.|||35|||23|||65|||4
(|||51|||23|||69|||4
(|||52|||24|||18|||4
;|||112|||24|||23|||4
;|||113|||24|||27|||4
(|||53|||24|||34|||4
(|||54|||24|||42|||4
.|||37|||24|||50|||4
(|||55|||24|||54|||4
(|||56|||25|||10|||4
;|||118|||25|||11|||4
;|||119|||25|||15|||4
(|||57|||26|||15|||4
;|||123|||26|||20|||4
str|||5|||26|||23|||4
.|||39|||26|||24|||4
length|||16|||26|||25|||4
(|||58|||26|||26|||4
;|||124|||26|||28|||4
(|||59|||26|||33|||4
str|||6|||26|||34|||4
.|||40|||26|||35|||4
charAt|||3|||26|||36|||4
(|||60|||26|||37|||4
(|||61|||27|||8|||4
;|||127|||27|||13|||4
str|||8|||27|||16|||4
.|||41|||27|||17|||4
length|||17|||27|||18|||4
(|||62|||27|||19|||4
;|||128|||27|||21|||4
.|||42|||27|||26|||4
(|||63|||27|||30|||4
(|||64|||27|||31|||4
(|||65|||27|||34|||4
str|||9|||27|||35|||4
.|||44|||27|||36|||4
charAt|||4|||27|||37|||4
(|||66|||27|||38|||4
(|||67|||28|||1|||4
;|||130|||28|||6|||4
;|||131|||28|||10|||4
(|||68|||28|||21|||4
;|||133|||28|||26|||4
;|||134|||28|||32|||4
(|||69|||28|||37|||4
(|||70|||28|||49|||4
.|||45|||28|||55|||4
(|||71|||28|||59|||4
(|||72|||29|||11|||4
(|||73|||29|||22|||4
;|||138|||29|||23|||4
;|||139|||29|||35|||4
.|||47|||29|||41|||4
(|||74|||29|||45|||4
(|||75|||30|||6|||4
.|||49|||30|||13|||4
(|||76|||30|||17|||4
(|||77|||31|||10|||4
(|||78|||32|||6|||4
.|||51|||32|||13|||4
(|||79|||32|||17|||4
(|||80|||33|||6|||4
.|||53|||33|||13|||4
(|||81|||33|||17|||4
(|||82|||34|||10|||4
(|||83|||35|||23|||4
.|||55|||35|||27|||4
.|||56|||35|||32|||4
(|||84|||35|||36|||4
[|||33|||35|||38|||4
]|||33|||35|||40|||4
.|||58|||36|||4|||4
(|||85|||36|||10|||4
.|||59|||36|||17|||4
(|||86|||36|||21|||4
[|||34|||36|||23|||4
]|||34|||36|||25|||4
(|||87|||37|||10|||4
.|||61|||37|||14|||4
[|||35|||37|||21|||4
]|||35|||37|||23|||4
(|||88|||38|||16|||4
.|||62|||38|||23|||4
(|||89|||38|||27|||4
(|||90|||39|||10|||4
(|||91|||40|||10|||4
[|||36|||41|||4|||4
]|||36|||41|||6|||4
(|||92|||41|||13|||4
.|||64|||41|||17|||4
(|||93|||41|||22|||4
[|||37|||41|||24|||4
]|||37|||41|||26|||4
[|||38|||41|||33|||4
]|||38|||41|||35|||4
[|||39|||42|||4|||4
]|||39|||42|||6|||4
(|||94|||42|||13|||4
.|||65|||42|||17|||4
(|||95|||42|||22|||4
[|||40|||42|||24|||4
]|||40|||42|||26|||4
[|||41|||42|||33|||4
]|||41|||42|||35|||4
(|||96|||43|||12|||4
(|||97|||44|||14|||4
(|||98|||44|||23|||4
(|||99|||45|||8|||4
.|||66|||45|||12|||4
[|||42|||45|||21|||4
]|||42|||45|||23|||4
[|||43|||45|||26|||4
]|||43|||45|||28|||4
[|||44|||45|||31|||4
.|||67|||45|||33|||4
]|||44|||45|||39|||4
[|||45|||45|||42|||4
.|||68|||45|||44|||4
]|||45|||45|||50|||4
(|||100|||46|||17|||4
str|||11|||46|||20|||4
.|||69|||46|||21|||4
length|||26|||46|||22|||4
(|||101|||46|||23|||4
(|||102|||46|||28|||4
.|||70|||46|||32|||4
indexOf|||2|||46|||33|||4
(|||103|||46|||34|||4
str|||12|||46|||35|||4
.|||71|||46|||36|||4
charAt|||5|||46|||37|||4
(|||104|||46|||38|||4
(|||105|||47|||14|||4
(|||106|||48|||18|||4
(|||107|||49|||13|||4
s|||5|||49|||16|||4
.|||72|||49|||17|||4
length|||27|||49|||18|||4
(|||108|||49|||19|||4
.|||73|||49|||24|||4
(|||109|||49|||28|||4
(|||110|||49|||29|||4
s|||6|||49|||32|||4
.|||75|||49|||33|||4
charAt|||6|||49|||34|||4
(|||111|||49|||35|||4
(|||112|||50|||6|||4
.|||76|||50|||10|||4
(|||113|||50|||22|||4
.|||77|||50|||26|||4
(|||114|||50|||35|||4
[|||46|||50|||37|||4
]|||46|||50|||39|||4
[|||47|||50|||42|||4
]|||47|||50|||46|||4
[|||48|||50|||53|||4
]|||48|||50|||55|||4
[|||49|||50|||58|||4
]|||49|||50|||60|||4
[|||50|||50|||63|||4
]|||50|||50|||67|||4
[|||51|||50|||70|||4
]|||51|||50|||74|||4
(|||115|||51|||6|||4
.|||78|||51|||10|||4
(|||116|||51|||28|||4
.|||79|||51|||32|||4
(|||117|||51|||37|||4
[|||52|||51|||39|||4
]|||52|||51|||41|||4
[|||53|||51|||44|||4
]|||53|||51|||46|||4
[|||54|||51|||60|||4
]|||54|||51|||62|||4
[|||55|||51|||65|||4
]|||55|||51|||67|||4
[|||56|||51|||70|||4
]|||56|||51|||72|||4
[|||57|||51|||75|||4
]|||57|||51|||77|||4
(|||118|||52|||6|||4
.|||80|||52|||10|||4
[|||58|||52|||18|||4
]|||58|||52|||20|||4
(|||119|||52|||29|||4
[|||59|||52|||35|||4
]|||59|||52|||37|||4
[|||60|||52|||43|||4
]|||60|||52|||47|||4
[|||61|||52|||50|||4
]|||61|||52|||52|||4
[|||62|||52|||59|||4
]|||62|||52|||63|||4
(|||120|||53|||6|||4
(|||121|||53|||22|||4
.|||81|||53|||29|||4
(|||122|||53|||33|||4
(|||123|||53|||44|||4
(|||124|||53|||50|||4
.|||83|||53|||61|||4
(|||125|||53|||65|||4
(|||126|||54|||22|||4
(|||127|||54|||30|||4
(|||128|||54|||38|||4
.|||85|||54|||49|||4
(|||129|||54|||53|||4
(|||130|||55|||10|||4
(|||131|||56|||19|||4
str|||14|||56|||22|||4
.|||87|||56|||23|||4
length|||33|||56|||24|||4
(|||132|||56|||25|||4
(|||133|||56|||30|||4
str|||15|||56|||31|||4
.|||88|||56|||32|||4
charAt|||7|||56|||33|||4
(|||134|||56|||34|||4
(|||135|||57|||13|||4
str|||17|||57|||16|||4
.|||89|||57|||17|||4
length|||34|||57|||18|||4
(|||136|||57|||19|||4
.|||90|||57|||24|||4
(|||137|||57|||28|||4
(|||138|||57|||29|||4
(|||139|||57|||32|||4
str|||18|||57|||33|||4
.|||92|||57|||34|||4
charAt|||8|||57|||35|||4
(|||140|||57|||36|||4
(|||141|||58|||6|||4
(|||142|||58|||22|||4
(|||143|||58|||31|||4
(|||144|||58|||47|||4
.|||93|||58|||53|||4
(|||145|||58|||57|||4
(|||146|||59|||11|||4
(|||147|||59|||22|||4
.|||95|||59|||39|||4
(|||148|||59|||43|||4
int|||1|||0|||2|||9
int|||2|||1|||0|||9
int|||3|||1|||7|||9
int|||4|||2|||2|||9
int|||5|||3|||2|||9
int|||6|||4|||0|||9
int|||7|||4|||7|||9
int|||8|||5|||0|||9
int|||9|||5|||19|||9
int|||10|||6|||2|||9
int|||11|||7|||0|||9
int|||12|||7|||7|||9
int|||13|||8|||0|||9
,|||5|||8|||4|||9
,|||6|||8|||8|||9
int|||14|||8|||13|||9
int|||15|||9|||0|||9
,|||7|||9|||4|||9
int|||16|||10|||0|||9
,|||8|||10|||4|||9
int|||17|||11|||0|||9
int|||18|||11|||10|||9
int|||19|||12|||0|||9
int|||20|||12|||10|||9
int|||21|||13|||0|||9
,|||9|||13|||4|||9
int|||22|||13|||11|||9
,|||10|||13|||21|||9
,|||11|||13|||27|||9
)|||22|||13|||31|||9
int|||23|||14|||0|||9
,|||12|||14|||4|||9
int|||24|||14|||11|||9
int|||25|||15|||2|||9
,|||13|||15|||6|||9
int|||26|||16|||7|||9
int|||27|||16|||14|||9
int|||28|||17|||0|||9
,|||14|||17|||4|||9
,|||15|||17|||8|||9
int|||29|||18|||0|||9
,|||16|||18|||4|||9
,|||17|||18|||8|||9
int|||30|||18|||15|||9
int|||31|||19|||9|||9
int|||32|||19|||32|||9
int|||33|||20|||2|||9
int|||34|||20|||20|||9
int|||35|||20|||53|||9
int|||36|||21|||2|||9
int|||37|||21|||19|||9
int|||38|||21|||26|||9
int|||39|||21|||58|||9
int|||40|||22|||2|||9
int|||41|||22|||17|||9
,|||18|||22|||24|||9
int|||42|||23|||2|||9
int|||43|||23|||15|||9
int|||44|||23|||22|||9
int|||45|||24|||0|||9
,|||19|||24|||4|||9
,|||20|||24|||8|||9
,|||21|||24|||12|||9
int|||46|||24|||19|||9
int|||47|||25|||0|||9
,|||22|||25|||4|||9
int|||48|||26|||9|||9
int|||49|||26|||16|||9
int|||50|||27|||9|||9
int|||51|||28|||2|||9
int|||52|||28|||15|||9
int|||53|||28|||22|||9
int|||54|||29|||0|||9
,|||23|||29|||4|||9
,|||24|||29|||8|||9
int|||55|||30|||0|||9
int|||56|||31|||0|||9
,|||25|||31|||4|||9
int|||57|||32|||0|||9
int|||58|||33|||0|||9
int|||59|||34|||0|||9
,|||26|||34|||4|||9
int|||60|||35|||0|||9
int|||61|||35|||17|||9
int|||62|||36|||0|||9
int|||63|||37|||0|||9
,|||31|||37|||4|||9
int|||64|||38|||0|||9
,|||32|||38|||4|||9
,|||33|||38|||8|||9
,|||34|||38|||10|||9
int|||65|||39|||0|||9
,|||35|||39|||4|||9
int|||66|||40|||0|||9
,|||36|||40|||4|||9
int|||67|||41|||0|||9
,|||37|||41|||7|||9
int|||68|||42|||0|||9
,|||38|||42|||7|||9
int|||69|||43|||0|||9
,|||39|||43|||4|||9
,|||40|||43|||8|||9
int|||70|||44|||0|||9
,|||41|||44|||4|||9
,|||42|||44|||8|||9
int|||71|||45|||0|||9
,|||43|||45|||4|||9
int|||72|||46|||7|||9
,|||44|||46|||11|||9
int|||73|||47|||0|||9
,|||45|||47|||4|||9
,|||46|||47|||8|||9
int|||74|||48|||0|||9
,|||47|||48|||4|||9
,|||48|||48|||8|||9
,|||49|||48|||12|||9
int|||75|||49|||7|||9
int|||76|||49|||30|||9
int|||77|||50|||0|||9
int|||78|||50|||16|||9
int|||79|||50|||49|||9
int|||80|||51|||0|||9
int|||81|||51|||16|||9
,|||50|||51|||20|||9
int|||82|||51|||56|||9
int|||83|||52|||0|||9
int|||84|||52|||14|||9
,|||51|||52|||21|||9
int|||85|||53|||0|||9
int|||86|||53|||12|||9
,|||52|||53|||16|||9
int|||87|||54|||0|||9
,|||53|||54|||4|||9
,|||54|||54|||8|||9
,|||55|||54|||12|||9
,|||56|||54|||16|||9
int|||88|||55|||0|||9
,|||57|||55|||4|||9
int|||89|||56|||9|||9
,|||58|||56|||13|||9
int|||90|||57|||7|||9
int|||91|||58|||0|||9
int|||92|||58|||12|||9
,|||59|||58|||16|||9
int|||93|||59|||0|||9
,|||60|||59|||4|||9
,|||61|||59|||8|||9
i|||1|||0|||3|||5
i|||2|||0|||7|||5
i|||3|||0|||11|||5
i|||4|||0|||20|||5
i|||5|||1|||8|||5
i|||6|||1|||12|||5
i|||7|||1|||16|||5
i|||8|||1|||21|||5
i|||9|||2|||3|||5
i|||10|||2|||7|||5
i|||11|||2|||11|||5
i|||12|||2|||21|||5
i|||13|||3|||3|||5
i|||14|||3|||7|||5
i|||15|||3|||11|||5
i|||16|||3|||21|||5
i|||17|||4|||8|||5
i|||18|||4|||12|||5
i|||19|||4|||16|||5
i|||20|||4|||21|||5
i|||21|||5|||20|||5
i|||22|||5|||24|||5
i|||23|||5|||30|||5
i|||24|||5|||41|||5
i|||25|||6|||3|||5
i|||26|||6|||11|||5
i|||27|||6|||15|||5
i|||28|||6|||26|||5
i|||29|||7|||8|||5
i|||30|||7|||12|||5
i|||31|||7|||18|||5
i|||32|||7|||25|||5
i|||33|||8|||14|||5
i|||34|||8|||18|||5
i|||35|||8|||22|||5
i|||36|||11|||11|||5
i|||37|||11|||15|||5
i|||38|||11|||21|||5
i|||39|||11|||28|||5
i|||40|||11|||37|||5
i|||41|||12|||11|||5
i|||42|||12|||15|||5
i|||43|||12|||21|||5
i|||44|||12|||28|||5
i|||45|||12|||37|||5
i|||46|||14|||12|||5
i|||47|||14|||16|||5
i|||48|||14|||22|||5
i|||49|||14|||29|||5
i|||50|||15|||3|||5
i|||51|||15|||9|||5
i|||52|||15|||17|||5
i|||53|||15|||25|||5
i|||54|||15|||30|||5
i|||55|||15|||39|||5
i|||56|||15|||50|||5
i|||57|||16|||15|||5
i|||58|||16|||19|||5
i|||59|||16|||27|||5
i|||60|||16|||42|||5
i|||61|||18|||16|||5
i|||62|||18|||20|||5
i|||63|||18|||24|||5
i|||64|||19|||10|||5
i|||65|||19|||14|||5
i|||66|||19|||22|||5
i|||67|||19|||38|||5
i|||68|||20|||3|||5
i|||69|||20|||7|||5
i|||70|||20|||15|||5
i|||71|||20|||31|||5
i|||72|||21|||3|||5
i|||73|||21|||7|||5
i|||74|||21|||15|||5
i|||75|||21|||22|||5
i|||76|||21|||29|||5
i|||77|||21|||63|||5
i|||78|||21|||68|||5
i|||79|||22|||3|||5
i|||80|||22|||7|||5
i|||81|||22|||13|||5
i|||82|||22|||22|||5
i|||83|||22|||27|||5
i|||84|||23|||3|||5
i|||85|||23|||7|||5
i|||86|||23|||11|||5
i|||87|||23|||29|||5
i|||88|||23|||52|||5
i|||89|||24|||20|||5
i|||90|||24|||24|||5
i|||91|||24|||28|||5
i|||92|||24|||37|||5
i|||93|||24|||43|||5
i|||94|||26|||17|||5
i|||95|||26|||21|||5
i|||96|||26|||29|||5
i|||97|||26|||38|||5
i|||98|||27|||10|||5
i|||99|||27|||14|||5
i|||100|||27|||22|||5
i|||101|||27|||39|||5
i|||102|||28|||3|||5
i|||103|||28|||7|||5
i|||104|||28|||11|||5
i|||105|||28|||29|||5
i|||106|||28|||38|||5
i|||107|||28|||60|||5
i|||108|||30|||1|||5
i|||109|||30|||7|||5
i|||110|||30|||18|||5
i|||111|||30|||24|||5
i|||112|||31|||5|||5
i|||113|||31|||11|||5
i|||114|||31|||18|||5
i|||115|||31|||20|||5
i|||116|||32|||1|||5
i|||117|||32|||7|||5
i|||118|||32|||18|||5
i|||119|||32|||24|||5
i|||120|||33|||1|||5
i|||121|||33|||7|||5
i|||122|||33|||18|||5
i|||123|||33|||24|||5
i|||124|||34|||5|||5
i|||125|||34|||11|||5
i|||126|||34|||18|||5
i|||127|||34|||20|||5
i|||128|||35|||18|||5
i|||129|||35|||24|||5
i|||130|||35|||39|||5
i|||131|||35|||46|||5
i|||132|||36|||1|||5
i|||133|||36|||11|||5
i|||134|||36|||24|||5
i|||135|||36|||31|||5
i|||136|||37|||5|||5
i|||137|||37|||11|||5
i|||138|||37|||22|||5
i|||139|||37|||25|||5
i|||140|||38|||11|||5
i|||141|||38|||17|||5
i|||142|||38|||48|||5
i|||143|||41|||8|||5
i|||144|||41|||14|||5
i|||145|||41|||25|||5
i|||146|||41|||34|||5
i|||147|||41|||37|||5
i|||148|||42|||8|||5
i|||149|||42|||14|||5
i|||150|||42|||25|||5
i|||151|||42|||34|||5
i|||152|||42|||37|||5
i|||153|||44|||9|||5
i|||154|||44|||15|||5
i|||155|||44|||26|||5
i|||156|||44|||34|||5
i|||157|||45|||1|||5
i|||158|||45|||9|||5
i|||159|||45|||22|||5
i|||160|||45|||27|||5
i|||161|||45|||36|||5
i|||162|||45|||47|||5
i|||163|||45|||54|||5
i|||164|||46|||12|||5
i|||165|||46|||18|||5
i|||166|||46|||39|||5
i|||167|||46|||49|||5
i|||168|||48|||13|||5
i|||169|||48|||19|||5
i|||170|||48|||28|||5
i|||171|||49|||8|||5
i|||172|||49|||14|||5
i|||173|||49|||36|||5
i|||174|||49|||43|||5
i|||175|||50|||1|||5
i|||176|||50|||7|||5
i|||177|||50|||29|||5
i|||178|||50|||83|||5
i|||179|||51|||1|||5
i|||180|||51|||7|||5
i|||181|||51|||19|||5
i|||182|||51|||23|||5
i|||183|||51|||61|||5
i|||184|||51|||66|||5
i|||185|||51|||81|||5
i|||186|||52|||1|||5
i|||187|||52|||7|||5
i|||188|||52|||19|||5
i|||189|||52|||24|||5
i|||190|||52|||67|||5
i|||191|||53|||1|||5
i|||192|||53|||7|||5
i|||193|||53|||25|||5
i|||194|||53|||45|||5
i|||195|||53|||68|||5
i|||196|||54|||17|||5
i|||197|||54|||23|||5
i|||198|||54|||33|||5
i|||199|||54|||39|||5
i|||200|||54|||44|||5
i|||201|||56|||14|||5
i|||202|||56|||20|||5
i|||203|||56|||35|||5
i|||204|||56|||44|||5
i|||205|||57|||8|||5
i|||206|||57|||14|||5
i|||207|||57|||37|||5
i|||208|||57|||44|||5
i|||209|||58|||1|||5
i|||210|||58|||7|||5
i|||211|||58|||25|||5
i|||212|||58|||32|||5
i|||213|||58|||58|||5
i|||214|||58|||64|||5
=|||1|||0|||4|||2
=|||2|||1|||2|||2
=|||3|||1|||9|||2
=|||4|||2|||4|||2
=|||5|||3|||4|||2
=|||6|||4|||2|||2
=|||7|||4|||9|||2
=|||8|||5|||4|||2
=|||9|||5|||21|||2
=|||10|||6|||4|||2
=|||11|||7|||2|||2
=|||12|||7|||9|||2
=|||13|||8|||2|||2
=|||14|||8|||6|||2
=|||15|||8|||15|||2
=|||19|||9|||2|||2
=|||20|||9|||6|||2
=|||21|||10|||2|||2
=|||22|||10|||6|||2
=|||24|||11|||2|||2
=|||25|||11|||12|||2
=|||26|||11|||34|||2
=|||27|||12|||2|||2
=|||28|||12|||12|||2
=|||29|||12|||34|||2
=|||30|||13|||2|||2
=|||31|||13|||6|||2
=|||35|||14|||2|||2
=|||36|||14|||6|||2
=|||37|||14|||13|||2
=|||39|||15|||4|||2
=|||43|||16|||2|||2
=|||44|||16|||9|||2
=|||45|||16|||16|||2
=|||46|||17|||2|||2
=|||47|||17|||6|||2
=|||48|||17|||10|||2
=|||50|||18|||2|||2
=|||51|||18|||6|||2
=|||52|||18|||10|||2
=|||53|||18|||17|||2
=|||54|||19|||2|||2
=|||55|||19|||11|||2
=|||56|||20|||4|||2
=|||57|||20|||22|||2
=|||58|||20|||55|||2
=|||61|||21|||4|||2
=|||62|||21|||21|||2
=|||63|||21|||28|||2
=|||64|||21|||55|||2
=|||65|||21|||60|||2
=|||68|||22|||4|||2
=|||69|||22|||19|||2
=|||70|||22|||26|||2
=|||73|||23|||4|||2
=|||74|||23|||17|||2
=|||75|||23|||24|||2
=|||77|||24|||2|||2
=|||78|||24|||6|||2
=|||79|||24|||10|||2
=|||80|||24|||14|||2
=|||81|||24|||21|||2
=|||82|||25|||2|||2
=|||83|||25|||6|||2
=|||84|||26|||2|||2
=|||85|||26|||11|||2
=|||86|||26|||18|||2
=|||87|||27|||2|||2
=|||88|||27|||11|||2
=|||89|||28|||4|||2
=|||90|||28|||17|||2
=|||91|||28|||24|||2
=|||93|||29|||2|||2
=|||94|||29|||6|||2
=|||95|||29|||10|||2
=|||96|||30|||2|||2
=|||97|||31|||2|||2
=|||98|||31|||6|||2
=|||99|||32|||2|||2
=|||100|||33|||2|||2
=|||101|||34|||2|||2
=|||102|||34|||6|||2
=|||103|||35|||4|||2
=|||104|||35|||19|||2
=|||105|||36|||2|||2
=|||106|||37|||2|||2
=|||107|||37|||6|||2
=|||108|||38|||2|||2
=|||109|||38|||6|||2
=|||110|||38|||12|||2
=|||114|||39|||2|||2
=|||115|||39|||6|||2
=|||116|||40|||2|||2
=|||117|||40|||6|||2
=|||119|||41|||2|||2
=|||120|||41|||9|||2
=|||121|||41|||31|||2
=|||122|||42|||2|||2
=|||123|||42|||9|||2
=|||124|||42|||31|||2
=|||125|||43|||2|||2
=|||126|||43|||6|||2
=|||130|||44|||2|||2
=|||131|||44|||6|||2
=|||132|||44|||10|||2
=|||134|||45|||2|||2
=|||138|||46|||2|||2
=|||139|||46|||9|||2
=|||140|||46|||13|||2
=|||141|||47|||2|||2
=|||142|||47|||6|||2
=|||143|||47|||10|||2
=|||145|||48|||2|||2
=|||146|||48|||6|||2
=|||147|||48|||10|||2
=|||148|||48|||14|||2
=|||149|||49|||2|||2
=|||150|||49|||9|||2
=|||151|||50|||2|||2
=|||152|||50|||18|||2
=|||153|||50|||51|||2
=|||156|||51|||2|||2
=|||157|||51|||18|||2
=|||158|||51|||22|||2
=|||159|||51|||49|||2
=|||160|||51|||58|||2
=|||163|||52|||2|||2
=|||164|||52|||16|||2
=|||165|||52|||23|||2
=|||168|||53|||2|||2
=|||169|||53|||14|||2
=|||170|||53|||18|||2
=|||172|||54|||2|||2
=|||173|||54|||6|||2
=|||174|||54|||10|||2
=|||175|||54|||14|||2
=|||176|||54|||18|||2
=|||177|||55|||2|||2
=|||178|||55|||6|||2
=|||179|||56|||2|||2
=|||180|||56|||11|||2
=|||181|||56|||15|||2
=|||182|||57|||2|||2
=|||183|||57|||9|||2
=|||184|||58|||2|||2
=|||185|||58|||14|||2
=|||186|||58|||18|||2
=|||188|||59|||2|||2
=|||189|||59|||6|||2
=|||190|||59|||10|||2
1|||1|||0|||5|||6
5|||1|||0|||9|||6
"|||1|||0|||22|||6
"|||2|||0|||23|||6
0|||1|||1|||3|||6
1|||2|||1|||10|||6
5|||2|||1|||14|||6
2|||1|||2|||5|||6
10|||1|||2|||9|||6
2|||2|||2|||13|||6
"|||3|||2|||23|||6
"|||4|||2|||24|||6
1|||3|||3|||5|||6
10|||2|||3|||9|||6
2|||3|||3|||13|||6
"|||5|||3|||23|||6
"|||6|||3|||24|||6
1|||4|||4|||3|||6
1|||5|||4|||10|||6
5|||3|||4|||14|||6
1|||6|||5|||6|||6
2|||4|||5|||8|||6
0|||2|||5|||22|||6
"|||7|||5|||44|||6
"|||8|||5|||45|||6
1|||7|||6|||9|||6
0|||3|||6|||13|||6
"|||9|||6|||29|||6
"|||10|||6|||30|||6
0|||4|||7|||3|||6
0|||5|||7|||10|||6
0|||6|||8|||3|||6
1|||8|||8|||7|||6
0|||7|||8|||16|||6
5|||5|||8|||20|||6
a|||2|||8|||32|||6
"|||11|||8|||34|||6
"|||12|||8|||35|||6
c|||2|||8|||38|||6
a|||3|||8|||40|||6
a|||4|||8|||44|||6
b|||4|||8|||48|||6
num|||1|||9|||1|||6
12345|||1|||9|||3|||6
0|||8|||9|||7|||6
0|||9|||9|||14|||6
10|||3|||9|||18|||6
0|||10|||10|||3|||6
1234|||1|||10|||7|||6
0|||11|||10|||14|||6
10|||4|||10|||18|||6
10|||5|||10|||24|||6
10|||6|||10|||28|||6
0|||12|||11|||5|||6
1|||9|||11|||13|||6
0|||13|||12|||5|||6
1|||10|||12|||13|||6
0|||14|||13|||16|||6
t|||2|||13|||18|||6
b|||8|||13|||22|||6
a|||6|||13|||24|||6
a|||7|||13|||28|||6
1|||11|||14|||7|||6
2|||5|||14|||14|||6
n|||2|||14|||18|||6
2|||6|||14|||20|||6
n|||3|||14|||27|||6
0|||15|||14|||31|||6
0|||16|||14|||35|||6
0|||17|||15|||5|||6
2|||7|||15|||15|||6
temp|||2|||15|||21|||6
1|||12|||15|||41|||6
1|||13|||15|||52|||6
String|||1|||16|||0|||6
str|||1|||16|||1|||6
"|||13|||16|||3|||6
hello|||1|||16|||4|||6
"|||14|||16|||5|||6
0|||18|||16|||10|||6
0|||19|||16|||17|||6
"|||15|||16|||32|||6
aeiou|||1|||16|||33|||6
"|||16|||16|||34|||6
0|||20|||17|||7|||6
0|||21|||17|||18|||6
10|||7|||17|||22|||6
10|||8|||17|||28|||6
10|||9|||17|||32|||6
2|||8|||18|||3|||6
1|||15|||18|||11|||6
0|||22|||18|||18|||6
x|||2|||18|||29|||6
String|||2|||19|||0|||6
s|||1|||19|||1|||6
"|||17|||19|||3|||6
abc|||1|||19|||4|||6
"|||18|||19|||5|||6
0|||23|||19|||12|||6
"|||19|||19|||41|||6
"|||20|||19|||42|||6
0|||24|||20|||5|||6
1|||16|||20|||13|||6
0|||25|||20|||23|||6
1|||17|||20|||33|||6
1|||18|||20|||49|||6
1|||19|||20|||70|||6
1|||20|||20|||77|||6
0|||26|||21|||5|||6
1|||21|||21|||13|||6
1|||22|||21|||31|||6
1|||23|||22|||5|||6
1|||24|||22|||29|||6
0|||27|||22|||35|||6
1|||25|||22|||48|||6
1|||26|||22|||61|||6
0|||28|||23|||5|||6
5|||6|||23|||9|||6
1|||27|||23|||18|||6
0|||29|||23|||25|||6
"|||21|||23|||43|||6
"|||22|||23|||44|||6
1|||28|||23|||60|||6
2|||9|||24|||7|||6
1|||29|||24|||11|||6
1|||30|||24|||15|||6
0|||30|||24|||22|||6
n|||5|||24|||35|||6
1|||31|||24|||45|||6
num|||13|||25|||1|||6
0|||31|||25|||7|||6
0|||32|||25|||14|||6
10|||10|||25|||18|||6
10|||11|||25|||24|||6
String|||3|||26|||0|||6
str|||4|||26|||1|||6
"|||23|||26|||3|||6
Hello|||1|||26|||4|||6
world|||1|||26|||5|||6
Java|||1|||26|||6|||6
"|||24|||26|||7|||6
1|||32|||26|||12|||6
0|||33|||26|||19|||6
String|||4|||27|||0|||6
str|||7|||27|||1|||6
"|||25|||27|||3|||6
hello|||2|||27|||4|||6
"|||26|||27|||5|||6
0|||34|||27|||12|||6
2|||10|||28|||5|||6
50|||1|||28|||9|||6
1|||33|||28|||18|||6
2|||11|||28|||25|||6
2|||12|||28|||31|||6
0|||35|||28|||42|||6
0|||36|||28|||46|||6
1|||34|||28|||52|||6
"|||27|||28|||62|||6
"|||28|||28|||63|||6
0|||37|||29|||28|||6
0|||38|||29|||34|||6
1|||35|||30|||3|||6
5|||8|||30|||9|||6
"|||29|||30|||20|||6
"|||30|||30|||21|||6
0|||39|||31|||3|||6
1|||36|||31|||7|||6
5|||9|||31|||13|||6
2|||13|||32|||3|||6
10|||12|||32|||9|||6
"|||31|||32|||20|||6
"|||32|||32|||21|||6
2|||14|||32|||26|||6
1|||37|||33|||3|||6
10|||13|||33|||9|||6
"|||33|||33|||20|||6
"|||34|||33|||21|||6
2|||15|||33|||26|||6
1|||38|||34|||3|||6
1|||39|||34|||7|||6
5|||10|||34|||13|||6
1|||40|||35|||6|||6
2|||16|||35|||8|||6
0|||40|||35|||20|||6
"|||35|||35|||42|||6
"|||36|||35|||43|||6
1|||41|||36|||7|||6
0|||41|||36|||13|||6
"|||37|||36|||27|||6
"|||38|||36|||28|||6
0|||42|||37|||3|||6
0|||43|||37|||7|||6
0|||44|||38|||3|||6
1|||42|||38|||7|||6
0|||45|||38|||13|||6
5|||12|||38|||19|||6
a|||13|||38|||28|||6
"|||39|||38|||30|||6
"|||40|||38|||31|||6
c|||9|||38|||34|||6
a|||14|||38|||36|||6
a|||15|||38|||40|||6
b|||17|||38|||44|||6
num|||17|||39|||1|||6
12345|||2|||39|||3|||6
0|||46|||39|||7|||6
0|||47|||39|||13|||6
10|||14|||39|||21|||6
0|||48|||40|||3|||6
1234|||2|||40|||7|||6
0|||49|||40|||13|||6
10|||15|||40|||20|||6
10|||16|||40|||24|||6
10|||17|||40|||28|||6
0|||50|||41|||5|||6
1|||43|||41|||10|||6
0|||51|||42|||5|||6
1|||44|||42|||10|||6
0|||52|||43|||15|||6
t|||9|||43|||18|||6
b|||21|||43|||22|||6
a|||17|||43|||24|||6
a|||18|||43|||28|||6
1|||45|||44|||7|||6
2|||17|||44|||11|||6
n|||7|||44|||17|||6
2|||18|||44|||19|||6
n|||8|||44|||24|||6
0|||53|||44|||28|||6
0|||54|||44|||32|||6
0|||55|||45|||3|||6
2|||19|||45|||15|||6
temp|||9|||45|||18|||6
1|||46|||45|||38|||6
1|||47|||45|||49|||6
String|||5|||46|||0|||6
str|||10|||46|||1|||6
"|||41|||46|||3|||6
hello|||3|||46|||4|||6
"|||42|||46|||5|||6
0|||56|||46|||10|||6
0|||57|||46|||14|||6
"|||43|||46|||29|||6
aeiou|||2|||46|||30|||6
"|||44|||46|||31|||6
0|||58|||47|||7|||6
0|||59|||47|||17|||6
10|||18|||47|||24|||6
10|||19|||47|||28|||6
10|||20|||47|||32|||6
2|||20|||48|||3|||6
1|||49|||48|||11|||6
0|||60|||48|||15|||6
x|||4|||48|||26|||6
String|||6|||49|||0|||6
s|||4|||49|||1|||6
"|||45|||49|||3|||6
abc|||2|||49|||4|||6
"|||46|||49|||5|||6
0|||61|||49|||10|||6
"|||47|||49|||39|||6
"|||48|||49|||40|||6
0|||62|||50|||3|||6
1|||50|||50|||13|||6
0|||63|||50|||19|||6
1|||51|||50|||31|||6
1|||52|||50|||45|||6
1|||53|||50|||66|||6
1|||54|||50|||73|||6
0|||64|||51|||3|||6
1|||55|||51|||13|||6
1|||56|||51|||25|||6
1|||57|||52|||3|||6
1|||58|||52|||26|||6
0|||65|||52|||32|||6
1|||59|||52|||46|||6
1|||60|||52|||62|||6
0|||66|||53|||3|||6
5|||13|||53|||9|||6
1|||61|||53|||15|||6
0|||67|||53|||19|||6
"|||49|||53|||36|||6
"|||50|||53|||37|||6
1|||62|||53|||53|||6
2|||21|||54|||7|||6
1|||63|||54|||11|||6
1|||64|||54|||15|||6
0|||68|||54|||19|||6
n|||10|||54|||31|||6
1|||65|||54|||41|||6
num|||29|||55|||1|||6
0|||69|||55|||7|||6
0|||70|||55|||13|||6
10|||21|||55|||20|||6
10|||22|||55|||24|||6
String|||7|||56|||0|||6
str|||13|||56|||1|||6
"|||51|||56|||3|||6
Hello|||2|||56|||4|||6
world|||2|||56|||5|||6
Java|||2|||56|||6|||6
"|||52|||56|||7|||6
1|||66|||56|||12|||6
0|||71|||56|||16|||6
String|||8|||57|||0|||6
str|||16|||57|||1|||6
"|||53|||57|||3|||6
hello|||4|||57|||4|||6
"|||54|||57|||5|||6
0|||72|||57|||10|||6
2|||22|||58|||3|||6
50|||2|||58|||9|||6
1|||67|||58|||15|||6
2|||23|||58|||19|||6
2|||24|||58|||27|||6
0|||73|||58|||36|||6
0|||74|||58|||40|||6
1|||68|||58|||50|||6
"|||55|||58|||60|||6
"|||56|||58|||61|||6
0|||75|||59|||27|||6
0|||76|||59|||33|||6
)|||1|||0|||13|||3
)|||2|||0|||24|||3
)|||3|||1|||18|||3
)|||4|||2|||14|||3
)|||5|||2|||25|||3
)|||6|||3|||14|||3
)|||7|||3|||25|||3
)|||8|||4|||18|||3
)|||9|||5|||32|||3
)|||10|||5|||46|||3
)|||11|||6|||17|||3
)|||12|||6|||31|||3
)|||13|||7|||20|||3
)|||14|||8|||24|||3
)|||15|||8|||36|||3
)|||16|||9|||19|||3
)|||17|||10|||19|||3
)|||18|||11|||23|||3
)|||19|||11|||32|||3
)|||20|||12|||23|||3
)|||21|||12|||32|||3
)|||23|||14|||24|||3
)|||24|||14|||32|||3
)|||26|||16|||25|||3
)|||27|||16|||29|||3
)|||28|||16|||43|||3
)|||29|||16|||44|||3
)|||30|||16|||48|||3
)|||31|||17|||23|||3
)|||32|||18|||26|||3
)|||33|||19|||20|||3
)|||34|||19|||24|||3
)|||35|||19|||33|||3
)|||36|||19|||39|||3
)|||37|||19|||43|||3
)|||38|||20|||17|||3
)|||39|||20|||37|||3
)|||40|||20|||51|||3
)|||42|||21|||41|||3
)|||43|||21|||53|||3
)|||45|||22|||43|||3
)|||46|||23|||13|||3
)|||47|||23|||33|||3
)|||48|||23|||45|||3
)|||49|||23|||55|||3
)|||50|||23|||61|||3
)|||51|||23|||70|||3
)|||52|||24|||30|||3
)|||53|||24|||38|||3
)|||54|||24|||46|||3
)|||55|||24|||58|||3
)|||56|||25|||19|||3
)|||57|||26|||27|||3
)|||58|||26|||31|||3
)|||59|||26|||39|||3
)|||60|||26|||43|||3
)|||61|||27|||20|||3
)|||62|||27|||24|||3
)|||63|||27|||33|||3
)|||64|||27|||40|||3
)|||65|||27|||43|||3
)|||66|||27|||44|||3
)|||68|||28|||35|||3
)|||69|||28|||43|||3
)|||70|||28|||53|||3
)|||71|||28|||64|||3
)|||72|||29|||15|||3
)|||73|||29|||38|||3
)|||74|||29|||47|||3
)|||76|||30|||22|||3
)|||77|||31|||14|||3
)|||79|||32|||22|||3
)|||81|||33|||22|||3
)|||82|||34|||14|||3
)|||83|||35|||29|||3
)|||84|||35|||44|||3
)|||86|||36|||29|||3
)|||87|||37|||16|||3
)|||88|||38|||20|||3
)|||89|||38|||32|||3
)|||90|||39|||14|||3
)|||91|||40|||14|||3
)|||92|||41|||19|||3
)|||93|||41|||29|||3
)|||94|||42|||19|||3
)|||95|||42|||29|||3
)|||96|||43|||16|||3
)|||97|||44|||20|||3
)|||98|||44|||29|||3
)|||100|||46|||24|||3
)|||101|||46|||25|||3
)|||102|||46|||40|||3
)|||103|||46|||41|||3
)|||104|||46|||45|||3
)|||106|||48|||22|||3
)|||107|||49|||20|||3
)|||109|||49|||31|||3
)|||110|||49|||37|||3
)|||111|||49|||41|||3
)|||112|||50|||14|||3
)|||113|||50|||32|||3
)|||114|||50|||47|||3
)|||116|||51|||34|||3
)|||117|||51|||47|||3
)|||119|||52|||40|||3
)|||120|||53|||10|||3
)|||121|||53|||26|||3
)|||122|||53|||38|||3
)|||123|||53|||48|||3
)|||124|||53|||54|||3
)|||125|||53|||66|||3
)|||126|||54|||26|||3
)|||127|||54|||34|||3
)|||128|||54|||42|||3
)|||129|||54|||57|||3
)|||131|||56|||26|||3
)|||132|||56|||27|||3
)|||133|||56|||36|||3
)|||134|||56|||40|||3
)|||135|||57|||20|||3
)|||137|||57|||31|||3
)|||138|||57|||38|||3
)|||139|||57|||41|||3
)|||140|||57|||42|||3
)|||142|||58|||28|||3
)|||143|||58|||37|||3
)|||144|||58|||51|||3
)|||145|||58|||62|||3
)|||146|||59|||15|||3
)|||147|||59|||34|||3
)|||148|||59|||45|||3
System|||1|||0|||14|||8
out|||1|||0|||16|||8
.|||2|||0|||17|||8
print|||1|||0|||18|||8
System|||2|||2|||15|||8
out|||2|||2|||17|||8
.|||4|||2|||18|||8
print|||2|||2|||19|||8
System|||3|||3|||15|||8
out|||3|||3|||17|||8
.|||6|||3|||18|||8
print|||3|||3|||19|||8
System|||4|||5|||33|||8
out|||4|||5|||35|||8
.|||9|||5|||36|||8
print|||4|||5|||37|||8
System|||5|||6|||18|||8
out|||5|||6|||20|||8
.|||12|||6|||21|||8
print|||5|||6|||22|||8
{|||2|||8|||25|||8
System|||6|||8|||26|||8
out|||6|||8|||28|||8
.|||15|||8|||29|||8
print|||6|||8|||30|||8
}|||2|||8|||52|||8
if|||1|||11|||24|||8
if|||2|||12|||24|||8
;|||55|||13|||32|||8
if|||3|||14|||25|||8
)|||25|||15|||19|||8
{|||3|||15|||20|||8
;|||64|||15|||56|||8
}|||3|||15|||57|||8
if|||4|||16|||30|||8
System|||7|||19|||25|||8
out|||7|||19|||27|||8
.|||26|||19|||28|||8
print|||7|||19|||29|||8
if|||5|||20|||38|||8
{|||4|||20|||52|||8
}|||4|||20|||82|||8
)|||41|||21|||17|||8
{|||5|||21|||18|||8
if|||6|||21|||42|||8
;|||97|||21|||82|||8
}|||5|||21|||83|||8
)|||44|||22|||15|||8
{|||6|||22|||16|||8
;|||102|||22|||65|||8
}|||6|||22|||66|||8
{|||7|||23|||14|||8
{|||8|||23|||34|||8
System|||8|||23|||35|||8
out|||8|||23|||37|||8
.|||34|||23|||38|||8
print|||8|||23|||39|||8
}|||7|||23|||63|||8
System|||9|||23|||64|||8
out|||9|||23|||66|||8
.|||36|||23|||67|||8
println|||1|||23|||68|||8
}|||8|||23|||72|||8
{|||9|||24|||31|||8
}|||9|||24|||48|||8
System|||10|||24|||49|||8
out|||10|||24|||51|||8
.|||38|||24|||52|||8
print|||9|||24|||53|||8
if|||7|||26|||32|||8
System|||11|||27|||25|||8
out|||11|||27|||27|||8
.|||43|||27|||28|||8
print|||10|||27|||29|||8
)|||67|||28|||13|||8
{|||10|||28|||14|||8
if|||8|||28|||36|||8
if|||9|||28|||48|||8
System|||12|||28|||54|||8
out|||12|||28|||56|||8
.|||46|||28|||57|||8
print|||11|||28|||58|||8
;|||136|||28|||65|||8
}|||10|||28|||66|||8
;|||140|||29|||39|||8
System|||13|||29|||40|||8
out|||13|||29|||42|||8
.|||48|||29|||43|||8
print|||12|||29|||44|||8
)|||75|||30|||10|||8
{|||11|||30|||11|||8
System|||14|||30|||12|||8
out|||14|||30|||14|||8
.|||50|||30|||15|||8
print|||13|||30|||16|||8
}|||11|||30|||27|||8
{|||12|||31|||15|||8
}|||12|||31|||23|||8
)|||78|||32|||10|||8
{|||13|||32|||11|||8
System|||15|||32|||12|||8
out|||15|||32|||14|||8
.|||52|||32|||15|||8
print|||14|||32|||16|||8
;|||150|||32|||27|||8
}|||13|||32|||28|||8
)|||80|||33|||10|||8
{|||14|||33|||11|||8
System|||16|||33|||12|||8
out|||16|||33|||14|||8
.|||54|||33|||15|||8
print|||15|||33|||16|||8
;|||153|||33|||27|||8
}|||14|||33|||28|||8
{|||15|||34|||15|||8
}|||15|||34|||23|||8
{|||17|||35|||30|||8
System|||17|||35|||31|||8
out|||17|||35|||33|||8
.|||57|||35|||34|||8
print|||16|||35|||35|||8
}|||17|||35|||49|||8
)|||85|||36|||14|||8
{|||18|||36|||15|||8
System|||18|||36|||16|||8
out|||18|||36|||18|||8
.|||60|||36|||19|||8
print|||17|||36|||20|||8
}|||18|||36|||34|||8
{|||19|||37|||17|||8
}|||19|||37|||28|||8
{|||20|||38|||21|||8
System|||19|||38|||22|||8
out|||19|||38|||24|||8
.|||63|||38|||25|||8
print|||18|||38|||26|||8
}|||20|||38|||51|||8
{|||21|||39|||15|||8
}|||21|||39|||23|||8
{|||22|||40|||15|||8
}|||22|||40|||30|||8
{|||23|||41|||20|||8
if|||10|||41|||21|||8
}|||23|||41|||40|||8
{|||24|||42|||20|||8
if|||11|||42|||21|||8
}|||24|||42|||40|||8
{|||25|||43|||17|||8
}|||25|||43|||32|||8
{|||26|||44|||21|||8
if|||12|||44|||22|||8
}|||26|||44|||37|||8
)|||99|||45|||16|||8
{|||27|||45|||17|||8
;|||196|||45|||56|||8
}|||27|||45|||57|||8
{|||28|||46|||26|||8
if|||13|||46|||27|||8
}|||28|||46|||52|||8
)|||105|||47|||18|||8
{|||29|||47|||19|||8
;|||203|||47|||33|||8
}|||29|||47|||34|||8
{|||30|||48|||23|||8
}|||30|||48|||31|||8
)|||108|||49|||21|||8
{|||31|||49|||22|||8
System|||20|||49|||23|||8
out|||20|||49|||25|||8
.|||74|||49|||26|||8
print|||19|||49|||27|||8
}|||31|||49|||46|||8
{|||32|||50|||15|||8
{|||33|||50|||33|||8
if|||14|||50|||34|||8
{|||34|||50|||48|||8
}|||32|||50|||78|||8
}|||33|||50|||82|||8
}|||34|||50|||86|||8
)|||115|||51|||14|||8
{|||35|||51|||15|||8
{|||36|||51|||35|||8
if|||15|||51|||36|||8
}|||35|||51|||55|||8
}|||36|||51|||84|||8
)|||118|||52|||12|||8
{|||37|||52|||13|||8
{|||38|||52|||41|||8
}|||37|||52|||57|||8
}|||38|||52|||70|||8
{|||39|||53|||11|||8
{|||40|||53|||27|||8
System|||21|||53|||28|||8
out|||21|||53|||30|||8
.|||82|||53|||31|||8
print|||20|||53|||32|||8
}|||39|||53|||59|||8
System|||22|||53|||60|||8
out|||22|||53|||62|||8
.|||84|||53|||63|||8
println|||2|||53|||64|||8
}|||40|||53|||71|||8
{|||41|||54|||27|||8
}|||41|||54|||47|||8
System|||23|||54|||48|||8
out|||23|||54|||50|||8
.|||86|||54|||51|||8
print|||21|||54|||52|||8
)|||130|||55|||14|||8
{|||42|||55|||15|||8
;|||246|||55|||25|||8
}|||42|||55|||26|||8
{|||43|||56|||28|||8
if|||16|||56|||29|||8
}|||43|||56|||47|||8
)|||136|||57|||21|||8
{|||44|||57|||22|||8
System|||24|||57|||23|||8
out|||24|||57|||25|||8
.|||91|||57|||26|||8
print|||22|||57|||27|||8
}|||44|||57|||47|||8
)|||141|||58|||10|||8
{|||45|||58|||11|||8
{|||46|||58|||29|||8
if|||17|||58|||30|||8
}|||45|||58|||45|||8
if|||18|||58|||46|||8
System|||25|||58|||52|||8
out|||25|||58|||54|||8
.|||94|||58|||55|||8
print|||23|||58|||56|||8
}|||46|||58|||67|||8
System|||26|||59|||38|||8
out|||26|||59|||40|||8
.|||96|||59|||41|||8
print|||24|||59|||42|||8
;|||3|||0|||25|||1
;|||4|||1|||4|||1
;|||7|||1|||22|||1
;|||10|||2|||26|||1
;|||13|||3|||26|||1
;|||14|||4|||4|||1
;|||17|||4|||22|||1
;|||18|||5|||16|||1
;|||21|||5|||47|||1
;|||24|||6|||32|||1
;|||25|||7|||4|||1
;|||28|||7|||27|||1
;|||29|||8|||10|||1
;|||32|||8|||37|||1
;|||33|||8|||43|||1
;|||34|||8|||47|||1
;|||35|||8|||51|||1
;|||36|||9|||8|||1
;|||39|||9|||22|||1
;|||40|||10|||8|||1
;|||43|||10|||29|||1
;|||44|||11|||7|||1
;|||47|||11|||39|||1
;|||48|||12|||7|||1
;|||51|||12|||39|||1
;|||52|||13|||8|||1
;|||56|||14|||8|||1
;|||59|||14|||36|||1
;|||62|||15|||27|||1
;|||63|||15|||43|||1
;|||65|||16|||6|||1
;|||66|||16|||11|||1
;|||69|||16|||51|||1
;|||70|||17|||12|||1
;|||73|||17|||33|||1
;|||74|||18|||12|||1
;|||77|||18|||30|||1
;|||78|||19|||6|||1
;|||81|||19|||44|||1
;|||86|||20|||60|||1
;|||87|||20|||72|||1
;|||88|||20|||81|||1
;|||91|||21|||23|||1
;|||94|||21|||57|||1
;|||95|||21|||65|||1
;|||96|||21|||75|||1
;|||100|||22|||30|||1
;|||101|||22|||56|||1
;|||105|||23|||19|||1
;|||108|||23|||46|||1
;|||109|||23|||62|||1
;|||110|||23|||71|||1
;|||111|||24|||16|||1
;|||114|||24|||39|||1
;|||115|||24|||47|||1
;|||116|||24|||59|||1
;|||117|||25|||8|||1
;|||120|||25|||25|||1
;|||121|||26|||8|||1
;|||122|||26|||13|||1
;|||125|||26|||46|||1
;|||126|||27|||6|||1
;|||129|||27|||45|||1
;|||132|||28|||19|||1
;|||135|||28|||47|||1
;|||137|||29|||20|||1
;|||141|||29|||48|||1
;|||142|||30|||4|||1
;|||143|||30|||23|||1
;|||144|||30|||26|||1
;|||145|||31|||8|||1
;|||146|||31|||19|||1
;|||147|||31|||22|||1
;|||148|||32|||4|||1
;|||149|||32|||23|||1
;|||151|||33|||4|||1
;|||152|||33|||23|||1
;|||154|||34|||8|||1
;|||155|||34|||19|||1
;|||156|||34|||22|||1
;|||157|||35|||16|||1
;|||158|||35|||21|||1
;|||159|||35|||45|||1
;|||160|||35|||48|||1
;|||161|||36|||8|||1
;|||162|||36|||30|||1
;|||163|||36|||33|||1
;|||164|||37|||8|||1
;|||165|||37|||24|||1
;|||166|||37|||27|||1
;|||167|||38|||14|||1
;|||168|||38|||33|||1
;|||169|||38|||39|||1
;|||170|||38|||43|||1
;|||171|||38|||47|||1
;|||172|||38|||50|||1
;|||173|||39|||8|||1
;|||174|||39|||18|||1
;|||175|||39|||22|||1
;|||176|||40|||8|||1
;|||177|||40|||25|||1
;|||178|||40|||29|||1
;|||179|||41|||11|||1
;|||180|||41|||36|||1
;|||181|||41|||39|||1
;|||182|||42|||11|||1
;|||183|||42|||36|||1
;|||184|||42|||39|||1
;|||185|||43|||10|||1
;|||186|||43|||21|||1
;|||187|||43|||27|||1
;|||188|||43|||31|||1
;|||189|||44|||12|||1
;|||190|||44|||33|||1
;|||191|||44|||36|||1
;|||192|||45|||6|||1
;|||193|||45|||24|||1
;|||194|||45|||40|||1
;|||195|||45|||53|||1
;|||197|||46|||6|||1
;|||198|||46|||15|||1
;|||199|||46|||48|||1
;|||200|||46|||51|||1
;|||201|||47|||12|||1
;|||202|||47|||29|||1
;|||204|||48|||16|||1
;|||205|||48|||27|||1
;|||206|||48|||30|||1
;|||207|||49|||6|||1
;|||208|||49|||11|||1
;|||209|||49|||42|||1
;|||210|||49|||45|||1
;|||211|||50|||4|||1
;|||212|||50|||20|||1
;|||213|||50|||56|||1
;|||214|||50|||68|||1
;|||215|||50|||77|||1
;|||216|||50|||81|||1
;|||217|||50|||85|||1
;|||218|||51|||4|||1
;|||219|||51|||26|||1
;|||220|||51|||51|||1
;|||221|||51|||54|||1
;|||222|||51|||63|||1
;|||223|||51|||73|||1
;|||224|||51|||80|||1
;|||225|||51|||83|||1
;|||226|||52|||4|||1
;|||227|||52|||27|||1
;|||228|||52|||53|||1
;|||229|||52|||56|||1
;|||230|||52|||66|||1
;|||231|||52|||69|||1
;|||232|||53|||4|||1
;|||233|||53|||20|||1
;|||234|||53|||39|||1
;|||235|||53|||55|||1
;|||236|||53|||58|||1
;|||237|||53|||67|||1
;|||238|||53|||70|||1
;|||239|||54|||20|||1
;|||240|||54|||35|||1
;|||241|||54|||43|||1
;|||242|||54|||46|||1
;|||243|||54|||58|||1
;|||244|||55|||8|||1
;|||245|||55|||21|||1
;|||247|||56|||8|||1
;|||248|||56|||17|||1
;|||249|||56|||43|||1
;|||250|||56|||46|||1
;|||251|||57|||6|||1
;|||252|||57|||11|||1
;|||253|||57|||43|||1
;|||254|||57|||46|||1
;|||255|||58|||4|||1
;|||256|||58|||20|||1
;|||257|||58|||41|||1
;|||258|||58|||44|||1
;|||259|||58|||63|||1
;|||260|||58|||66|||1
;|||261|||59|||20|||1
;|||262|||59|||37|||1
;|||263|||59|||46|||1
sum|||1|||1|||1|||0
sum|||2|||1|||19|||0
fact|||1|||4|||1|||0
fact|||2|||4|||19|||0
[|||1|||5|||1|||0
]|||1|||5|||2|||0
arr|||1|||5|||3|||0
{|||1|||5|||5|||0
,|||1|||5|||7|||0
,|||2|||5|||9|||0
3|||1|||5|||10|||0
,|||3|||5|||11|||0
4|||1|||5|||12|||0
,|||4|||5|||13|||0
5|||4|||5|||14|||0
}|||1|||5|||15|||0
arr|||2|||5|||26|||0
arr|||3|||5|||39|||0
arr|||4|||6|||5|||0
arr|||5|||6|||24|||0
sum|||3|||7|||1|||0
arr|||6|||7|||14|||0
sum|||4|||7|||21|||0
arr|||7|||7|||23|||0
a|||1|||8|||1|||0
b|||1|||8|||5|||0
c|||1|||8|||9|||0
b|||2|||8|||42|||0
b|||3|||8|||46|||0
c|||3|||8|||50|||0
count|||1|||9|||5|||0
num|||2|||9|||12|||0
num|||3|||9|||16|||0
count|||2|||9|||20|||0
rev|||1|||10|||1|||0
num|||4|||10|||5|||0
num|||5|||10|||12|||0
num|||6|||10|||16|||0
rev|||2|||10|||20|||0
rev|||3|||10|||22|||0
num|||7|||10|||26|||0
max|||1|||11|||1|||0
arr|||8|||11|||3|||0
arr|||9|||11|||17|||0
arr|||10|||11|||26|||0
max|||2|||11|||31|||0
max|||3|||11|||33|||0
arr|||11|||11|||35|||0
min|||1|||12|||1|||0
arr|||12|||12|||3|||0
arr|||13|||12|||17|||0
arr|||14|||12|||26|||0
min|||2|||12|||31|||0
min|||3|||12|||33|||0
arr|||15|||12|||35|||0
a|||5|||13|||1|||0
24|||1|||13|||3|||0
b|||5|||13|||5|||0
36|||1|||13|||7|||0
t|||1|||13|||12|||0
b|||6|||13|||14|||0
b|||7|||13|||20|||0
b|||9|||13|||26|||0
t|||3|||13|||30|||0
n|||1|||14|||1|||0
17|||1|||14|||3|||0
flag|||1|||14|||5|||0
flag|||2|||14|||33|||0
temp|||1|||15|||7|||0
arr|||16|||15|||11|||0
arr|||17|||15|||23|||0
arr|||18|||15|||28|||0
arr|||19|||15|||33|||0
arr|||20|||15|||35|||0
arr|||21|||15|||44|||0
arr|||22|||15|||46|||0
temp|||3|||15|||55|||0
vc|||1|||16|||8|||0
-|||6|||16|||46|||0
1|||14|||16|||47|||0
vc|||2|||16|||49|||0
num|||8|||17|||1|||0
121|||1|||17|||3|||0
rev|||4|||17|||5|||0
temp|||4|||17|||9|||0
num|||9|||17|||11|||0
temp|||5|||17|||16|||0
temp|||6|||17|||20|||0
rev|||5|||17|||24|||0
rev|||6|||17|||26|||0
temp|||7|||17|||30|||0
x|||1|||18|||1|||0
y|||1|||18|||5|||0
3|||2|||18|||7|||0
res|||1|||18|||9|||0
y|||2|||18|||22|||0
res|||2|||18|||27|||0
arr|||23|||20|||9|||0
j|||1|||20|||21|||0
j|||2|||20|||25|||0
arr|||24|||20|||27|||0
j|||3|||20|||35|||0
arr|||25|||20|||40|||0
j|||4|||20|||42|||0
arr|||26|||20|||45|||0
j|||5|||20|||47|||0
t|||4|||20|||54|||0
arr|||27|||20|||56|||0
j|||6|||20|||58|||0
arr|||28|||20|||61|||0
j|||7|||20|||63|||0
arr|||29|||20|||66|||0
j|||8|||20|||68|||0
arr|||30|||20|||73|||0
j|||9|||20|||75|||0
t|||5|||20|||80|||0
arr|||31|||21|||9|||0
min|||4|||21|||20|||0
j|||10|||21|||27|||0
j|||11|||21|||33|||0
arr|||32|||21|||35|||0
j|||12|||21|||39|||0
arr|||33|||21|||44|||0
j|||13|||21|||46|||0
arr|||34|||21|||49|||0
min|||5|||21|||51|||0
min|||6|||21|||54|||0
j|||14|||21|||56|||0
t|||6|||21|||59|||0
arr|||35|||21|||61|||0
arr|||36|||21|||66|||0
arr|||37|||21|||71|||0
min|||7|||21|||73|||0
arr|||38|||21|||76|||0
min|||8|||21|||78|||0
t|||7|||21|||81|||0
arr|||39|||22|||9|||0
key|||1|||22|||18|||0
arr|||40|||22|||20|||0
j|||15|||22|||25|||0
j|||16|||22|||33|||0
arr|||41|||22|||37|||0
j|||17|||22|||39|||0
key|||2|||22|||42|||0
arr|||42|||22|||44|||0
j|||18|||22|||46|||0
arr|||43|||22|||51|||0
j|||19|||22|||53|||0
arr|||44|||22|||57|||0
j|||20|||22|||59|||0
key|||3|||22|||64|||0
c|||4|||23|||16|||0
j|||21|||23|||23|||0
j|||22|||23|||27|||0
j|||23|||23|||31|||0
c|||5|||23|||41|||0
c|||6|||23|||47|||0
c|||7|||23|||49|||0
j|||24|||23|||54|||0
j|||25|||23|||58|||0
n|||4|||24|||1|||0
5|||7|||24|||3|||0
r|||1|||24|||5|||0
num|||10|||24|||9|||0
den|||1|||24|||13|||0
r|||2|||24|||26|||0
num|||11|||24|||32|||0
den|||2|||24|||40|||0
num|||12|||24|||55|||0
den|||3|||24|||57|||0
123|||1|||25|||3|||0
sum|||5|||25|||5|||0
num|||14|||25|||12|||0
num|||15|||25|||16|||0
sum|||6|||25|||20|||0
num|||16|||25|||22|||0
wc|||1|||26|||10|||0
'|||1|||26|||41|||0
'|||2|||26|||42|||0
wc|||2|||26|||44|||0
char|||1|||27|||32|||0
32|||1|||27|||42|||0
f|||1|||28|||16|||0
j|||26|||28|||23|||0
j|||27|||28|||27|||0
j|||28|||28|||33|||0
j|||29|||28|||40|||0
f|||2|||28|||44|||0
f|||3|||28|||50|||0
a|||8|||29|||1|||0
12|||1|||29|||3|||0
b|||10|||29|||5|||0
18|||1|||29|||7|||0
lcm|||1|||29|||9|||0
a|||9|||29|||12|||0
b|||11|||29|||14|||0
?|||1|||29|||16|||0
a|||10|||29|||17|||0
:|||1|||29|||18|||0
b|||12|||29|||19|||0
lcm|||2|||29|||24|||0
a|||11|||29|||26|||0
lcm|||3|||29|||30|||0
b|||13|||29|||32|||0
lcm|||4|||29|||36|||0
lcm|||5|||29|||46|||0
sum|||7|||31|||1|||0
sum|||8|||31|||16|||0
fact|||3|||34|||1|||0
fact|||4|||34|||16|||0
[|||32|||35|||1|||0
]|||32|||35|||2|||0
arr|||45|||35|||3|||0
{|||16|||35|||5|||0
,|||27|||35|||7|||0
,|||28|||35|||9|||0
3|||3|||35|||10|||0
,|||29|||35|||11|||0
4|||2|||35|||12|||0
,|||30|||35|||13|||0
5|||11|||35|||14|||0
}|||16|||35|||15|||0
arr|||46|||35|||26|||0
arr|||47|||35|||37|||0
arr|||48|||36|||3|||0
arr|||49|||36|||22|||0
sum|||9|||37|||1|||0
arr|||50|||37|||13|||0
sum|||10|||37|||18|||0
arr|||51|||37|||20|||0
a|||12|||38|||1|||0
b|||14|||38|||5|||0
c|||8|||38|||9|||0
b|||15|||38|||38|||0
b|||16|||38|||42|||0
c|||10|||38|||46|||0
count|||3|||39|||5|||0
num|||18|||39|||11|||0
count|||4|||39|||16|||0
num|||19|||39|||19|||0
rev|||7|||40|||1|||0
num|||20|||40|||5|||0
num|||21|||40|||11|||0
rev|||8|||40|||16|||0
rev|||9|||40|||18|||0
num|||22|||40|||22|||0
num|||23|||40|||26|||0
max|||4|||41|||1|||0
arr|||52|||41|||3|||0
arr|||53|||41|||16|||0
arr|||54|||41|||23|||0
max|||5|||41|||28|||0
max|||6|||41|||30|||0
arr|||55|||41|||32|||0
min|||9|||42|||1|||0
arr|||56|||42|||3|||0
arr|||57|||42|||16|||0
arr|||58|||42|||23|||0
min|||10|||42|||28|||0
min|||11|||42|||30|||0
arr|||59|||42|||32|||0
a|||16|||43|||1|||0
24|||2|||43|||3|||0
b|||18|||43|||5|||0
36|||2|||43|||7|||0
t|||8|||43|||9|||0
b|||19|||43|||13|||0
b|||20|||43|||20|||0
b|||22|||43|||26|||0
t|||10|||43|||30|||0
n|||6|||44|||1|||0
17|||2|||44|||3|||0
flag|||3|||44|||5|||0
flag|||4|||44|||30|||0
temp|||8|||45|||5|||0
arr|||60|||45|||11|||0
arr|||61|||45|||20|||0
arr|||62|||45|||25|||0
arr|||63|||45|||30|||0
arr|||64|||45|||32|||0
arr|||65|||45|||41|||0
arr|||66|||45|||43|||0
temp|||10|||45|||52|||0
vc|||3|||46|||8|||0
-|||20|||46|||43|||0
1|||48|||46|||44|||0
vc|||4|||46|||46|||0
num|||24|||47|||1|||0
121|||2|||47|||3|||0
rev|||10|||47|||5|||0
temp|||11|||47|||9|||0
num|||25|||47|||11|||0
temp|||12|||47|||15|||0
rev|||11|||47|||20|||0
rev|||12|||47|||22|||0
temp|||13|||47|||26|||0
temp|||14|||47|||30|||0
x|||3|||48|||1|||0
y|||3|||48|||5|||0
3|||4|||48|||7|||0
res|||3|||48|||9|||0
y|||4|||48|||21|||0
res|||4|||48|||24|||0
arr|||67|||50|||9|||0
j|||30|||50|||17|||0
j|||31|||50|||23|||0
arr|||68|||50|||25|||0
arr|||69|||50|||36|||0
j|||32|||50|||38|||0
arr|||70|||50|||41|||0
j|||33|||50|||43|||0
t|||11|||50|||50|||0
arr|||71|||50|||52|||0
j|||34|||50|||54|||0
arr|||72|||50|||57|||0
j|||35|||50|||59|||0
arr|||73|||50|||62|||0
j|||36|||50|||64|||0
arr|||74|||50|||69|||0
j|||37|||50|||71|||0
t|||12|||50|||76|||0
j|||38|||50|||79|||0
arr|||75|||51|||9|||0
min|||12|||51|||17|||0
j|||39|||51|||21|||0
j|||40|||51|||29|||0
arr|||76|||51|||31|||0
arr|||77|||51|||38|||0
j|||41|||51|||40|||0
arr|||78|||51|||43|||0
min|||13|||51|||45|||0
min|||14|||51|||48|||0
j|||42|||51|||50|||0
j|||43|||51|||52|||0
t|||13|||51|||57|||0
arr|||79|||51|||59|||0
arr|||80|||51|||64|||0
arr|||81|||51|||69|||0
min|||15|||51|||71|||0
arr|||82|||51|||74|||0
min|||16|||51|||76|||0
t|||14|||51|||79|||0
arr|||83|||52|||9|||0
key|||4|||52|||15|||0
arr|||84|||52|||17|||0
j|||44|||52|||22|||0
j|||45|||52|||30|||0
arr|||85|||52|||34|||0
j|||46|||52|||36|||0
key|||5|||52|||39|||0
arr|||86|||52|||42|||0
j|||47|||52|||44|||0
arr|||87|||52|||49|||0
j|||48|||52|||51|||0
j|||49|||52|||54|||0
arr|||88|||52|||58|||0
j|||50|||52|||60|||0
key|||6|||52|||65|||0
c|||11|||53|||13|||0
j|||51|||53|||17|||0
j|||52|||53|||23|||0
c|||12|||53|||34|||0
c|||13|||53|||40|||0
c|||14|||53|||42|||0
j|||53|||53|||47|||0
j|||54|||53|||51|||0
j|||55|||53|||56|||0
n|||9|||54|||1|||0
5|||14|||54|||3|||0
r|||3|||54|||5|||0
num|||26|||54|||9|||0
den|||4|||54|||13|||0
r|||4|||54|||25|||0
num|||27|||54|||28|||0
den|||5|||54|||36|||0
num|||28|||54|||54|||0
den|||6|||54|||56|||0
123|||2|||55|||3|||0
sum|||11|||55|||5|||0
num|||30|||55|||11|||0
sum|||12|||55|||16|||0
num|||31|||55|||18|||0
num|||32|||55|||22|||0
wc|||3|||56|||10|||0
'|||3|||56|||38|||0
'|||4|||56|||39|||0
wc|||4|||56|||41|||0
char|||2|||57|||30|||0
32|||2|||57|||40|||0
f|||4|||58|||13|||0
j|||56|||58|||17|||0
j|||57|||58|||23|||0
j|||58|||58|||34|||0
f|||5|||58|||38|||0
j|||59|||58|||42|||0
f|||6|||58|||48|||0
a|||19|||59|||1|||0
12|||2|||59|||3|||0
b|||23|||59|||5|||0
18|||2|||59|||7|||0
lcm|||6|||59|||9|||0
a|||20|||59|||12|||0
b|||24|||59|||14|||0
?|||2|||59|||16|||0
a|||21|||59|||17|||0
:|||2|||59|||18|||0
b|||25|||59|||19|||0
lcm|||7|||59|||23|||0
a|||22|||59|||25|||0
lcm|||8|||59|||29|||0
b|||26|||59|||31|||0
lcm|||9|||59|||35|||0
lcm|||10|||59|||44|||0
