protected|||1|||0|||0|||3
class|||1|||0|||1|||3
private|||1|||0|||4|||3
static|||1|||0|||5|||3
public|||1|||1|||0|||3
class|||2|||1|||1|||3
public|||2|||1|||4|||3
static|||2|||1|||5|||3
private|||2|||2|||0|||3
class|||3|||2|||1|||3
private|||3|||2|||4|||3
static|||3|||2|||5|||3
protected|||2|||3|||0|||3
class|||4|||3|||1|||3
protected|||3|||3|||4|||3
static|||4|||3|||5|||3
public|||3|||4|||0|||3
class|||5|||4|||1|||3
public|||4|||4|||4|||3
static|||5|||4|||5|||3
private|||4|||5|||0|||3
class|||6|||5|||1|||3
private|||5|||5|||4|||3
static|||6|||5|||5|||3
protected|||4|||6|||0|||3
class|||7|||6|||1|||3
protected|||5|||6|||4|||3
static|||7|||6|||5|||3
public|||5|||7|||0|||3
class|||8|||7|||1|||3
public|||6|||7|||4|||3
static|||8|||7|||5|||3
private|||6|||8|||0|||3
class|||9|||8|||1|||3
private|||7|||8|||4|||3
static|||9|||8|||5|||3
protected|||6|||9|||0|||3
class|||10|||9|||1|||3
protected|||7|||9|||4|||3
static|||10|||9|||5|||3
public|||7|||10|||0|||3
class|||11|||10|||1|||3
public|||8|||10|||4|||3
static|||11|||10|||5|||3
private|||8|||11|||0|||3
class|||12|||11|||1|||3
private|||9|||11|||4|||3
static|||12|||11|||5|||3
protected|||8|||12|||0|||3
class|||13|||12|||1|||3
protected|||9|||12|||4|||3
static|||13|||12|||5|||3
public|||9|||13|||0|||3
class|||14|||13|||1|||3
public|||10|||13|||4|||3
static|||14|||13|||5|||3
private|||10|||14|||0|||3
class|||15|||14|||1|||3
private|||11|||14|||4|||3
static|||15|||14|||5|||3
protected|||10|||15|||0|||3
class|||16|||15|||1|||3
protected|||11|||15|||4|||3
static|||16|||15|||5|||3
public|||11|||16|||0|||3
class|||17|||16|||1|||3
public|||12|||16|||4|||3
static|||17|||16|||5|||3
private|||12|||17|||0|||3
class|||18|||17|||1|||3
private|||13|||17|||4|||3
static|||18|||17|||5|||3
protected|||12|||18|||0|||3
class|||19|||18|||1|||3
protected|||13|||18|||4|||3
static|||19|||18|||5|||3
public|||13|||19|||0|||3
class|||20|||19|||1|||3
public|||14|||19|||4|||3
static|||20|||19|||5|||3
private|||14|||20|||0|||3
class|||21|||20|||1|||3
private|||15|||20|||4|||3
static|||21|||20|||5|||3
protected|||14|||21|||0|||3
class|||22|||21|||1|||3
protected|||15|||21|||4|||3
static|||22|||21|||5|||3
public|||15|||22|||0|||3
class|||23|||22|||1|||3
public|||16|||22|||4|||3
static|||23|||22|||5|||3
private|||16|||23|||0|||3
class|||24|||23|||1|||3
private|||17|||23|||4|||3
static|||24|||23|||5|||3
AlgorithmicBase|||1|||0|||2|||8
totalElements|||1|||0|||16|||8
10|||1|||0|||18|||8
counter|||1|||0|||23|||8
0|||1|||0|||25|||8
counter|||2|||0|||27|||8
totalElements|||2|||0|||29|||8
counter|||3|||0|||31|||8
counter|||4|||0|||41|||8
RepeatMechanism|||1|||1|||2|||8
itemsToRepeat|||1|||1|||16|||8
10|||2|||1|||18|||8
index|||1|||1|||23|||8
0|||2|||1|||25|||8
index|||2|||1|||27|||8
itemsToRepeat|||2|||1|||29|||8
index|||3|||1|||31|||8
index|||4|||1|||41|||8
NumberRange|||1|||2|||2|||8
iVal|||1|||2|||16|||8
0|||3|||2|||18|||8
iVal|||2|||2|||22|||8
10|||3|||2|||24|||8
iVal|||3|||2|||36|||8
iVal|||4|||2|||39|||8
LoopProcess|||1|||3|||2|||8
iterator|||1|||3|||16|||8
0|||4|||3|||18|||8
iterator|||2|||3|||22|||8
10|||4|||3|||24|||8
iterator|||3|||3|||33|||8
iterator|||4|||3|||36|||8
DecisionGate|||1|||4|||2|||8
currentIdx|||1|||4|||16|||8
5|||1|||4|||18|||8
maxValue|||1|||4|||21|||8
10|||5|||4|||23|||8
currentIdx|||2|||4|||27|||8
maxValue|||2|||4|||32|||8
currentIdx|||3|||4|||41|||8
ConditionFail|||1|||5|||2|||8
checkIdx|||1|||5|||16|||8
5|||2|||5|||18|||8
upperLim|||1|||5|||21|||8
10|||6|||5|||23|||8
checkIdx|||2|||5|||29|||8
upperLim|||2|||5|||31|||8
checkIdx|||3|||5|||44|||8
ArrayModify|||1|||6|||2|||8
dataPoints|||1|||6|||18|||8
5|||3|||6|||23|||8
dataPoints|||2|||6|||26|||8
0|||5|||6|||28|||8
dataPoints|||3|||6|||31|||8
0|||6|||6|||33|||8
dataPoints|||4|||6|||47|||8
0|||7|||6|||49|||8
DataStore|||1|||7|||2|||8
container|||1|||7|||18|||8
5|||4|||7|||23|||8
container|||2|||7|||26|||8
0|||8|||7|||28|||8
container|||3|||7|||42|||8
0|||9|||7|||44|||8
IterateAction|||1|||8|||2|||8
kVal|||1|||8|||16|||8
kVal|||2|||8|||20|||8
0|||10|||8|||22|||8
kVal|||3|||8|||24|||8
5|||5|||8|||26|||8
kVal|||4|||8|||28|||8
kVal|||5|||8|||41|||8
LimitAchieved|||1|||9|||2|||8
limiter|||1|||9|||16|||8
0|||11|||9|||18|||8
limiter|||2|||9|||22|||8
5|||6|||9|||24|||8
limiter|||3|||9|||36|||8
limiter|||4|||9|||39|||8
StartState|||1|||10|||2|||8
initialValue|||1|||10|||16|||8
0|||12|||10|||18|||8
initialValue|||2|||10|||29|||8
InitializeVal|||1|||11|||2|||8
identifier|||1|||11|||16|||8
1|||1|||11|||18|||8
identifier|||2|||11|||29|||8
SpanRun|||1|||12|||2|||8
limit|||1|||12|||16|||8
10|||7|||12|||18|||8
counterInner|||1|||12|||23|||8
0|||13|||12|||25|||8
counterInner|||2|||12|||27|||8
limit|||2|||12|||29|||8
counterInner|||3|||12|||31|||8
counterInner|||4|||12|||41|||8
BoundCheck|||1|||13|||2|||8
topRange|||1|||13|||16|||8
10|||8|||13|||18|||8
walker|||1|||13|||23|||8
0|||14|||13|||25|||8
walker|||2|||13|||27|||8
topRange|||2|||13|||29|||8
walker|||3|||13|||31|||8
walker|||4|||13|||41|||8
QuickCycle|||1|||14|||2|||8
loopCount|||1|||14|||16|||8
loopCount|||2|||14|||20|||8
0|||15|||14|||22|||8
loopCount|||3|||14|||24|||8
5|||7|||14|||26|||8
loopCount|||4|||14|||28|||8
loopCount|||5|||14|||41|||8
BriefRepeat|||1|||15|||2|||8
cycleVal|||1|||15|||16|||8
0|||16|||15|||18|||8
cycleVal|||2|||15|||22|||8
5|||8|||15|||24|||8
cycleVal|||3|||15|||36|||8
cycleVal|||4|||15|||39|||8
SizeCheck|||1|||16|||2|||8
lengthVal|||1|||16|||16|||8
7|||1|||16|||18|||8
widthVal|||1|||16|||21|||8
10|||9|||16|||23|||8
lengthVal|||2|||16|||27|||8
widthVal|||2|||16|||29|||8
x|||1|||16|||39|||8
NotSmaller|||1|||17|||2|||8
leftSide|||1|||17|||16|||8
7|||2|||17|||18|||8
rightSide|||1|||17|||21|||8
10|||10|||17|||23|||8
leftSide|||2|||17|||27|||8
rightSide|||2|||17|||29|||8
x|||2|||17|||41|||8
ScaleValue|||1|||18|||2|||8
valueSet|||1|||18|||18|||8
1|||2|||18|||21|||8
2|||1|||18|||23|||8
3|||1|||18|||25|||8
4|||1|||18|||27|||8
5|||9|||18|||29|||8
valueSet|||2|||18|||32|||8
2|||2|||18|||34|||8
valueSet|||3|||18|||37|||8
2|||3|||18|||39|||8
2|||4|||18|||42|||8
valueSet|||4|||18|||50|||8
2|||5|||18|||52|||8
ItemScale|||1|||19|||2|||8
numberList|||1|||19|||18|||8
1|||3|||19|||21|||8
2|||6|||19|||23|||8
3|||2|||19|||25|||8
4|||2|||19|||27|||8
5|||10|||19|||29|||8
numberList|||2|||19|||32|||8
2|||7|||19|||34|||8
2|||8|||19|||37|||8
numberList|||3|||19|||45|||8
2|||9|||19|||47|||8
IncrStep|||1|||20|||2|||8
indexLoop|||1|||20|||16|||8
indexLoop|||2|||20|||20|||8
1|||4|||20|||22|||8
indexLoop|||3|||20|||24|||8
4|||3|||20|||26|||8
indexLoop|||4|||20|||28|||8
indexLoop|||5|||20|||41|||8
StepAdvance|||1|||21|||2|||8
countIndex|||1|||21|||16|||8
countIndex|||2|||21|||20|||8
1|||5|||21|||22|||8
countIndex|||3|||21|||24|||8
4|||4|||21|||26|||8
countIndex|||4|||21|||28|||8
countIndex|||5|||21|||41|||8
OriginZero|||1|||22|||2|||8
zero|||1|||22|||16|||8
0|||17|||22|||18|||8
zero|||2|||22|||29|||8
FirstPos|||1|||23|||2|||8
startVal|||1|||23|||16|||8
1|||6|||23|||18|||8
startVal|||2|||23|||29|||8
{|||1|||0|||3|||2
{|||2|||0|||14|||2
;|||1|||0|||19|||2
;|||2|||0|||26|||2
;|||3|||0|||30|||2
{|||3|||0|||34|||2
;|||4|||0|||43|||2
{|||4|||1|||3|||2
{|||5|||1|||14|||2
;|||5|||1|||19|||2
;|||6|||1|||26|||2
;|||7|||1|||30|||2
{|||6|||1|||34|||2
;|||8|||1|||43|||2
{|||7|||2|||3|||2
{|||8|||2|||14|||2
;|||9|||2|||19|||2
{|||9|||2|||26|||2
;|||10|||2|||38|||2
;|||11|||2|||41|||2
{|||10|||3|||3|||2
{|||11|||3|||14|||2
;|||12|||3|||19|||2
{|||12|||3|||26|||2
;|||13|||3|||35|||2
;|||14|||3|||38|||2
{|||13|||4|||3|||2
{|||14|||4|||14|||2
;|||15|||4|||19|||2
;|||16|||4|||24|||2
{|||15|||4|||34|||2
;|||17|||4|||43|||2
{|||16|||5|||3|||2
{|||17|||5|||14|||2
;|||18|||5|||19|||2
;|||19|||5|||24|||2
{|||18|||5|||34|||2
;|||20|||5|||46|||2
{|||19|||6|||3|||2
{|||20|||6|||14|||2
;|||21|||6|||25|||2
;|||22|||6|||40|||2
;|||23|||6|||52|||2
{|||21|||7|||3|||2
{|||22|||7|||14|||2
;|||24|||7|||25|||2
;|||25|||7|||35|||2
;|||26|||7|||47|||2
{|||23|||8|||3|||2
{|||24|||8|||14|||2
;|||27|||8|||17|||2
;|||28|||8|||23|||2
;|||29|||8|||27|||2
{|||25|||8|||31|||2
;|||30|||8|||43|||2
{|||26|||9|||3|||2
{|||27|||9|||14|||2
;|||31|||9|||19|||2
{|||28|||9|||26|||2
;|||32|||9|||38|||2
;|||33|||9|||41|||2
{|||29|||10|||3|||2
{|||30|||10|||14|||2
;|||34|||10|||19|||2
;|||35|||10|||31|||2
{|||31|||11|||3|||2
{|||32|||11|||14|||2
;|||36|||11|||19|||2
;|||37|||11|||31|||2
{|||33|||12|||3|||2
{|||34|||12|||14|||2
;|||38|||12|||19|||2
;|||39|||12|||26|||2
;|||40|||12|||30|||2
{|||35|||12|||34|||2
;|||41|||12|||43|||2
{|||36|||13|||3|||2
{|||37|||13|||14|||2
;|||42|||13|||19|||2
;|||43|||13|||26|||2
;|||44|||13|||30|||2
{|||38|||13|||34|||2
;|||45|||13|||43|||2
{|||39|||14|||3|||2
{|||40|||14|||14|||2
;|||46|||14|||17|||2
;|||47|||14|||23|||2
;|||48|||14|||27|||2
{|||41|||14|||31|||2
;|||49|||14|||43|||2
{|||42|||15|||3|||2
{|||43|||15|||14|||2
;|||50|||15|||19|||2
{|||44|||15|||26|||2
;|||51|||15|||38|||2
;|||52|||15|||41|||2
{|||45|||16|||3|||2
{|||46|||16|||14|||2
;|||53|||16|||19|||2
;|||54|||16|||24|||2
{|||47|||16|||31|||2
;|||55|||16|||44|||2
{|||48|||17|||3|||2
{|||49|||17|||14|||2
;|||56|||17|||19|||2
;|||57|||17|||24|||2
{|||50|||17|||33|||2
;|||58|||17|||46|||2
{|||51|||18|||3|||2
{|||52|||18|||14|||2
;|||59|||18|||31|||2
;|||60|||18|||43|||2
;|||61|||18|||55|||2
{|||54|||19|||3|||2
{|||55|||19|||14|||2
;|||62|||19|||31|||2
;|||63|||19|||38|||2
;|||64|||19|||50|||2
{|||57|||20|||3|||2
{|||58|||20|||14|||2
;|||65|||20|||17|||2
;|||66|||20|||23|||2
;|||67|||20|||27|||2
{|||59|||20|||31|||2
;|||68|||20|||43|||2
{|||60|||21|||3|||2
{|||61|||21|||14|||2
;|||69|||21|||17|||2
;|||70|||21|||23|||2
;|||71|||21|||27|||2
{|||62|||21|||31|||2
;|||72|||21|||43|||2
{|||63|||22|||3|||2
{|||64|||22|||14|||2
;|||73|||22|||19|||2
;|||74|||22|||31|||2
{|||65|||23|||3|||2
{|||66|||23|||14|||2
;|||75|||23|||19|||2
;|||76|||23|||31|||2
void|||1|||0|||6|||5
String|||1|||0|||9|||5
float|||1|||0|||15|||5
int|||1|||0|||22|||5
void|||2|||1|||6|||5
String|||2|||1|||9|||5
float|||2|||1|||15|||5
int|||2|||1|||22|||5
void|||3|||2|||6|||5
String|||3|||2|||9|||5
float|||3|||2|||15|||5
int|||3|||2|||34|||5
void|||4|||3|||6|||5
String|||4|||3|||9|||5
float|||4|||3|||15|||5
void|||5|||4|||6|||5
String|||5|||4|||9|||5
int|||4|||4|||15|||5
int|||5|||4|||20|||5
float|||5|||4|||30|||5
void|||6|||5|||6|||5
String|||6|||5|||9|||5
float|||6|||5|||15|||5
float|||7|||5|||20|||5
int|||6|||5|||42|||5
void|||7|||6|||6|||5
String|||7|||6|||9|||5
int|||7|||6|||15|||5
int|||8|||6|||21|||5
int|||9|||6|||37|||5
void|||8|||7|||6|||5
String|||8|||7|||9|||5
int|||10|||7|||15|||5
int|||11|||7|||21|||5
int|||12|||7|||32|||5
void|||9|||8|||6|||5
String|||9|||8|||9|||5
float|||8|||8|||15|||5
int|||13|||8|||39|||5
void|||10|||9|||6|||5
String|||10|||9|||9|||5
float|||9|||9|||15|||5
int|||14|||9|||34|||5
void|||11|||10|||6|||5
String|||11|||10|||9|||5
float|||10|||10|||15|||5
int|||15|||10|||27|||5
void|||12|||11|||6|||5
String|||12|||11|||9|||5
float|||11|||11|||15|||5
int|||16|||11|||27|||5
void|||13|||12|||6|||5
String|||13|||12|||9|||5
int|||17|||12|||15|||5
int|||18|||12|||22|||5
void|||14|||13|||6|||5
String|||14|||13|||9|||5
int|||19|||13|||15|||5
int|||20|||13|||22|||5
void|||15|||14|||6|||5
String|||15|||14|||9|||5
float|||12|||14|||15|||5
int|||21|||14|||39|||5
void|||16|||15|||6|||5
String|||16|||15|||9|||5
float|||13|||15|||15|||5
int|||22|||15|||34|||5
void|||17|||16|||6|||5
String|||17|||16|||9|||5
float|||14|||16|||15|||5
float|||15|||16|||20|||5
void|||18|||17|||6|||5
String|||18|||17|||9|||5
float|||16|||17|||15|||5
float|||17|||17|||20|||5
void|||19|||18|||6|||5
String|||19|||18|||9|||5
int|||23|||18|||15|||5
void|||20|||19|||6|||5
String|||20|||19|||9|||5
int|||24|||19|||15|||5
void|||21|||20|||6|||5
String|||21|||20|||9|||5
float|||18|||20|||15|||5
int|||25|||20|||39|||5
void|||22|||21|||6|||5
String|||22|||21|||9|||5
float|||19|||21|||15|||5
int|||26|||21|||39|||5
void|||23|||22|||6|||5
String|||23|||22|||9|||5
float|||20|||22|||15|||5
int|||27|||22|||27|||5
void|||24|||23|||6|||5
String|||24|||23|||9|||5
float|||21|||23|||15|||5
int|||28|||23|||27|||5
main|||1|||0|||7|||9
programArgs|||1|||0|||12|||9
main|||2|||1|||7|||9
args|||1|||1|||12|||9
main|||3|||2|||7|||9
args|||2|||2|||12|||9
main|||4|||3|||7|||9
args|||3|||3|||12|||9
main|||5|||4|||7|||9
args|||4|||4|||12|||9
main|||6|||5|||7|||9
args|||5|||5|||12|||9
main|||7|||6|||7|||9
args|||6|||6|||12|||9
main|||8|||7|||7|||9
args|||7|||7|||12|||9
main|||9|||8|||7|||9
args|||8|||8|||12|||9
main|||10|||9|||7|||9
args|||9|||9|||12|||9
main|||11|||10|||7|||9
args|||10|||10|||12|||9
main|||12|||11|||7|||9
args|||11|||11|||12|||9
main|||13|||12|||7|||9
args|||12|||12|||12|||9
main|||14|||13|||7|||9
args|||13|||13|||12|||9
main|||15|||14|||7|||9
args|||14|||14|||12|||9
main|||16|||15|||7|||9
args|||15|||15|||12|||9
main|||17|||16|||7|||9
args|||16|||16|||12|||9
main|||18|||17|||7|||9
args|||17|||17|||12|||9
main|||19|||18|||7|||9
args|||18|||18|||12|||9
main|||20|||19|||7|||9
args|||19|||19|||12|||9
main|||21|||20|||7|||9
args|||20|||20|||12|||9
main|||22|||21|||7|||9
args|||21|||21|||12|||9
main|||23|||22|||7|||9
args|||22|||22|||12|||9
main|||24|||23|||7|||9
args|||23|||23|||12|||9
(|||1|||0|||8|||1
)|||1|||0|||13|||1
=|||1|||0|||17|||1
for|||1|||0|||20|||1
(|||2|||0|||21|||1
=|||2|||0|||24|||1
<|||1|||0|||28|||1
++|||1|||0|||32|||1
)|||2|||0|||33|||1
.|||1|||0|||36|||1
.|||2|||0|||38|||1
(|||3|||0|||40|||1
)|||3|||0|||42|||1
(|||4|||1|||8|||1
)|||4|||1|||13|||1
=|||3|||1|||17|||1
for|||2|||1|||20|||1
(|||5|||1|||21|||1
=|||4|||1|||24|||1
<|||2|||1|||28|||1
++|||2|||1|||32|||1
)|||5|||1|||33|||1
.|||3|||1|||36|||1
.|||4|||1|||38|||1
(|||6|||1|||40|||1
)|||6|||1|||42|||1
(|||7|||2|||8|||1
)|||7|||2|||13|||1
=|||5|||2|||17|||1
while|||1|||2|||20|||1
(|||8|||2|||21|||1
<|||3|||2|||23|||1
)|||8|||2|||25|||1
.|||5|||2|||28|||1
.|||6|||2|||30|||1
(|||9|||2|||32|||1
(|||10|||2|||33|||1
)|||9|||2|||35|||1
)|||10|||2|||37|||1
++|||3|||2|||40|||1
(|||11|||3|||8|||1
)|||11|||3|||13|||1
=|||6|||3|||17|||1
while|||2|||3|||20|||1
(|||12|||3|||21|||1
<|||4|||3|||23|||1
)|||12|||3|||25|||1
.|||7|||3|||28|||1
.|||8|||3|||30|||1
(|||13|||3|||32|||1
)|||13|||3|||34|||1
++|||4|||3|||37|||1
(|||14|||4|||8|||1
)|||14|||4|||13|||1
=|||7|||4|||17|||1
=|||8|||4|||22|||1
if|||1|||4|||25|||1
(|||15|||4|||26|||1
<|||5|||4|||28|||1
(|||16|||4|||29|||1
)|||15|||4|||31|||1
)|||16|||4|||33|||1
.|||9|||4|||36|||1
.|||10|||4|||38|||1
(|||17|||4|||40|||1
)|||17|||4|||42|||1
(|||18|||5|||8|||1
)|||18|||5|||13|||1
=|||9|||5|||17|||1
=|||10|||5|||22|||1
if|||2|||5|||25|||1
(|||19|||5|||26|||1
!|||1|||5|||27|||1
(|||20|||5|||28|||1
>=|||1|||5|||30|||1
)|||19|||5|||32|||1
)|||20|||5|||33|||1
.|||11|||5|||36|||1
.|||12|||5|||38|||1
(|||21|||5|||40|||1
(|||22|||5|||41|||1
)|||21|||5|||43|||1
)|||22|||5|||45|||1
(|||23|||6|||8|||1
)|||23|||6|||13|||1
=|||11|||6|||19|||1
new|||1|||6|||20|||1
[|||9|||6|||22|||1
]|||9|||6|||24|||1
[|||10|||6|||27|||1
]|||10|||6|||29|||1
=|||12|||6|||30|||1
[|||11|||6|||32|||1
]|||11|||6|||34|||1
+|||1|||6|||35|||1
(|||24|||6|||36|||1
)|||24|||6|||38|||1
100.0f|||1|||6|||39|||1
.|||13|||6|||42|||1
.|||14|||6|||44|||1
(|||25|||6|||46|||1
[|||12|||6|||48|||1
]|||12|||6|||50|||1
)|||25|||6|||51|||1
(|||26|||7|||8|||1
)|||26|||7|||13|||1
=|||13|||7|||19|||1
new|||2|||7|||20|||1
[|||15|||7|||22|||1
]|||15|||7|||24|||1
[|||16|||7|||27|||1
]|||16|||7|||29|||1
+=|||1|||7|||30|||1
(|||27|||7|||31|||1
)|||27|||7|||33|||1
100.0f|||2|||7|||34|||1
.|||15|||7|||37|||1
.|||16|||7|||39|||1
(|||28|||7|||41|||1
[|||17|||7|||43|||1
]|||17|||7|||45|||1
)|||28|||7|||46|||1
(|||29|||8|||8|||1
)|||29|||8|||13|||1
for|||3|||8|||18|||1
(|||30|||8|||19|||1
=|||14|||8|||21|||1
<|||6|||8|||25|||1
++|||5|||8|||29|||1
)|||30|||8|||30|||1
.|||17|||8|||33|||1
.|||18|||8|||35|||1
(|||31|||8|||37|||1
(|||32|||8|||38|||1
)|||31|||8|||40|||1
)|||32|||8|||42|||1
(|||33|||9|||8|||1
)|||33|||9|||13|||1
=|||15|||9|||17|||1
while|||3|||9|||20|||1
(|||34|||9|||21|||1
<=|||1|||9|||23|||1
)|||34|||9|||25|||1
.|||19|||9|||28|||1
.|||20|||9|||30|||1
(|||35|||9|||32|||1
(|||36|||9|||33|||1
)|||35|||9|||35|||1
)|||36|||9|||37|||1
++|||6|||9|||40|||1
(|||37|||10|||8|||1
)|||37|||10|||13|||1
=|||16|||10|||17|||1
.|||21|||10|||21|||1
.|||22|||10|||23|||1
(|||38|||10|||25|||1
(|||39|||10|||26|||1
)|||38|||10|||28|||1
)|||39|||10|||30|||1
(|||40|||11|||8|||1
)|||40|||11|||13|||1
=|||17|||11|||17|||1
.|||23|||11|||21|||1
.|||24|||11|||23|||1
(|||41|||11|||25|||1
(|||42|||11|||26|||1
)|||41|||11|||28|||1
)|||42|||11|||30|||1
(|||43|||12|||8|||1
)|||43|||12|||13|||1
=|||18|||12|||17|||1
for|||4|||12|||20|||1
(|||44|||12|||21|||1
=|||19|||12|||24|||1
<|||7|||12|||28|||1
++|||7|||12|||32|||1
)|||44|||12|||33|||1
.|||25|||12|||36|||1
.|||26|||12|||38|||1
(|||45|||12|||40|||1
)|||45|||12|||42|||1
(|||46|||13|||8|||1
)|||46|||13|||13|||1
=|||20|||13|||17|||1
for|||5|||13|||20|||1
(|||47|||13|||21|||1
=|||21|||13|||24|||1
<|||8|||13|||28|||1
++|||8|||13|||32|||1
)|||47|||13|||33|||1
.|||27|||13|||36|||1
.|||28|||13|||38|||1
(|||48|||13|||40|||1
)|||48|||13|||42|||1
(|||49|||14|||8|||1
)|||49|||14|||13|||1
for|||6|||14|||18|||1
(|||50|||14|||19|||1
=|||22|||14|||21|||1
<|||9|||14|||25|||1
++|||9|||14|||29|||1
)|||50|||14|||30|||1
.|||29|||14|||33|||1
.|||30|||14|||35|||1
(|||51|||14|||37|||1
(|||52|||14|||38|||1
)|||51|||14|||40|||1
)|||52|||14|||42|||1
(|||53|||15|||8|||1
)|||53|||15|||13|||1
=|||23|||15|||17|||1
while|||4|||15|||20|||1
(|||54|||15|||21|||1
<|||10|||15|||23|||1
)|||54|||15|||25|||1
.|||31|||15|||28|||1
.|||32|||15|||30|||1
(|||55|||15|||32|||1
(|||56|||15|||33|||1
)|||55|||15|||35|||1
)|||56|||15|||37|||1
++|||10|||15|||40|||1
(|||57|||16|||8|||1
)|||57|||16|||13|||1
=|||24|||16|||17|||1
=|||25|||16|||22|||1
if|||3|||16|||25|||1
(|||58|||16|||26|||1
>|||1|||16|||28|||1
)|||58|||16|||30|||1
.|||33|||16|||33|||1
.|||34|||16|||35|||1
(|||59|||16|||37|||1
"|||1|||16|||38|||1
is|||1|||16|||40|||1
greater|||1|||16|||41|||1
"|||2|||16|||42|||1
)|||59|||16|||43|||1
(|||60|||17|||8|||1
)|||60|||17|||13|||1
=|||26|||17|||17|||1
=|||27|||17|||22|||1
if|||4|||17|||25|||1
(|||61|||17|||26|||1
<=|||2|||17|||28|||1
==|||1|||17|||30|||1
false|||1|||17|||31|||1
)|||61|||17|||32|||1
.|||35|||17|||35|||1
.|||36|||17|||37|||1
(|||62|||17|||39|||1
"|||3|||17|||40|||1
is|||2|||17|||42|||1
greater|||2|||17|||43|||1
"|||4|||17|||44|||1
)|||62|||17|||45|||1
(|||63|||18|||8|||1
)|||63|||18|||13|||1
=|||28|||18|||19|||1
{|||53|||18|||20|||1
,|||1|||18|||22|||1
,|||2|||18|||24|||1
,|||3|||18|||26|||1
,|||4|||18|||28|||1
}|||51|||18|||30|||1
[|||30|||18|||33|||1
]|||30|||18|||35|||1
=|||29|||18|||36|||1
[|||31|||18|||38|||1
]|||31|||18|||40|||1
*|||1|||18|||41|||1
.|||37|||18|||45|||1
.|||38|||18|||47|||1
(|||64|||18|||49|||1
[|||32|||18|||51|||1
]|||32|||18|||53|||1
)|||64|||18|||54|||1
(|||65|||19|||8|||1
)|||65|||19|||13|||1
=|||30|||19|||19|||1
{|||56|||19|||20|||1
,|||5|||19|||22|||1
,|||6|||19|||24|||1
,|||7|||19|||26|||1
,|||8|||19|||28|||1
}|||54|||19|||30|||1
[|||35|||19|||33|||1
]|||35|||19|||35|||1
*=|||1|||19|||36|||1
.|||39|||19|||40|||1
.|||40|||19|||42|||1
(|||66|||19|||44|||1
[|||36|||19|||46|||1
]|||36|||19|||48|||1
)|||66|||19|||49|||1
(|||67|||20|||8|||1
)|||67|||20|||13|||1
for|||7|||20|||18|||1
(|||68|||20|||19|||1
=|||31|||20|||21|||1
<|||11|||20|||25|||1
++|||11|||20|||29|||1
)|||68|||20|||30|||1
.|||41|||20|||33|||1
.|||42|||20|||35|||1
(|||69|||20|||37|||1
(|||70|||20|||38|||1
)|||69|||20|||40|||1
)|||70|||20|||42|||1
(|||71|||21|||8|||1
)|||71|||21|||13|||1
for|||8|||21|||18|||1
(|||72|||21|||19|||1
=|||32|||21|||21|||1
<=|||3|||21|||25|||1
++|||12|||21|||29|||1
)|||72|||21|||30|||1
.|||43|||21|||33|||1
.|||44|||21|||35|||1
(|||73|||21|||37|||1
(|||74|||21|||38|||1
)|||73|||21|||40|||1
)|||74|||21|||42|||1
(|||75|||22|||8|||1
)|||75|||22|||13|||1
=|||33|||22|||17|||1
.|||45|||22|||21|||1
.|||46|||22|||23|||1
(|||76|||22|||25|||1
(|||77|||22|||26|||1
)|||76|||22|||28|||1
)|||77|||22|||30|||1
(|||78|||23|||8|||1
)|||78|||23|||13|||1
=|||34|||23|||17|||1
.|||47|||23|||21|||1
.|||48|||23|||23|||1
(|||79|||23|||25|||1
(|||80|||23|||26|||1
)|||79|||23|||28|||1
)|||80|||23|||30|||1
[|||1|||0|||10|||4
]|||1|||0|||11|||4
[|||2|||1|||10|||4
]|||2|||1|||11|||4
[|||3|||2|||10|||4
]|||3|||2|||11|||4
[|||4|||3|||10|||4
]|||4|||3|||11|||4
[|||5|||4|||10|||4
]|||5|||4|||11|||4
[|||6|||5|||10|||4
]|||6|||5|||11|||4
[|||7|||6|||10|||4
]|||7|||6|||11|||4
[|||8|||6|||16|||4
]|||8|||6|||17|||4
[|||13|||7|||10|||4
]|||13|||7|||11|||4
[|||14|||7|||16|||4
]|||14|||7|||17|||4
[|||18|||8|||10|||4
]|||18|||8|||11|||4
[|||19|||9|||10|||4
]|||19|||9|||11|||4
[|||20|||10|||10|||4
]|||20|||10|||11|||4
[|||21|||11|||10|||4
]|||21|||11|||11|||4
[|||22|||12|||10|||4
]|||22|||12|||11|||4
[|||23|||13|||10|||4
]|||23|||13|||11|||4
[|||24|||14|||10|||4
]|||24|||14|||11|||4
[|||25|||15|||10|||4
]|||25|||15|||11|||4
[|||26|||16|||10|||4
]|||26|||16|||11|||4
[|||27|||17|||10|||4
]|||27|||17|||11|||4
[|||28|||18|||10|||4
]|||28|||18|||11|||4
[|||29|||18|||16|||4
]|||29|||18|||17|||4
[|||33|||19|||10|||4
]|||33|||19|||11|||4
[|||34|||19|||16|||4
]|||34|||19|||17|||4
[|||37|||20|||10|||4
]|||37|||20|||11|||4
[|||38|||21|||10|||4
]|||38|||21|||11|||4
[|||39|||22|||10|||4
]|||39|||22|||11|||4
[|||40|||23|||10|||4
]|||40|||23|||11|||4
System|||1|||0|||35|||6
System|||2|||1|||35|||6
System|||3|||2|||27|||6
System|||4|||3|||27|||6
System|||5|||4|||35|||6
System|||6|||5|||35|||6
System|||7|||6|||41|||6
System|||8|||7|||36|||6
System|||9|||8|||32|||6
System|||10|||9|||27|||6
System|||11|||10|||20|||6
System|||12|||11|||20|||6
System|||13|||12|||35|||6
System|||14|||13|||35|||6
System|||15|||14|||32|||6
System|||16|||15|||27|||6
System|||17|||16|||32|||6
System|||18|||17|||34|||6
System|||19|||18|||44|||6
System|||20|||19|||39|||6
System|||21|||20|||32|||6
System|||22|||21|||32|||6
System|||23|||22|||20|||6
System|||24|||23|||20|||6
out|||1|||0|||37|||7
println|||1|||0|||39|||7
out|||2|||1|||37|||7
println|||2|||1|||39|||7
out|||3|||2|||29|||7
println|||3|||2|||31|||7
out|||4|||3|||29|||7
println|||4|||3|||31|||7
out|||5|||4|||37|||7
println|||5|||4|||39|||7
out|||6|||5|||37|||7
println|||6|||5|||39|||7
out|||7|||6|||43|||7
println|||7|||6|||45|||7
out|||8|||7|||38|||7
println|||8|||7|||40|||7
out|||9|||8|||34|||7
println|||9|||8|||36|||7
out|||10|||9|||29|||7
println|||10|||9|||31|||7
out|||11|||10|||22|||7
println|||11|||10|||24|||7
out|||12|||11|||22|||7
println|||12|||11|||24|||7
out|||13|||12|||37|||7
println|||13|||12|||39|||7
out|||14|||13|||37|||7
println|||14|||13|||39|||7
out|||15|||14|||34|||7
println|||15|||14|||36|||7
out|||16|||15|||29|||7
println|||16|||15|||31|||7
out|||17|||16|||34|||7
println|||17|||16|||36|||7
out|||18|||17|||36|||7
println|||18|||17|||38|||7
out|||19|||18|||46|||7
println|||19|||18|||48|||7
out|||20|||19|||41|||7
println|||20|||19|||43|||7
out|||21|||20|||34|||7
println|||21|||20|||36|||7
out|||22|||21|||34|||7
println|||22|||21|||36|||7
out|||23|||22|||22|||7
println|||23|||22|||24|||7
out|||24|||23|||22|||7
println|||24|||23|||24|||7
}|||1|||0|||44|||0
}|||2|||0|||45|||0
}|||3|||0|||46|||0
}|||4|||1|||44|||0
}|||5|||1|||45|||0
}|||6|||1|||46|||0
}|||7|||2|||42|||0
}|||8|||2|||43|||0
}|||9|||2|||44|||0
}|||10|||3|||39|||0
}|||11|||3|||40|||0
}|||12|||3|||41|||0
}|||13|||4|||44|||0
}|||14|||4|||45|||0
}|||15|||4|||46|||0
}|||16|||5|||47|||0
}|||17|||5|||48|||0
}|||18|||5|||49|||0
}|||19|||6|||53|||0
}|||20|||6|||54|||0
}|||21|||7|||48|||0
}|||22|||7|||49|||0
}|||23|||8|||44|||0
}|||24|||8|||45|||0
}|||25|||8|||46|||0
}|||26|||9|||42|||0
}|||27|||9|||43|||0
}|||28|||9|||44|||0
}|||29|||10|||32|||0
}|||30|||10|||33|||0
}|||31|||11|||32|||0
}|||32|||11|||33|||0
}|||33|||12|||44|||0
}|||34|||12|||45|||0
}|||35|||12|||46|||0
}|||36|||13|||44|||0
}|||37|||13|||45|||0
}|||38|||13|||46|||0
}|||39|||14|||44|||0
}|||40|||14|||45|||0
}|||41|||14|||46|||0
}|||42|||15|||42|||0
}|||43|||15|||43|||0
}|||44|||15|||44|||0
}|||45|||16|||45|||0
}|||46|||16|||46|||0
}|||47|||16|||47|||0
}|||48|||17|||47|||0
}|||49|||17|||48|||0
}|||50|||17|||49|||0
}|||52|||18|||56|||0
}|||53|||18|||57|||0
}|||55|||19|||51|||0
}|||56|||19|||52|||0
}|||57|||20|||44|||0
}|||58|||20|||45|||0
}|||59|||20|||46|||0
}|||60|||21|||44|||0
}|||61|||21|||45|||0
}|||62|||21|||46|||0
}|||63|||22|||32|||0
}|||64|||22|||33|||0
}|||65|||23|||32|||0
}|||66|||23|||33|||0
