<=|||1|||0|||8|||0
+|||1|||0|||21|||0
<=|||2|||1|||13|||0
+=|||1|||1|||20|||0
<=|||3|||2|||8|||0
+=|||2|||2|||12|||0
+|||2|||2|||22|||0
<=|||4|||3|||8|||0
+=|||3|||3|||12|||0
+|||3|||3|||22|||0
<=|||5|||4|||13|||0
*=|||1|||4|||20|||0
<|||1|||5|||25|||0
+|||4|||5|||43|||0
>=|||1|||6|||12|||0
+|||5|||6|||28|||0
<|||2|||7|||13|||0
+=|||4|||7|||22|||0
<|||3|||8|||19|||0
+|||6|||8|||33|||0
+|||7|||8|||41|||0
=|||17|||8|||45|||0
=|||18|||8|||49|||0
>|||1|||9|||13|||0
/=|||1|||9|||17|||0
++|||7|||9|||21|||0
for|||11|||10|||9|||0
>|||2|||10|||13|||0
/=|||2|||10|||17|||0
*|||1|||10|||23|||0
+|||8|||10|||25|||0
%|||1|||10|||27|||0
<|||4|||11|||16|||0
>|||3|||11|||30|||0
<|||5|||12|||16|||0
<|||6|||12|||30|||0
;|||53|||13|||13|||0
!=|||1|||13|||15|||0
;|||54|||13|||17|||0
=|||32|||13|||19|||0
=|||33|||13|||23|||0
%|||2|||13|||25|||0
=|||34|||13|||29|||0
<=|||6|||14|||17|||0
/|||1|||14|||19|||0
%|||3|||14|||28|||0
==|||1|||14|||30|||0
=|||38|||14|||34|||0
<|||7|||15|||10|||0
/|||2|||15|||14|||0
=|||40|||15|||22|||0
=|||41|||15|||32|||0
-|||2|||15|||38|||0
-|||3|||15|||40|||0
-|||4|||15|||49|||0
-|||5|||15|||51|||0
=|||42|||15|||54|||0
!=|||2|||16|||45|||0
++|||13|||16|||50|||0
for|||18|||17|||13|||0
>|||4|||17|||17|||0
/=|||3|||17|||21|||0
=|||49|||17|||25|||0
*|||2|||17|||27|||0
+|||9|||17|||29|||0
%|||4|||17|||31|||0
<|||9|||18|||21|||0
*=|||2|||18|||28|||0
+|||10|||19|||40|||0
<|||11|||20|||8|||0
-|||7|||20|||12|||0
<|||12|||20|||26|||0
-|||8|||20|||30|||0
-|||9|||20|||32|||0
>|||5|||20|||44|||0
+|||11|||20|||48|||0
=|||59|||20|||65|||0
+|||12|||20|||69|||0
+|||13|||20|||76|||0
=|||60|||20|||79|||0
<|||13|||21|||8|||0
-|||10|||21|||12|||0
+|||14|||21|||30|||0
<|||14|||21|||34|||0
<|||15|||21|||48|||0
=|||66|||21|||70|||0
<|||16|||22|||8|||0
-|||11|||22|||28|||0
while|||1|||22|||31|||0
>=|||2|||22|||34|||0
&&|||1|||22|||36|||0
>|||6|||22|||41|||0
+|||15|||22|||47|||0
=|||71|||22|||50|||0
--|||2|||22|||54|||0
+|||16|||22|||60|||0
=|||72|||22|||63|||0
<|||17|||23|||8|||0
<=|||7|||23|||28|||0
+|||17|||23|||42|||0
=|||76|||23|||48|||0
*|||3|||23|||50|||0
-|||12|||23|||53|||0
/|||3|||23|||56|||0
+|||18|||23|||59|||0
<|||18|||24|||25|||0
*=|||3|||24|||33|||0
-|||13|||24|||36|||0
*=|||4|||24|||41|||0
+|||19|||24|||44|||0
/|||4|||24|||56|||0
for|||29|||25|||9|||0
>|||7|||25|||13|||0
/=|||4|||25|||17|||0
+=|||5|||25|||21|||0
%|||5|||25|||23|||0
==|||2|||26|||40|||0
++|||25|||26|||45|||0
-|||14|||27|||41|||0
<=|||8|||28|||8|||0
++|||27|||28|||12|||0
<=|||9|||28|||28|||0
/|||5|||28|||30|||0
++|||28|||28|||34|||0
%|||6|||28|||39|||0
==|||3|||28|||41|||0
=|||92|||28|||45|||0
==|||4|||28|||51|||0
+|||20|||28|||61|||0
>|||8|||29|||13|||0
%|||7|||29|||25|||0
!=|||3|||29|||27|||0
|||||1|||29|||29|||0
%|||8|||29|||31|||0
!=|||4|||29|||33|||0
++|||29|||29|||37|||0
<=|||10|||30|||8|||0
+|||21|||30|||19|||0
++|||30|||30|||25|||0
<=|||11|||31|||12|||0
+=|||6|||31|||17|||0
++|||31|||31|||21|||0
<=|||12|||32|||8|||0
+|||22|||32|||19|||0
+=|||7|||32|||25|||0
<=|||13|||33|||8|||0
+|||23|||33|||19|||0
+=|||8|||33|||25|||0
<=|||14|||34|||12|||0
*=|||5|||34|||17|||0
++|||32|||34|||21|||0
<|||21|||35|||25|||0
+|||24|||35|||41|||0
++|||33|||35|||47|||0
-|||15|||36|||6|||0
>=|||3|||36|||12|||0
+|||25|||36|||26|||0
--|||3|||36|||32|||0
<|||22|||37|||12|||0
+=|||9|||37|||19|||0
++|||34|||37|||26|||0
<|||23|||38|||18|||0
+|||26|||38|||29|||0
+|||27|||38|||37|||0
=|||112|||38|||41|||0
=|||113|||38|||45|||0
++|||35|||38|||49|||0
>|||9|||39|||12|||0
++|||36|||39|||17|||0
/=|||5|||39|||20|||0
>|||10|||40|||12|||0
=|||118|||40|||17|||0
*|||4|||40|||19|||0
+|||28|||40|||21|||0
%|||9|||40|||23|||0
/=|||6|||40|||27|||0
<|||24|||41|||15|||0
>|||11|||41|||27|||0
++|||37|||41|||38|||0
<|||25|||42|||15|||0
<|||26|||42|||27|||0
++|||38|||42|||38|||0
!=|||5|||43|||14|||0
=|||127|||43|||19|||0
%|||10|||43|||25|||0
=|||129|||43|||29|||0
<=|||15|||44|||16|||0
/|||6|||44|||18|||0
%|||11|||44|||25|||0
==|||5|||44|||27|||0
=|||133|||44|||31|||0
++|||39|||44|||35|||0
<|||27|||45|||10|||0
/|||7|||45|||14|||0
=|||135|||45|||19|||0
=|||136|||45|||29|||0
-|||16|||45|||35|||0
-|||17|||45|||37|||0
-|||18|||45|||46|||0
-|||19|||45|||48|||0
=|||137|||45|||51|||0
++|||40|||45|||55|||0
<|||28|||46|||19|||0
!=|||6|||46|||42|||0
++|||41|||46|||47|||0
++|||42|||46|||50|||0
>|||12|||47|||16|||0
=|||144|||47|||21|||0
*|||5|||47|||23|||0
+|||29|||47|||25|||0
%|||12|||47|||27|||0
/=|||7|||47|||31|||0
<|||29|||48|||20|||0
*=|||6|||48|||25|||0
++|||43|||48|||29|||0
<|||30|||49|||15|||0
+|||30|||49|||38|||0
++|||44|||49|||44|||0
<|||31|||50|||8|||0
-|||21|||50|||12|||0
<|||32|||50|||24|||0
-|||22|||50|||28|||0
-|||23|||50|||30|||0
>|||13|||50|||40|||0
+|||31|||50|||44|||0
=|||154|||50|||61|||0
+|||32|||50|||65|||0
+|||33|||50|||72|||0
=|||155|||50|||75|||0
++|||45|||50|||80|||0
++|||46|||50|||84|||0
<|||33|||51|||8|||0
-|||24|||51|||12|||0
+|||34|||51|||24|||0
while|||25|||51|||27|||0
<|||34|||51|||30|||0
<|||35|||51|||42|||0
++|||47|||51|||53|||0
=|||161|||51|||68|||0
=|||162|||51|||78|||0
++|||48|||51|||82|||0
<|||36|||52|||8|||0
-|||25|||52|||25|||0
while|||27|||52|||28|||0
>=|||4|||52|||31|||0
&&|||2|||52|||33|||0
>|||14|||52|||38|||0
+|||35|||52|||45|||0
=|||166|||52|||48|||0
--|||4|||52|||55|||0
+|||36|||52|||61|||0
=|||167|||52|||64|||0
++|||49|||52|||68|||0
<|||37|||53|||8|||0
<=|||16|||53|||24|||0
+|||37|||53|||35|||0
=|||171|||53|||41|||0
*|||6|||53|||43|||0
-|||26|||53|||46|||0
/|||8|||53|||49|||0
+|||38|||53|||52|||0
++|||50|||53|||57|||0
++|||51|||53|||69|||0
<|||38|||54|||24|||0
*=|||7|||54|||29|||0
-|||27|||54|||32|||0
*=|||8|||54|||37|||0
+|||39|||54|||40|||0
++|||52|||54|||45|||0
/|||9|||54|||55|||0
>|||15|||55|||12|||0
+=|||10|||55|||17|||0
%|||13|||55|||19|||0
/=|||8|||55|||23|||0
<|||39|||56|||21|||0
==|||6|||56|||37|||0
++|||53|||56|||42|||0
++|||54|||56|||45|||0
<|||40|||57|||15|||0
-|||28|||57|||39|||0
++|||55|||57|||45|||0
<=|||17|||58|||8|||0
<=|||18|||58|||24|||0
/|||10|||58|||26|||0
%|||14|||58|||33|||0
==|||7|||58|||35|||0
=|||187|||58|||39|||0
++|||56|||58|||43|||0
==|||8|||58|||49|||0
+|||40|||58|||59|||0
++|||57|||58|||65|||0
>|||16|||59|||13|||0
while|||36|||59|||21|||0
%|||15|||59|||24|||0
!=|||7|||59|||26|||0
|||||2|||59|||28|||0
%|||16|||59|||30|||0
!=|||8|||59|||32|||0
++|||58|||59|||36|||0
1|||1|||0|||5|||1
5|||1|||0|||9|||1
System|||1|||0|||14|||1
out|||1|||0|||16|||1
print|||1|||0|||18|||1
"|||1|||0|||22|||1
"|||2|||0|||23|||1
1|||2|||1|||10|||1
5|||2|||1|||14|||1
2|||1|||2|||5|||1
10|||1|||2|||9|||1
2|||2|||2|||13|||1
System|||2|||2|||15|||1
out|||2|||2|||17|||1
print|||2|||2|||19|||1
"|||3|||2|||23|||1
"|||4|||2|||24|||1
1|||3|||3|||5|||1
10|||2|||3|||9|||1
2|||3|||3|||13|||1
System|||3|||3|||15|||1
out|||3|||3|||17|||1
print|||3|||3|||19|||1
"|||5|||3|||23|||1
"|||6|||3|||24|||1
1|||4|||4|||3|||1
1|||5|||4|||10|||1
5|||3|||4|||14|||1
System|||4|||5|||33|||1
out|||4|||5|||35|||1
print|||4|||5|||37|||1
"|||7|||5|||44|||1
"|||8|||5|||45|||1
length|||2|||6|||7|||1
1|||7|||6|||9|||1
System|||5|||6|||18|||1
out|||5|||6|||20|||1
print|||5|||6|||22|||1
"|||9|||6|||29|||1
"|||10|||6|||30|||1
length|||3|||7|||16|||1
1|||8|||8|||7|||1
5|||5|||8|||20|||1
{|||2|||8|||25|||1
System|||6|||8|||26|||1
out|||6|||8|||28|||1
print|||6|||8|||30|||1
a|||2|||8|||32|||1
"|||11|||8|||34|||1
"|||12|||8|||35|||1
c|||2|||8|||38|||1
a|||4|||8|||44|||1
b|||4|||8|||48|||1
num|||1|||9|||1|||1
12345|||1|||9|||3|||1
count|||1|||9|||5|||1
for|||10|||9|||9|||1
10|||3|||9|||18|||1
count|||2|||9|||20|||1
1234|||1|||10|||7|||1
10|||4|||10|||18|||1
10|||5|||10|||24|||1
10|||6|||10|||28|||1
1|||9|||11|||13|||1
length|||4|||11|||19|||1
1|||10|||12|||13|||1
length|||5|||12|||19|||1
for|||14|||13|||9|||1
t|||2|||13|||18|||1
b|||7|||13|||20|||1
b|||8|||13|||22|||1
a|||6|||13|||24|||1
a|||7|||13|||28|||1
)|||22|||13|||31|||1
;|||55|||13|||32|||1
1|||11|||14|||7|||1
2|||5|||14|||14|||1
n|||2|||14|||18|||1
2|||6|||14|||20|||1
n|||3|||14|||27|||1
temp|||1|||15|||7|||1
length|||6|||15|||13|||1
2|||7|||15|||15|||1
)|||25|||15|||19|||1
{|||3|||15|||20|||1
temp|||2|||15|||21|||1
[|||12|||15|||29|||1
]|||12|||15|||31|||1
length|||7|||15|||37|||1
1|||12|||15|||41|||1
[|||14|||15|||45|||1
length|||8|||15|||48|||1
1|||13|||15|||52|||1
;|||64|||15|||56|||1
}|||3|||15|||57|||1
String|||1|||16|||0|||1
str|||1|||16|||1|||1
"|||13|||16|||3|||1
hello|||1|||16|||4|||1
"|||14|||16|||5|||1
if|||4|||16|||30|||1
"|||15|||16|||32|||1
aeiou|||1|||16|||33|||1
"|||16|||16|||34|||1
10|||7|||17|||22|||1
10|||8|||17|||28|||1
10|||9|||17|||32|||1
2|||8|||18|||3|||1
1|||15|||18|||11|||1
x|||2|||18|||29|||1
String|||2|||19|||0|||1
s|||1|||19|||1|||1
"|||17|||19|||3|||1
abc|||1|||19|||4|||1
"|||18|||19|||5|||1
System|||7|||19|||25|||1
out|||7|||19|||27|||1
print|||7|||19|||29|||1
"|||19|||19|||41|||1
"|||20|||19|||42|||1
length|||11|||20|||11|||1
1|||16|||20|||13|||1
length|||12|||20|||29|||1
1|||17|||20|||33|||1
if|||5|||20|||38|||1
1|||18|||20|||49|||1
{|||4|||20|||52|||1
1|||19|||20|||70|||1
1|||20|||20|||77|||1
length|||13|||21|||11|||1
1|||21|||21|||13|||1
)|||41|||21|||17|||1
{|||5|||21|||18|||1
1|||22|||21|||31|||1
length|||14|||21|||37|||1
]|||24|||21|||69|||1
1|||23|||22|||5|||1
length|||15|||22|||11|||1
)|||44|||22|||15|||1
{|||6|||22|||16|||1
1|||24|||22|||29|||1
1|||25|||22|||48|||1
]|||29|||22|||49|||1
1|||26|||22|||61|||1
;|||102|||22|||65|||1
5|||6|||23|||9|||1
1|||27|||23|||18|||1
out|||8|||23|||37|||1
print|||8|||23|||39|||1
"|||21|||23|||43|||1
"|||22|||23|||44|||1
1|||28|||23|||60|||1
out|||9|||23|||66|||1
2|||9|||24|||7|||1
1|||29|||24|||11|||1
1|||30|||24|||15|||1
n|||5|||24|||35|||1
1|||31|||24|||45|||1
System|||10|||24|||49|||1
out|||10|||24|||51|||1
print|||9|||24|||53|||1
num|||13|||25|||1|||1
10|||10|||25|||18|||1
10|||11|||25|||24|||1
String|||3|||26|||0|||1
str|||4|||26|||1|||1
"|||23|||26|||3|||1
Hello|||1|||26|||4|||1
world|||1|||26|||5|||1
Java|||1|||26|||6|||1
"|||24|||26|||7|||1
1|||32|||26|||12|||1
String|||4|||27|||0|||1
str|||7|||27|||1|||1
"|||25|||27|||3|||1
hello|||2|||27|||4|||1
"|||26|||27|||5|||1
System|||11|||27|||25|||1
out|||11|||27|||27|||1
print|||10|||27|||29|||1
32|||1|||27|||42|||1
2|||10|||28|||5|||1
50|||1|||28|||9|||1
)|||67|||28|||13|||1
{|||10|||28|||14|||1
1|||33|||28|||18|||1
2|||11|||28|||25|||1
2|||12|||28|||31|||1
0|||36|||28|||46|||1
if|||9|||28|||48|||1
1|||34|||28|||52|||1
System|||12|||28|||54|||1
out|||12|||28|||56|||1
.|||46|||28|||57|||1
print|||11|||28|||58|||1
i|||107|||28|||60|||1
"|||27|||28|||62|||1
"|||28|||28|||63|||1
for|||34|||29|||21|||1
;|||140|||29|||39|||1
System|||13|||29|||40|||1
out|||13|||29|||42|||1
print|||12|||29|||44|||1
1|||35|||30|||3|||1
while|||2|||30|||5|||1
5|||8|||30|||9|||1
)|||75|||30|||10|||1
{|||11|||30|||11|||1
System|||14|||30|||12|||1
out|||14|||30|||14|||1
print|||13|||30|||16|||1
"|||29|||30|||20|||1
"|||30|||30|||21|||1
i|||112|||31|||5|||1
1|||36|||31|||7|||1
while|||3|||31|||9|||1
5|||9|||31|||13|||1
sum|||8|||31|||16|||1
2|||13|||32|||3|||1
while|||4|||32|||5|||1
10|||12|||32|||9|||1
)|||78|||32|||10|||1
{|||13|||32|||11|||1
System|||15|||32|||12|||1
out|||15|||32|||14|||1
print|||14|||32|||16|||1
"|||31|||32|||20|||1
"|||32|||32|||21|||1
2|||14|||32|||26|||1
1|||37|||33|||3|||1
while|||5|||33|||5|||1
10|||13|||33|||9|||1
)|||80|||33|||10|||1
{|||14|||33|||11|||1
System|||16|||33|||12|||1
out|||16|||33|||14|||1
print|||15|||33|||16|||1
"|||33|||33|||20|||1
"|||34|||33|||21|||1
2|||15|||33|||26|||1
1|||38|||34|||3|||1
i|||124|||34|||5|||1
1|||39|||34|||7|||1
while|||6|||34|||9|||1
5|||10|||34|||13|||1
fact|||4|||34|||16|||1
while|||7|||35|||22|||1
{|||17|||35|||30|||1
System|||17|||35|||31|||1
out|||17|||35|||33|||1
print|||16|||35|||35|||1
"|||35|||35|||42|||1
"|||36|||35|||43|||1
length|||19|||36|||5|||1
1|||41|||36|||7|||1
while|||8|||36|||9|||1
{|||18|||36|||15|||1
System|||18|||36|||16|||1
out|||18|||36|||18|||1
print|||17|||36|||20|||1
"|||37|||36|||27|||1
"|||38|||36|||28|||1
while|||9|||37|||9|||1
1|||42|||38|||7|||1
while|||10|||38|||15|||1
5|||12|||38|||19|||1
System|||19|||38|||22|||1
out|||19|||38|||24|||1
print|||18|||38|||26|||1
a|||13|||38|||28|||1
"|||39|||38|||30|||1
"|||40|||38|||31|||1
c|||9|||38|||34|||1
a|||14|||38|||36|||1
b|||15|||38|||38|||1
a|||15|||38|||40|||1
b|||16|||38|||42|||1
b|||17|||38|||44|||1
num|||17|||39|||1|||1
12345|||2|||39|||3|||1
while|||11|||39|||9|||1
{|||21|||39|||15|||1
count|||4|||39|||16|||1
10|||14|||39|||21|||1
1234|||2|||40|||7|||1
while|||12|||40|||9|||1
10|||15|||40|||20|||1
10|||17|||40|||28|||1
1|||43|||41|||10|||1
while|||13|||41|||12|||1
1|||44|||42|||10|||1
while|||14|||42|||12|||1
24|||2|||43|||3|||1
while|||15|||43|||11|||1
t|||9|||43|||18|||1
b|||21|||43|||22|||1
a|||17|||43|||24|||1
a|||18|||43|||28|||1
flag|||3|||44|||5|||1
1|||45|||44|||7|||1
i|||153|||44|||9|||1
2|||17|||44|||11|||1
while|||16|||44|||13|||1
2|||18|||44|||19|||1
{|||26|||44|||21|||1
n|||8|||44|||24|||1
while|||17|||45|||7|||1
length|||23|||45|||13|||1
2|||19|||45|||15|||1
)|||99|||45|||16|||1
{|||27|||45|||17|||1
[|||42|||45|||21|||1
[|||43|||45|||26|||1
]|||43|||45|||28|||1
length|||24|||45|||34|||1
1|||46|||45|||38|||1
length|||25|||45|||45|||1
1|||47|||45|||49|||1
;|||196|||45|||56|||1
String|||5|||46|||0|||1
str|||10|||46|||1|||1
"|||41|||46|||3|||1
hello|||3|||46|||4|||1
"|||42|||46|||5|||1
while|||18|||46|||16|||1
{|||28|||46|||26|||1
if|||13|||46|||27|||1
"|||43|||46|||29|||1
aeiou|||2|||46|||30|||1
"|||44|||46|||31|||1
while|||19|||47|||13|||1
)|||105|||47|||18|||1
{|||29|||47|||19|||1
10|||18|||47|||24|||1
10|||19|||47|||28|||1
10|||20|||47|||32|||1
2|||20|||48|||3|||1
1|||49|||48|||11|||1
while|||20|||48|||17|||1
res|||4|||48|||24|||1
x|||4|||48|||26|||1
String|||6|||49|||0|||1
s|||4|||49|||1|||1
"|||45|||49|||3|||1
abc|||2|||49|||4|||1
"|||46|||49|||5|||1
while|||21|||49|||12|||1
)|||108|||49|||21|||1
{|||31|||49|||22|||1
System|||20|||49|||23|||1
out|||20|||49|||25|||1
.|||74|||49|||26|||1
print|||19|||49|||27|||1
"|||47|||49|||39|||1
"|||48|||49|||40|||1
while|||22|||50|||5|||1
length|||28|||50|||11|||1
1|||50|||50|||13|||1
{|||32|||50|||15|||1
while|||23|||50|||21|||1
length|||29|||50|||27|||1
1|||51|||50|||31|||1
if|||14|||50|||34|||1
1|||52|||50|||45|||1
1|||53|||50|||66|||1
1|||54|||50|||73|||1
while|||24|||51|||5|||1
length|||30|||51|||11|||1
1|||55|||51|||13|||1
{|||35|||51|||15|||1
1|||56|||51|||25|||1
length|||31|||51|||33|||1
1|||57|||52|||3|||1
while|||26|||52|||5|||1
length|||32|||52|||11|||1
{|||37|||52|||13|||1
1|||58|||52|||26|||1
1|||59|||52|||46|||1
1|||60|||52|||62|||1
while|||28|||53|||5|||1
5|||13|||53|||9|||1
1|||61|||53|||15|||1
while|||29|||53|||21|||1
out|||21|||53|||30|||1
print|||20|||53|||32|||1
"|||49|||53|||36|||1
"|||50|||53|||37|||1
c|||13|||53|||40|||1
1|||62|||53|||53|||1
out|||22|||53|||62|||1
5|||14|||54|||3|||1
2|||21|||54|||7|||1
1|||63|||54|||11|||1
1|||64|||54|||15|||1
while|||30|||54|||21|||1
n|||10|||54|||31|||1
1|||65|||54|||41|||1
System|||23|||54|||48|||1
out|||23|||54|||50|||1
print|||21|||54|||52|||1
num|||29|||55|||1|||1
while|||31|||55|||9|||1
)|||130|||55|||14|||1
{|||42|||55|||15|||1
sum|||12|||55|||16|||1
10|||21|||55|||20|||1
10|||22|||55|||24|||1
String|||7|||56|||0|||1
str|||13|||56|||1|||1
"|||51|||56|||3|||1
Hello|||2|||56|||4|||1
world|||2|||56|||5|||1
Java|||2|||56|||6|||1
"|||52|||56|||7|||1
wc|||3|||56|||10|||1
1|||66|||56|||12|||1
while|||32|||56|||18|||1
String|||8|||57|||0|||1
str|||16|||57|||1|||1
"|||53|||57|||3|||1
hello|||4|||57|||4|||1
"|||54|||57|||5|||1
while|||33|||57|||12|||1
)|||136|||57|||21|||1
{|||44|||57|||22|||1
System|||24|||57|||23|||1
out|||24|||57|||25|||1
print|||22|||57|||27|||1
32|||2|||57|||40|||1
2|||22|||58|||3|||1
while|||34|||58|||5|||1
50|||2|||58|||9|||1
)|||141|||58|||10|||1
{|||45|||58|||11|||1
1|||67|||58|||15|||1
2|||23|||58|||19|||1
while|||35|||58|||21|||1
2|||24|||58|||27|||1
if|||18|||58|||46|||1
1|||68|||58|||50|||1
System|||25|||58|||52|||1
out|||25|||58|||54|||1
.|||94|||58|||55|||1
print|||23|||58|||56|||1
"|||55|||58|||60|||1
"|||56|||58|||61|||1
System|||26|||59|||38|||1
out|||26|||59|||40|||1
print|||24|||59|||42|||1
sum|||1|||1|||1|||2
sum|||2|||1|||19|||2
fact|||1|||4|||1|||2
fact|||2|||4|||19|||2
arr|||1|||5|||3|||2
1|||6|||5|||6|||2
2|||4|||5|||8|||2
4|||1|||5|||12|||2
5|||4|||5|||14|||2
arr|||2|||5|||26|||2
arr|||3|||5|||39|||2
arr|||4|||6|||5|||2
arr|||5|||6|||24|||2
sum|||3|||7|||1|||2
arr|||6|||7|||14|||2
sum|||4|||7|||21|||2
arr|||7|||7|||23|||2
a|||1|||8|||1|||2
b|||1|||8|||5|||2
c|||1|||8|||9|||2
a|||3|||8|||40|||2
b|||2|||8|||42|||2
b|||3|||8|||46|||2
c|||3|||8|||50|||2
num|||2|||9|||12|||2
num|||3|||9|||16|||2
rev|||1|||10|||1|||2
num|||4|||10|||5|||2
num|||5|||10|||12|||2
num|||6|||10|||16|||2
rev|||2|||10|||20|||2
rev|||3|||10|||22|||2
num|||7|||10|||26|||2
max|||1|||11|||1|||2
arr|||8|||11|||3|||2
arr|||9|||11|||17|||2
arr|||10|||11|||26|||2
max|||2|||11|||31|||2
max|||3|||11|||33|||2
arr|||11|||11|||35|||2
min|||1|||12|||1|||2
arr|||12|||12|||3|||2
arr|||13|||12|||17|||2
arr|||14|||12|||26|||2
min|||2|||12|||31|||2
min|||3|||12|||33|||2
arr|||15|||12|||35|||2
a|||5|||13|||1|||2
24|||1|||13|||3|||2
b|||5|||13|||5|||2
36|||1|||13|||7|||2
t|||1|||13|||12|||2
b|||6|||13|||14|||2
b|||9|||13|||26|||2
t|||3|||13|||30|||2
n|||1|||14|||1|||2
17|||1|||14|||3|||2
flag|||1|||14|||5|||2
flag|||2|||14|||33|||2
arr|||16|||15|||11|||2
arr|||17|||15|||23|||2
arr|||18|||15|||28|||2
arr|||19|||15|||33|||2
arr|||20|||15|||35|||2
arr|||21|||15|||44|||2
arr|||22|||15|||46|||2
temp|||3|||15|||55|||2
vc|||1|||16|||8|||2
str|||2|||16|||21|||2
str|||3|||16|||38|||2
-|||6|||16|||46|||2
vc|||2|||16|||49|||2
num|||8|||17|||1|||2
121|||1|||17|||3|||2
rev|||4|||17|||5|||2
temp|||4|||17|||9|||2
num|||9|||17|||11|||2
temp|||5|||17|||16|||2
temp|||6|||17|||20|||2
rev|||5|||17|||24|||2
rev|||6|||17|||26|||2
temp|||7|||17|||30|||2
x|||1|||18|||1|||2
y|||1|||18|||5|||2
3|||2|||18|||7|||2
res|||1|||18|||9|||2
y|||2|||18|||22|||2
res|||2|||18|||27|||2
s|||2|||19|||16|||2
s|||3|||19|||34|||2
arr|||23|||20|||9|||2
j|||1|||20|||21|||2
j|||2|||20|||25|||2
arr|||24|||20|||27|||2
j|||3|||20|||35|||2
arr|||25|||20|||40|||2
j|||4|||20|||42|||2
arr|||26|||20|||45|||2
j|||5|||20|||47|||2
t|||4|||20|||54|||2
arr|||27|||20|||56|||2
j|||6|||20|||58|||2
arr|||28|||20|||61|||2
j|||7|||20|||63|||2
arr|||29|||20|||66|||2
j|||8|||20|||68|||2
arr|||30|||20|||73|||2
j|||9|||20|||75|||2
t|||5|||20|||80|||2
arr|||31|||21|||9|||2
min|||4|||21|||20|||2
j|||10|||21|||27|||2
j|||11|||21|||33|||2
arr|||32|||21|||35|||2
j|||12|||21|||39|||2
arr|||33|||21|||44|||2
j|||13|||21|||46|||2
arr|||34|||21|||49|||2
min|||5|||21|||51|||2
min|||6|||21|||54|||2
j|||14|||21|||56|||2
t|||6|||21|||59|||2
arr|||35|||21|||61|||2
arr|||36|||21|||66|||2
arr|||37|||21|||71|||2
min|||7|||21|||73|||2
arr|||38|||21|||76|||2
min|||8|||21|||78|||2
t|||7|||21|||81|||2
arr|||39|||22|||9|||2
key|||1|||22|||18|||2
arr|||40|||22|||20|||2
j|||15|||22|||25|||2
j|||16|||22|||33|||2
arr|||41|||22|||37|||2
j|||17|||22|||39|||2
key|||2|||22|||42|||2
arr|||42|||22|||44|||2
j|||18|||22|||46|||2
arr|||43|||22|||51|||2
j|||19|||22|||53|||2
arr|||44|||22|||57|||2
j|||20|||22|||59|||2
key|||3|||22|||64|||2
c|||4|||23|||16|||2
j|||21|||23|||23|||2
j|||22|||23|||27|||2
j|||23|||23|||31|||2
System|||8|||23|||35|||2
c|||5|||23|||41|||2
c|||6|||23|||47|||2
c|||7|||23|||49|||2
j|||24|||23|||54|||2
j|||25|||23|||58|||2
System|||9|||23|||64|||2
println|||1|||23|||68|||2
n|||4|||24|||1|||2
5|||7|||24|||3|||2
r|||1|||24|||5|||2
num|||10|||24|||9|||2
den|||1|||24|||13|||2
r|||2|||24|||26|||2
num|||11|||24|||32|||2
den|||2|||24|||40|||2
num|||12|||24|||55|||2
den|||3|||24|||57|||2
123|||1|||25|||3|||2
sum|||5|||25|||5|||2
num|||14|||25|||12|||2
num|||15|||25|||16|||2
sum|||6|||25|||20|||2
num|||16|||25|||22|||2
wc|||1|||26|||10|||2
str|||5|||26|||23|||2
str|||6|||26|||34|||2
wc|||2|||26|||44|||2
str|||8|||27|||16|||2
char|||1|||27|||32|||2
str|||9|||27|||35|||2
f|||1|||28|||16|||2
j|||26|||28|||23|||2
j|||27|||28|||27|||2
j|||28|||28|||33|||2
j|||29|||28|||40|||2
f|||2|||28|||44|||2
f|||3|||28|||50|||2
a|||8|||29|||1|||2
12|||1|||29|||3|||2
b|||10|||29|||5|||2
18|||1|||29|||7|||2
lcm|||1|||29|||9|||2
a|||9|||29|||12|||2
b|||11|||29|||14|||2
a|||10|||29|||17|||2
b|||12|||29|||19|||2
lcm|||2|||29|||24|||2
a|||11|||29|||26|||2
lcm|||3|||29|||30|||2
b|||13|||29|||32|||2
lcm|||4|||29|||36|||2
lcm|||5|||29|||46|||2
sum|||7|||31|||1|||2
fact|||3|||34|||1|||2
arr|||45|||35|||3|||2
1|||40|||35|||6|||2
2|||16|||35|||8|||2
4|||2|||35|||12|||2
5|||11|||35|||14|||2
arr|||46|||35|||26|||2
arr|||47|||35|||37|||2
arr|||48|||36|||3|||2
arr|||49|||36|||22|||2
sum|||9|||37|||1|||2
arr|||50|||37|||13|||2
sum|||10|||37|||18|||2
arr|||51|||37|||20|||2
a|||12|||38|||1|||2
b|||14|||38|||5|||2
c|||8|||38|||9|||2
c|||10|||38|||46|||2
count|||3|||39|||5|||2
num|||18|||39|||11|||2
num|||19|||39|||19|||2
rev|||7|||40|||1|||2
num|||20|||40|||5|||2
num|||21|||40|||11|||2
rev|||8|||40|||16|||2
rev|||9|||40|||18|||2
num|||22|||40|||22|||2
10|||16|||40|||24|||2
num|||23|||40|||26|||2
max|||4|||41|||1|||2
arr|||52|||41|||3|||2
arr|||53|||41|||16|||2
arr|||54|||41|||23|||2
max|||5|||41|||28|||2
max|||6|||41|||30|||2
arr|||55|||41|||32|||2
min|||9|||42|||1|||2
arr|||56|||42|||3|||2
arr|||57|||42|||16|||2
arr|||58|||42|||23|||2
min|||10|||42|||28|||2
min|||11|||42|||30|||2
arr|||59|||42|||32|||2
a|||16|||43|||1|||2
b|||18|||43|||5|||2
36|||2|||43|||7|||2
t|||8|||43|||9|||2
b|||19|||43|||13|||2
b|||20|||43|||20|||2
b|||22|||43|||26|||2
t|||10|||43|||30|||2
n|||6|||44|||1|||2
17|||2|||44|||3|||2
n|||7|||44|||17|||2
flag|||4|||44|||30|||2
temp|||8|||45|||5|||2
arr|||60|||45|||11|||2
temp|||9|||45|||18|||2
arr|||61|||45|||20|||2
arr|||62|||45|||25|||2
arr|||63|||45|||30|||2
arr|||64|||45|||32|||2
arr|||65|||45|||41|||2
arr|||66|||45|||43|||2
temp|||10|||45|||52|||2
vc|||3|||46|||8|||2
str|||11|||46|||20|||2
str|||12|||46|||35|||2
-|||20|||46|||43|||2
vc|||4|||46|||46|||2
num|||24|||47|||1|||2
121|||2|||47|||3|||2
rev|||10|||47|||5|||2
temp|||11|||47|||9|||2
num|||25|||47|||11|||2
temp|||12|||47|||15|||2
rev|||11|||47|||20|||2
rev|||12|||47|||22|||2
temp|||13|||47|||26|||2
temp|||14|||47|||30|||2
x|||3|||48|||1|||2
y|||3|||48|||5|||2
3|||4|||48|||7|||2
res|||3|||48|||9|||2
y|||4|||48|||21|||2
s|||5|||49|||16|||2
s|||6|||49|||32|||2
arr|||67|||50|||9|||2
j|||30|||50|||17|||2
j|||31|||50|||23|||2
arr|||68|||50|||25|||2
arr|||69|||50|||36|||2
j|||32|||50|||38|||2
arr|||70|||50|||41|||2
j|||33|||50|||43|||2
t|||11|||50|||50|||2
arr|||71|||50|||52|||2
j|||34|||50|||54|||2
arr|||72|||50|||57|||2
j|||35|||50|||59|||2
arr|||73|||50|||62|||2
j|||36|||50|||64|||2
arr|||74|||50|||69|||2
j|||37|||50|||71|||2
t|||12|||50|||76|||2
j|||38|||50|||79|||2
arr|||75|||51|||9|||2
min|||12|||51|||17|||2
j|||39|||51|||21|||2
j|||40|||51|||29|||2
arr|||76|||51|||31|||2
arr|||77|||51|||38|||2
j|||41|||51|||40|||2
arr|||78|||51|||43|||2
min|||13|||51|||45|||2
min|||14|||51|||48|||2
j|||42|||51|||50|||2
j|||43|||51|||52|||2
t|||13|||51|||57|||2
arr|||79|||51|||59|||2
arr|||80|||51|||64|||2
arr|||81|||51|||69|||2
min|||15|||51|||71|||2
arr|||82|||51|||74|||2
min|||16|||51|||76|||2
t|||14|||51|||79|||2
arr|||83|||52|||9|||2
key|||4|||52|||15|||2
arr|||84|||52|||17|||2
j|||44|||52|||22|||2
j|||45|||52|||30|||2
arr|||85|||52|||34|||2
j|||46|||52|||36|||2
key|||5|||52|||39|||2
arr|||86|||52|||42|||2
j|||47|||52|||44|||2
arr|||87|||52|||49|||2
j|||48|||52|||51|||2
j|||49|||52|||54|||2
arr|||88|||52|||58|||2
j|||50|||52|||60|||2
key|||6|||52|||65|||2
c|||11|||53|||13|||2
j|||51|||53|||17|||2
j|||52|||53|||23|||2
System|||21|||53|||28|||2
c|||12|||53|||34|||2
c|||14|||53|||42|||2
j|||53|||53|||47|||2
j|||54|||53|||51|||2
j|||55|||53|||56|||2
System|||22|||53|||60|||2
println|||2|||53|||64|||2
n|||9|||54|||1|||2
r|||3|||54|||5|||2
num|||26|||54|||9|||2
den|||4|||54|||13|||2
r|||4|||54|||25|||2
num|||27|||54|||28|||2
den|||5|||54|||36|||2
num|||28|||54|||54|||2
den|||6|||54|||56|||2
123|||2|||55|||3|||2
sum|||11|||55|||5|||2
num|||30|||55|||11|||2
num|||31|||55|||18|||2
num|||32|||55|||22|||2
str|||14|||56|||22|||2
str|||15|||56|||31|||2
wc|||4|||56|||41|||2
str|||17|||57|||16|||2
char|||2|||57|||30|||2
str|||18|||57|||33|||2
f|||4|||58|||13|||2
j|||56|||58|||17|||2
j|||57|||58|||23|||2
j|||58|||58|||34|||2
f|||5|||58|||38|||2
j|||59|||58|||42|||2
f|||6|||58|||48|||2
a|||19|||59|||1|||2
12|||2|||59|||3|||2
b|||23|||59|||5|||2
18|||2|||59|||7|||2
lcm|||6|||59|||9|||2
a|||20|||59|||12|||2
b|||24|||59|||14|||2
a|||21|||59|||17|||2
b|||25|||59|||19|||2
lcm|||7|||59|||23|||2
a|||22|||59|||25|||2
lcm|||8|||59|||29|||2
b|||26|||59|||31|||2
lcm|||9|||59|||35|||2
lcm|||10|||59|||44|||2
;|||3|||0|||25|||3
;|||4|||1|||4|||3
;|||7|||1|||22|||3
;|||10|||2|||26|||3
;|||13|||3|||26|||3
;|||14|||4|||4|||3
;|||17|||4|||22|||3
;|||18|||5|||16|||3
;|||21|||5|||47|||3
;|||24|||6|||32|||3
;|||25|||7|||4|||3
;|||28|||7|||27|||3
;|||29|||8|||10|||3
;|||32|||8|||37|||3
;|||33|||8|||43|||3
;|||34|||8|||47|||3
;|||35|||8|||51|||3
;|||36|||9|||8|||3
;|||38|||9|||15|||3
;|||39|||9|||22|||3
;|||40|||10|||8|||3
;|||42|||10|||15|||3
;|||43|||10|||29|||3
;|||44|||11|||7|||3
;|||47|||11|||39|||3
;|||48|||12|||7|||3
;|||51|||12|||39|||3
;|||52|||13|||8|||3
;|||56|||14|||8|||3
;|||59|||14|||36|||3
;|||60|||15|||8|||3
;|||62|||15|||27|||3
;|||63|||15|||43|||3
;|||65|||16|||6|||3
;|||66|||16|||11|||3
;|||69|||16|||51|||3
;|||70|||17|||12|||3
;|||72|||17|||19|||3
;|||73|||17|||33|||3
;|||74|||18|||12|||3
;|||77|||18|||30|||3
;|||78|||19|||6|||3
;|||81|||19|||44|||3
;|||86|||20|||60|||3
;|||87|||20|||72|||3
;|||88|||20|||81|||3
;|||91|||21|||23|||3
;|||94|||21|||57|||3
;|||95|||21|||65|||3
;|||96|||21|||75|||3
;|||97|||21|||82|||3
;|||100|||22|||30|||3
;|||101|||22|||56|||3
;|||105|||23|||19|||3
;|||108|||23|||46|||3
;|||109|||23|||62|||3
;|||110|||23|||71|||3
;|||111|||24|||16|||3
;|||114|||24|||39|||3
;|||115|||24|||47|||3
;|||116|||24|||59|||3
;|||117|||25|||8|||3
;|||120|||25|||25|||3
;|||121|||26|||8|||3
;|||122|||26|||13|||3
;|||125|||26|||46|||3
;|||126|||27|||6|||3
;|||129|||27|||45|||3
;|||132|||28|||19|||3
;|||135|||28|||47|||3
;|||136|||28|||65|||3
;|||137|||29|||20|||3
;|||141|||29|||48|||3
;|||142|||30|||4|||3
;|||143|||30|||23|||3
;|||144|||30|||26|||3
;|||145|||31|||8|||3
;|||146|||31|||19|||3
;|||147|||31|||22|||3
;|||148|||32|||4|||3
;|||149|||32|||23|||3
;|||150|||32|||27|||3
;|||151|||33|||4|||3
;|||152|||33|||23|||3
;|||153|||33|||27|||3
;|||154|||34|||8|||3
;|||155|||34|||19|||3
;|||156|||34|||22|||3
;|||157|||35|||16|||3
;|||158|||35|||21|||3
;|||159|||35|||45|||3
;|||160|||35|||48|||3
;|||161|||36|||8|||3
;|||162|||36|||30|||3
;|||163|||36|||33|||3
;|||164|||37|||8|||3
;|||165|||37|||24|||3
;|||166|||37|||27|||3
;|||167|||38|||14|||3
;|||168|||38|||33|||3
;|||169|||38|||39|||3
;|||170|||38|||43|||3
;|||171|||38|||47|||3
;|||172|||38|||50|||3
;|||173|||39|||8|||3
;|||174|||39|||18|||3
;|||175|||39|||22|||3
;|||176|||40|||8|||3
;|||177|||40|||25|||3
;|||178|||40|||29|||3
;|||179|||41|||11|||3
;|||180|||41|||36|||3
;|||181|||41|||39|||3
;|||182|||42|||11|||3
;|||183|||42|||36|||3
;|||184|||42|||39|||3
;|||185|||43|||10|||3
;|||186|||43|||21|||3
;|||187|||43|||27|||3
;|||188|||43|||31|||3
;|||189|||44|||12|||3
;|||190|||44|||33|||3
;|||191|||44|||36|||3
;|||192|||45|||6|||3
;|||193|||45|||24|||3
;|||194|||45|||40|||3
;|||195|||45|||53|||3
;|||197|||46|||6|||3
;|||198|||46|||15|||3
;|||199|||46|||48|||3
;|||200|||46|||51|||3
;|||201|||47|||12|||3
;|||202|||47|||29|||3
;|||203|||47|||33|||3
;|||204|||48|||16|||3
;|||205|||48|||27|||3
;|||206|||48|||30|||3
;|||207|||49|||6|||3
;|||208|||49|||11|||3
;|||209|||49|||42|||3
;|||210|||49|||45|||3
;|||211|||50|||4|||3
;|||212|||50|||20|||3
;|||213|||50|||56|||3
;|||214|||50|||68|||3
;|||215|||50|||77|||3
;|||216|||50|||81|||3
;|||217|||50|||85|||3
;|||218|||51|||4|||3
;|||219|||51|||26|||3
;|||220|||51|||51|||3
;|||221|||51|||54|||3
;|||222|||51|||63|||3
;|||223|||51|||73|||3
;|||224|||51|||80|||3
;|||225|||51|||83|||3
;|||226|||52|||4|||3
;|||227|||52|||27|||3
;|||228|||52|||53|||3
;|||229|||52|||56|||3
;|||230|||52|||66|||3
;|||231|||52|||69|||3
;|||232|||53|||4|||3
;|||233|||53|||20|||3
;|||234|||53|||39|||3
;|||235|||53|||55|||3
;|||236|||53|||58|||3
;|||237|||53|||67|||3
;|||238|||53|||70|||3
;|||239|||54|||20|||3
;|||240|||54|||35|||3
;|||241|||54|||43|||3
;|||242|||54|||46|||3
;|||243|||54|||58|||3
;|||244|||55|||8|||3
;|||245|||55|||21|||3
;|||246|||55|||25|||3
;|||247|||56|||8|||3
;|||248|||56|||17|||3
;|||249|||56|||43|||3
;|||250|||56|||46|||3
;|||251|||57|||6|||3
;|||252|||57|||11|||3
;|||253|||57|||43|||3
;|||254|||57|||46|||3
;|||255|||58|||4|||3
;|||256|||58|||20|||3
;|||257|||58|||41|||3
;|||258|||58|||44|||3
;|||259|||58|||63|||3
;|||260|||58|||66|||3
;|||261|||59|||20|||3
;|||262|||59|||37|||3
=|||1|||0|||4|||4
=|||2|||1|||2|||4
=|||3|||1|||9|||4
=|||4|||2|||4|||4
=|||5|||3|||4|||4
=|||6|||4|||2|||4
=|||7|||4|||9|||4
=|||8|||5|||4|||4
=|||9|||5|||21|||4
=|||10|||6|||4|||4
=|||11|||7|||2|||4
=|||12|||7|||9|||4
=|||13|||8|||2|||4
=|||14|||8|||6|||4
=|||15|||8|||15|||4
=|||16|||8|||39|||4
=|||19|||9|||2|||4
=|||20|||9|||6|||4
=|||21|||10|||2|||4
=|||22|||10|||6|||4
=|||23|||10|||21|||4
=|||24|||11|||2|||4
=|||25|||11|||12|||4
=|||26|||11|||34|||4
=|||27|||12|||2|||4
=|||28|||12|||12|||4
=|||29|||12|||34|||4
=|||30|||13|||2|||4
=|||31|||13|||6|||4
=|||35|||14|||2|||4
=|||36|||14|||6|||4
=|||37|||14|||13|||4
=|||39|||15|||4|||4
=|||43|||16|||2|||4
=|||44|||16|||9|||4
=|||45|||16|||16|||4
=|||46|||17|||2|||4
=|||47|||17|||6|||4
=|||48|||17|||10|||4
=|||50|||18|||2|||4
=|||51|||18|||6|||4
=|||52|||18|||10|||4
=|||53|||18|||17|||4
=|||54|||19|||2|||4
=|||55|||19|||11|||4
=|||56|||20|||4|||4
=|||57|||20|||22|||4
=|||58|||20|||55|||4
=|||61|||21|||4|||4
=|||62|||21|||21|||4
=|||63|||21|||28|||4
=|||64|||21|||55|||4
=|||65|||21|||60|||4
=|||67|||21|||80|||4
=|||68|||22|||4|||4
=|||69|||22|||19|||4
=|||70|||22|||26|||4
=|||73|||23|||4|||4
=|||74|||23|||17|||4
=|||75|||23|||24|||4
=|||77|||24|||2|||4
=|||78|||24|||6|||4
=|||79|||24|||10|||4
=|||80|||24|||14|||4
=|||81|||24|||21|||4
=|||82|||25|||2|||4
=|||83|||25|||6|||4
=|||84|||26|||2|||4
=|||85|||26|||11|||4
=|||86|||26|||18|||4
=|||87|||27|||2|||4
=|||88|||27|||11|||4
=|||89|||28|||4|||4
=|||90|||28|||17|||4
=|||91|||28|||24|||4
=|||93|||29|||2|||4
=|||94|||29|||6|||4
=|||95|||29|||10|||4
=|||96|||30|||2|||4
=|||97|||31|||2|||4
=|||98|||31|||6|||4
=|||99|||32|||2|||4
=|||100|||33|||2|||4
=|||101|||34|||2|||4
=|||102|||34|||6|||4
=|||103|||35|||4|||4
=|||104|||35|||19|||4
=|||105|||36|||2|||4
=|||106|||37|||2|||4
=|||107|||37|||6|||4
=|||108|||38|||2|||4
=|||109|||38|||6|||4
=|||110|||38|||12|||4
=|||111|||38|||35|||4
=|||114|||39|||2|||4
=|||115|||39|||6|||4
=|||116|||40|||2|||4
=|||117|||40|||6|||4
=|||119|||41|||2|||4
=|||120|||41|||9|||4
=|||121|||41|||31|||4
=|||122|||42|||2|||4
=|||123|||42|||9|||4
=|||124|||42|||31|||4
=|||125|||43|||2|||4
=|||126|||43|||6|||4
=|||128|||43|||23|||4
=|||130|||44|||2|||4
=|||131|||44|||6|||4
=|||132|||44|||10|||4
=|||134|||45|||2|||4
=|||138|||46|||2|||4
=|||139|||46|||9|||4
=|||140|||46|||13|||4
=|||141|||47|||2|||4
=|||142|||47|||6|||4
=|||143|||47|||10|||4
=|||145|||48|||2|||4
=|||146|||48|||6|||4
=|||147|||48|||10|||4
=|||148|||48|||14|||4
=|||149|||49|||2|||4
=|||150|||49|||9|||4
=|||151|||50|||2|||4
=|||152|||50|||18|||4
=|||153|||50|||51|||4
=|||156|||51|||2|||4
=|||157|||51|||18|||4
=|||158|||51|||22|||4
=|||160|||51|||58|||4
=|||163|||52|||2|||4
=|||164|||52|||16|||4
=|||165|||52|||23|||4
=|||168|||53|||2|||4
=|||169|||53|||14|||4
=|||170|||53|||18|||4
=|||172|||54|||2|||4
=|||173|||54|||6|||4
=|||174|||54|||10|||4
=|||175|||54|||14|||4
=|||176|||54|||18|||4
=|||177|||55|||2|||4
=|||178|||55|||6|||4
=|||179|||56|||2|||4
=|||180|||56|||11|||4
=|||181|||56|||15|||4
=|||182|||57|||2|||4
=|||183|||57|||9|||4
=|||184|||58|||2|||4
=|||185|||58|||14|||4
=|||186|||58|||18|||4
=|||188|||59|||2|||4
=|||189|||59|||6|||4
=|||190|||59|||10|||4
int|||1|||0|||2|||5
int|||2|||1|||0|||5
0|||1|||1|||3|||5
int|||3|||1|||7|||5
int|||4|||2|||2|||5
int|||5|||3|||2|||5
int|||6|||4|||0|||5
int|||7|||4|||7|||5
int|||8|||5|||0|||5
int|||9|||5|||19|||5
0|||2|||5|||22|||5
int|||10|||6|||2|||5
0|||3|||6|||13|||5
int|||11|||7|||0|||5
0|||4|||7|||3|||5
int|||12|||7|||7|||5
0|||5|||7|||10|||5
int|||13|||8|||0|||5
0|||6|||8|||3|||5
,|||5|||8|||4|||5
,|||6|||8|||8|||5
int|||14|||8|||13|||5
0|||7|||8|||16|||5
int|||15|||9|||0|||5
,|||7|||9|||4|||5
0|||8|||9|||7|||5
0|||9|||9|||14|||5
int|||16|||10|||0|||5
0|||10|||10|||3|||5
,|||8|||10|||4|||5
0|||11|||10|||14|||5
int|||17|||11|||0|||5
int|||18|||11|||10|||5
int|||19|||12|||0|||5
int|||20|||12|||10|||5
int|||21|||13|||0|||5
,|||9|||13|||4|||5
int|||22|||13|||11|||5
0|||14|||13|||16|||5
,|||10|||13|||21|||5
,|||11|||13|||27|||5
int|||23|||14|||0|||5
,|||12|||14|||4|||5
int|||24|||14|||11|||5
0|||15|||14|||31|||5
0|||16|||14|||35|||5
int|||25|||15|||2|||5
0|||17|||15|||5|||5
,|||13|||15|||6|||5
int|||26|||16|||7|||5
0|||18|||16|||10|||5
int|||27|||16|||14|||5
0|||19|||16|||17|||5
int|||28|||17|||0|||5
,|||14|||17|||4|||5
0|||20|||17|||7|||5
,|||15|||17|||8|||5
0|||21|||17|||18|||5
int|||29|||18|||0|||5
,|||16|||18|||4|||5
,|||17|||18|||8|||5
int|||30|||18|||15|||5
0|||22|||18|||18|||5
int|||31|||19|||9|||5
0|||23|||19|||12|||5
int|||32|||19|||32|||5
int|||33|||20|||2|||5
0|||24|||20|||5|||5
int|||34|||20|||20|||5
0|||25|||20|||23|||5
int|||35|||20|||53|||5
int|||36|||21|||2|||5
0|||26|||21|||5|||5
int|||37|||21|||19|||5
int|||38|||21|||26|||5
int|||39|||21|||58|||5
int|||40|||22|||2|||5
int|||41|||22|||17|||5
,|||18|||22|||24|||5
0|||27|||22|||35|||5
int|||42|||23|||2|||5
0|||28|||23|||5|||5
int|||43|||23|||15|||5
int|||44|||23|||22|||5
0|||29|||23|||25|||5
int|||45|||24|||0|||5
,|||19|||24|||4|||5
,|||20|||24|||8|||5
,|||21|||24|||12|||5
int|||46|||24|||19|||5
0|||30|||24|||22|||5
int|||47|||25|||0|||5
,|||22|||25|||4|||5
0|||31|||25|||7|||5
0|||32|||25|||14|||5
int|||48|||26|||9|||5
int|||49|||26|||16|||5
0|||33|||26|||19|||5
int|||50|||27|||9|||5
0|||34|||27|||12|||5
(|||64|||27|||31|||5
int|||51|||28|||2|||5
int|||52|||28|||15|||5
int|||53|||28|||22|||5
0|||35|||28|||42|||5
int|||54|||29|||0|||5
,|||23|||29|||4|||5
,|||24|||29|||8|||5
0|||37|||29|||28|||5
0|||38|||29|||34|||5
int|||55|||30|||0|||5
int|||56|||31|||0|||5
0|||39|||31|||3|||5
,|||25|||31|||4|||5
int|||57|||32|||0|||5
int|||58|||33|||0|||5
int|||59|||34|||0|||5
,|||26|||34|||4|||5
int|||60|||35|||0|||5
int|||61|||35|||17|||5
0|||40|||35|||20|||5
int|||62|||36|||0|||5
0|||41|||36|||13|||5
int|||63|||37|||0|||5
0|||42|||37|||3|||5
,|||31|||37|||4|||5
0|||43|||37|||7|||5
int|||64|||38|||0|||5
0|||44|||38|||3|||5
,|||32|||38|||4|||5
,|||33|||38|||8|||5
,|||34|||38|||10|||5
0|||45|||38|||13|||5
int|||65|||39|||0|||5
,|||35|||39|||4|||5
0|||46|||39|||7|||5
0|||47|||39|||13|||5
int|||66|||40|||0|||5
0|||48|||40|||3|||5
,|||36|||40|||4|||5
0|||49|||40|||13|||5
int|||67|||41|||0|||5
0|||50|||41|||5|||5
,|||37|||41|||7|||5
int|||68|||42|||0|||5
0|||51|||42|||5|||5
,|||38|||42|||7|||5
int|||69|||43|||0|||5
,|||39|||43|||4|||5
,|||40|||43|||8|||5
0|||52|||43|||15|||5
int|||70|||44|||0|||5
,|||41|||44|||4|||5
,|||42|||44|||8|||5
0|||53|||44|||28|||5
0|||54|||44|||32|||5
int|||71|||45|||0|||5
0|||55|||45|||3|||5
,|||43|||45|||4|||5
int|||72|||46|||7|||5
0|||56|||46|||10|||5
,|||44|||46|||11|||5
0|||57|||46|||14|||5
int|||73|||47|||0|||5
,|||45|||47|||4|||5
0|||58|||47|||7|||5
,|||46|||47|||8|||5
0|||59|||47|||17|||5
int|||74|||48|||0|||5
,|||47|||48|||4|||5
,|||48|||48|||8|||5
,|||49|||48|||12|||5
0|||60|||48|||15|||5
int|||75|||49|||7|||5
0|||61|||49|||10|||5
int|||76|||49|||30|||5
int|||77|||50|||0|||5
0|||62|||50|||3|||5
int|||78|||50|||16|||5
0|||63|||50|||19|||5
int|||79|||50|||49|||5
int|||80|||51|||0|||5
0|||64|||51|||3|||5
int|||81|||51|||16|||5
,|||50|||51|||20|||5
int|||82|||51|||56|||5
int|||83|||52|||0|||5
int|||84|||52|||14|||5
,|||51|||52|||21|||5
0|||65|||52|||32|||5
int|||85|||53|||0|||5
0|||66|||53|||3|||5
int|||86|||53|||12|||5
,|||52|||53|||16|||5
0|||67|||53|||19|||5
int|||87|||54|||0|||5
,|||53|||54|||4|||5
,|||54|||54|||8|||5
,|||55|||54|||12|||5
,|||56|||54|||16|||5
0|||68|||54|||19|||5
int|||88|||55|||0|||5
,|||57|||55|||4|||5
0|||69|||55|||7|||5
0|||70|||55|||13|||5
int|||89|||56|||9|||5
,|||58|||56|||13|||5
0|||71|||56|||16|||5
int|||90|||57|||7|||5
0|||72|||57|||10|||5
(|||138|||57|||29|||5
int|||91|||58|||0|||5
int|||92|||58|||12|||5
,|||59|||58|||16|||5
0|||73|||58|||36|||5
0|||74|||58|||40|||5
int|||93|||59|||0|||5
,|||60|||59|||4|||5
,|||61|||59|||8|||5
0|||75|||59|||27|||5
0|||76|||59|||33|||5
i|||1|||0|||3|||6
i|||2|||0|||7|||6
i|||3|||0|||11|||6
i|||4|||0|||20|||6
i|||5|||1|||8|||6
i|||6|||1|||12|||6
i|||7|||1|||16|||6
i|||8|||1|||21|||6
i|||9|||2|||3|||6
i|||10|||2|||7|||6
i|||11|||2|||11|||6
i|||12|||2|||21|||6
i|||13|||3|||3|||6
i|||14|||3|||7|||6
i|||15|||3|||11|||6
i|||16|||3|||21|||6
i|||17|||4|||8|||6
i|||18|||4|||12|||6
i|||19|||4|||16|||6
i|||20|||4|||21|||6
i|||21|||5|||20|||6
i|||22|||5|||24|||6
i|||23|||5|||30|||6
i|||24|||5|||41|||6
i|||25|||6|||3|||6
i|||26|||6|||11|||6
i|||27|||6|||15|||6
i|||28|||6|||26|||6
i|||29|||7|||8|||6
i|||30|||7|||12|||6
i|||31|||7|||18|||6
i|||32|||7|||25|||6
i|||33|||8|||14|||6
i|||34|||8|||18|||6
i|||35|||8|||22|||6
i|||36|||11|||11|||6
i|||37|||11|||15|||6
i|||38|||11|||21|||6
i|||39|||11|||28|||6
i|||40|||11|||37|||6
i|||41|||12|||11|||6
i|||42|||12|||15|||6
i|||43|||12|||21|||6
i|||44|||12|||28|||6
i|||45|||12|||37|||6
i|||46|||14|||12|||6
i|||47|||14|||16|||6
i|||48|||14|||22|||6
i|||49|||14|||29|||6
i|||50|||15|||3|||6
i|||51|||15|||9|||6
i|||52|||15|||17|||6
i|||53|||15|||25|||6
i|||54|||15|||30|||6
i|||55|||15|||39|||6
i|||56|||15|||50|||6
i|||57|||16|||15|||6
i|||58|||16|||19|||6
i|||59|||16|||27|||6
i|||60|||16|||42|||6
i|||61|||18|||16|||6
i|||62|||18|||20|||6
i|||63|||18|||24|||6
i|||64|||19|||10|||6
i|||65|||19|||14|||6
i|||66|||19|||22|||6
i|||67|||19|||38|||6
i|||68|||20|||3|||6
i|||69|||20|||7|||6
i|||70|||20|||15|||6
i|||71|||20|||31|||6
i|||72|||21|||3|||6
i|||73|||21|||7|||6
i|||74|||21|||15|||6
i|||75|||21|||22|||6
i|||76|||21|||29|||6
i|||77|||21|||63|||6
i|||78|||21|||68|||6
i|||79|||22|||3|||6
i|||80|||22|||7|||6
i|||81|||22|||13|||6
i|||82|||22|||22|||6
i|||83|||22|||27|||6
i|||84|||23|||3|||6
i|||85|||23|||7|||6
i|||86|||23|||11|||6
i|||87|||23|||29|||6
i|||88|||23|||52|||6
i|||89|||24|||20|||6
i|||90|||24|||24|||6
i|||91|||24|||28|||6
i|||92|||24|||37|||6
i|||93|||24|||43|||6
i|||94|||26|||17|||6
i|||95|||26|||21|||6
i|||96|||26|||29|||6
i|||97|||26|||38|||6
i|||98|||27|||10|||6
i|||99|||27|||14|||6
i|||100|||27|||22|||6
i|||101|||27|||39|||6
i|||102|||28|||3|||6
i|||103|||28|||7|||6
i|||104|||28|||11|||6
i|||105|||28|||29|||6
i|||106|||28|||38|||6
i|||108|||30|||1|||6
i|||109|||30|||7|||6
i|||110|||30|||18|||6
i|||111|||30|||24|||6
i|||113|||31|||11|||6
i|||114|||31|||18|||6
i|||115|||31|||20|||6
i|||116|||32|||1|||6
i|||117|||32|||7|||6
i|||118|||32|||18|||6
i|||119|||32|||24|||6
i|||120|||33|||1|||6
i|||121|||33|||7|||6
i|||122|||33|||18|||6
i|||123|||33|||24|||6
i|||125|||34|||11|||6
i|||126|||34|||18|||6
i|||127|||34|||20|||6
i|||128|||35|||18|||6
i|||129|||35|||24|||6
i|||130|||35|||39|||6
i|||131|||35|||46|||6
i|||132|||36|||1|||6
i|||133|||36|||11|||6
i|||134|||36|||24|||6
i|||135|||36|||31|||6
i|||136|||37|||5|||6
i|||137|||37|||11|||6
i|||138|||37|||22|||6
i|||139|||37|||25|||6
i|||140|||38|||11|||6
i|||141|||38|||17|||6
i|||142|||38|||48|||6
i|||143|||41|||8|||6
i|||144|||41|||14|||6
i|||145|||41|||25|||6
i|||146|||41|||34|||6
i|||147|||41|||37|||6
i|||148|||42|||8|||6
i|||149|||42|||14|||6
i|||150|||42|||25|||6
i|||151|||42|||34|||6
i|||152|||42|||37|||6
i|||154|||44|||15|||6
i|||155|||44|||26|||6
i|||156|||44|||34|||6
i|||157|||45|||1|||6
i|||158|||45|||9|||6
i|||159|||45|||22|||6
i|||160|||45|||27|||6
i|||161|||45|||36|||6
i|||162|||45|||47|||6
i|||163|||45|||54|||6
i|||164|||46|||12|||6
i|||165|||46|||18|||6
i|||166|||46|||39|||6
i|||167|||46|||49|||6
i|||168|||48|||13|||6
i|||169|||48|||19|||6
i|||170|||48|||28|||6
i|||171|||49|||8|||6
i|||172|||49|||14|||6
i|||173|||49|||36|||6
i|||174|||49|||43|||6
i|||175|||50|||1|||6
i|||176|||50|||7|||6
i|||177|||50|||29|||6
i|||178|||50|||83|||6
i|||179|||51|||1|||6
i|||180|||51|||7|||6
i|||181|||51|||19|||6
i|||182|||51|||23|||6
i|||183|||51|||61|||6
i|||184|||51|||66|||6
i|||185|||51|||81|||6
i|||186|||52|||1|||6
i|||187|||52|||7|||6
i|||188|||52|||19|||6
i|||189|||52|||24|||6
i|||190|||52|||67|||6
i|||191|||53|||1|||6
i|||192|||53|||7|||6
i|||193|||53|||25|||6
i|||194|||53|||45|||6
i|||195|||53|||68|||6
i|||196|||54|||17|||6
i|||197|||54|||23|||6
i|||198|||54|||33|||6
i|||199|||54|||39|||6
i|||200|||54|||44|||6
i|||201|||56|||14|||6
i|||202|||56|||20|||6
i|||203|||56|||35|||6
i|||204|||56|||44|||6
i|||205|||57|||8|||6
i|||206|||57|||14|||6
i|||207|||57|||37|||6
i|||208|||57|||44|||6
i|||209|||58|||1|||6
i|||210|||58|||7|||6
i|||211|||58|||25|||6
i|||212|||58|||32|||6
i|||213|||58|||58|||6
i|||214|||58|||64|||6
)|||1|||0|||13|||7
.|||1|||0|||15|||7
.|||2|||0|||17|||7
)|||2|||0|||24|||7
)|||3|||1|||18|||7
)|||4|||2|||14|||7
.|||3|||2|||16|||7
.|||4|||2|||18|||7
)|||5|||2|||25|||7
)|||6|||3|||14|||7
.|||5|||3|||16|||7
.|||6|||3|||18|||7
)|||7|||3|||25|||7
)|||8|||4|||18|||7
)|||9|||5|||32|||7
.|||8|||5|||34|||7
.|||9|||5|||36|||7
)|||10|||5|||46|||7
)|||11|||6|||17|||7
.|||11|||6|||19|||7
.|||12|||6|||21|||7
)|||12|||6|||31|||7
)|||13|||7|||20|||7
)|||14|||8|||24|||7
.|||14|||8|||27|||7
.|||15|||8|||29|||7
)|||15|||8|||36|||7
}|||2|||8|||52|||7
)|||16|||9|||19|||7
)|||17|||10|||19|||7
)|||18|||11|||23|||7
)|||19|||11|||32|||7
)|||20|||12|||23|||7
)|||21|||12|||32|||7
)|||23|||14|||24|||7
)|||24|||14|||32|||7
)|||27|||16|||29|||7
)|||28|||16|||43|||7
)|||29|||16|||44|||7
)|||30|||16|||48|||7
)|||31|||17|||23|||7
)|||32|||18|||26|||7
)|||33|||19|||20|||7
)|||34|||19|||24|||7
.|||25|||19|||26|||7
.|||26|||19|||28|||7
)|||35|||19|||33|||7
)|||36|||19|||39|||7
)|||37|||19|||43|||7
)|||38|||20|||17|||7
.|||29|||20|||28|||7
)|||39|||20|||37|||7
)|||40|||20|||51|||7
}|||4|||20|||82|||7
)|||42|||21|||41|||7
)|||43|||21|||53|||7
}|||5|||21|||83|||7
)|||45|||22|||43|||7
}|||6|||22|||66|||7
)|||46|||23|||13|||7
{|||7|||23|||14|||7
)|||47|||23|||33|||7
{|||8|||23|||34|||7
.|||33|||23|||36|||7
.|||34|||23|||38|||7
)|||48|||23|||45|||7
)|||49|||23|||55|||7
)|||50|||23|||61|||7
}|||7|||23|||63|||7
.|||35|||23|||65|||7
.|||36|||23|||67|||7
)|||51|||23|||70|||7
}|||8|||23|||72|||7
)|||52|||24|||30|||7
)|||53|||24|||38|||7
)|||54|||24|||46|||7
}|||9|||24|||48|||7
.|||37|||24|||50|||7
.|||38|||24|||52|||7
)|||55|||24|||58|||7
)|||56|||25|||19|||7
)|||57|||26|||27|||7
)|||58|||26|||31|||7
)|||59|||26|||39|||7
)|||60|||26|||43|||7
)|||61|||27|||20|||7
)|||62|||27|||24|||7
.|||42|||27|||26|||7
.|||43|||27|||28|||7
)|||63|||27|||33|||7
)|||64|||27|||40|||7
)|||65|||27|||43|||7
)|||66|||27|||44|||7
)|||68|||28|||35|||7
)|||69|||28|||43|||7
)|||70|||28|||53|||7
.|||45|||28|||55|||7
)|||71|||28|||64|||7
}|||10|||28|||66|||7
)|||72|||29|||15|||7
)|||73|||29|||38|||7
.|||47|||29|||41|||7
.|||48|||29|||43|||7
)|||74|||29|||47|||7
.|||49|||30|||13|||7
.|||50|||30|||15|||7
)|||76|||30|||22|||7
}|||11|||30|||27|||7
)|||77|||31|||14|||7
}|||12|||31|||23|||7
.|||51|||32|||13|||7
.|||52|||32|||15|||7
)|||79|||32|||22|||7
}|||13|||32|||28|||7
.|||53|||33|||13|||7
.|||54|||33|||15|||7
)|||81|||33|||22|||7
}|||14|||33|||28|||7
)|||82|||34|||14|||7
{|||15|||34|||15|||7
}|||15|||34|||23|||7
)|||83|||35|||29|||7
.|||56|||35|||32|||7
.|||57|||35|||34|||7
)|||84|||35|||44|||7
}|||17|||35|||49|||7
)|||85|||36|||14|||7
.|||59|||36|||17|||7
.|||60|||36|||19|||7
)|||86|||36|||29|||7
}|||18|||36|||34|||7
)|||87|||37|||16|||7
{|||19|||37|||17|||7
}|||19|||37|||28|||7
)|||88|||38|||20|||7
{|||20|||38|||21|||7
.|||62|||38|||23|||7
.|||63|||38|||25|||7
)|||89|||38|||32|||7
}|||20|||38|||51|||7
)|||90|||39|||14|||7
}|||21|||39|||23|||7
)|||91|||40|||14|||7
{|||22|||40|||15|||7
}|||22|||40|||30|||7
)|||92|||41|||19|||7
{|||23|||41|||20|||7
)|||93|||41|||29|||7
}|||23|||41|||40|||7
)|||94|||42|||19|||7
{|||24|||42|||20|||7
)|||95|||42|||29|||7
}|||24|||42|||40|||7
)|||96|||43|||16|||7
{|||25|||43|||17|||7
}|||25|||43|||32|||7
)|||97|||44|||20|||7
)|||98|||44|||29|||7
}|||26|||44|||37|||7
}|||27|||45|||57|||7
)|||100|||46|||24|||7
)|||101|||46|||25|||7
)|||102|||46|||40|||7
)|||103|||46|||41|||7
)|||104|||46|||45|||7
}|||28|||46|||52|||7
}|||29|||47|||34|||7
)|||106|||48|||22|||7
{|||30|||48|||23|||7
}|||30|||48|||31|||7
)|||107|||49|||20|||7
.|||73|||49|||24|||7
)|||109|||49|||31|||7
)|||110|||49|||37|||7
)|||111|||49|||41|||7
}|||31|||49|||46|||7
)|||112|||50|||14|||7
)|||113|||50|||32|||7
{|||33|||50|||33|||7
)|||114|||50|||47|||7
{|||34|||50|||48|||7
}|||32|||50|||78|||7
}|||33|||50|||82|||7
}|||34|||50|||86|||7
)|||115|||51|||14|||7
)|||116|||51|||34|||7
{|||36|||51|||35|||7
)|||117|||51|||47|||7
}|||35|||51|||55|||7
}|||36|||51|||84|||7
)|||118|||52|||12|||7
)|||119|||52|||40|||7
{|||38|||52|||41|||7
}|||37|||52|||57|||7
}|||38|||52|||70|||7
)|||120|||53|||10|||7
{|||39|||53|||11|||7
)|||121|||53|||26|||7
{|||40|||53|||27|||7
.|||81|||53|||29|||7
.|||82|||53|||31|||7
)|||122|||53|||38|||7
)|||123|||53|||48|||7
)|||124|||53|||54|||7
}|||39|||53|||59|||7
.|||83|||53|||61|||7
.|||84|||53|||63|||7
)|||125|||53|||66|||7
}|||40|||53|||71|||7
)|||126|||54|||26|||7
{|||41|||54|||27|||7
)|||127|||54|||34|||7
)|||128|||54|||42|||7
}|||41|||54|||47|||7
.|||85|||54|||49|||7
.|||86|||54|||51|||7
)|||129|||54|||57|||7
}|||42|||55|||26|||7
)|||131|||56|||26|||7
)|||132|||56|||27|||7
{|||43|||56|||28|||7
)|||133|||56|||36|||7
)|||134|||56|||40|||7
}|||43|||56|||47|||7
)|||135|||57|||20|||7
.|||90|||57|||24|||7
.|||91|||57|||26|||7
)|||137|||57|||31|||7
)|||138|||57|||38|||7
)|||139|||57|||41|||7
)|||140|||57|||42|||7
}|||44|||57|||47|||7
)|||142|||58|||28|||7
{|||46|||58|||29|||7
)|||143|||58|||37|||7
}|||45|||58|||45|||7
)|||144|||58|||51|||7
.|||93|||58|||53|||7
)|||145|||58|||62|||7
}|||46|||58|||67|||7
)|||146|||59|||15|||7
)|||147|||59|||34|||7
.|||95|||59|||39|||7
.|||96|||59|||41|||7
)|||148|||59|||45|||7
for|||1|||0|||0|||8
(|||1|||0|||1|||8
(|||2|||0|||19|||8
for|||2|||1|||5|||8
(|||3|||1|||6|||8
for|||3|||2|||0|||8
(|||4|||2|||1|||8
(|||5|||2|||20|||8
for|||4|||3|||0|||8
(|||6|||3|||1|||8
(|||7|||3|||20|||8
for|||5|||4|||5|||8
(|||8|||4|||6|||8
for|||6|||5|||17|||8
(|||9|||5|||18|||8
(|||10|||5|||38|||8
for|||7|||6|||0|||8
(|||11|||6|||1|||8
(|||12|||6|||23|||8
for|||8|||7|||5|||8
(|||13|||7|||6|||8
for|||9|||8|||11|||8
(|||14|||8|||12|||8
(|||15|||8|||31|||8
(|||16|||9|||10|||8
(|||17|||10|||10|||8
for|||12|||11|||8|||8
(|||18|||11|||9|||8
if|||1|||11|||24|||8
(|||19|||11|||25|||8
for|||13|||12|||8|||8
(|||20|||12|||9|||8
if|||2|||12|||24|||8
(|||21|||12|||25|||8
(|||22|||13|||10|||8
for|||15|||14|||9|||8
(|||23|||14|||10|||8
if|||3|||14|||25|||8
(|||24|||14|||26|||8
for|||16|||15|||0|||8
(|||25|||15|||1|||8
for|||17|||16|||12|||8
(|||26|||16|||13|||8
(|||28|||16|||31|||8
(|||29|||16|||37|||8
(|||30|||16|||41|||8
(|||31|||17|||14|||8
for|||19|||18|||13|||8
(|||32|||18|||14|||8
for|||20|||19|||7|||8
(|||33|||19|||8|||8
(|||35|||19|||30|||8
(|||36|||19|||31|||8
(|||37|||19|||37|||8
for|||21|||20|||0|||8
(|||38|||20|||1|||8
for|||22|||20|||18|||8
(|||39|||20|||19|||8
(|||40|||20|||39|||8
for|||23|||21|||0|||8
(|||41|||21|||1|||8
for|||24|||21|||24|||8
(|||42|||21|||25|||8
if|||6|||21|||42|||8
(|||43|||21|||43|||8
for|||25|||22|||0|||8
(|||44|||22|||1|||8
(|||45|||22|||32|||8
for|||26|||23|||0|||8
(|||46|||23|||1|||8
for|||27|||23|||20|||8
(|||47|||23|||21|||8
(|||48|||23|||40|||8
(|||49|||23|||51|||8
(|||50|||23|||57|||8
(|||51|||23|||69|||8
for|||28|||24|||17|||8
(|||52|||24|||18|||8
(|||53|||24|||34|||8
(|||54|||24|||42|||8
(|||55|||24|||54|||8
(|||56|||25|||10|||8
for|||30|||26|||14|||8
(|||57|||26|||15|||8
if|||7|||26|||32|||8
(|||59|||26|||33|||8
(|||60|||26|||37|||8
for|||31|||27|||7|||8
(|||61|||27|||8|||8
(|||63|||27|||30|||8
(|||65|||27|||34|||8
(|||66|||27|||38|||8
for|||32|||28|||0|||8
(|||67|||28|||1|||8
for|||33|||28|||20|||8
(|||68|||28|||21|||8
if|||8|||28|||36|||8
(|||69|||28|||37|||8
(|||70|||28|||49|||8
(|||71|||28|||59|||8
(|||72|||29|||11|||8
(|||73|||29|||22|||8
(|||74|||29|||45|||8
(|||75|||30|||6|||8
(|||76|||30|||17|||8
(|||77|||31|||10|||8
{|||12|||31|||15|||8
(|||78|||32|||6|||8
(|||79|||32|||17|||8
(|||80|||33|||6|||8
(|||81|||33|||17|||8
(|||82|||34|||10|||8
(|||83|||35|||23|||8
(|||84|||35|||36|||8
(|||85|||36|||10|||8
(|||86|||36|||21|||8
(|||87|||37|||10|||8
(|||88|||38|||16|||8
(|||89|||38|||27|||8
(|||90|||39|||10|||8
(|||91|||40|||10|||8
(|||92|||41|||13|||8
if|||10|||41|||21|||8
(|||93|||41|||22|||8
(|||94|||42|||13|||8
if|||11|||42|||21|||8
(|||95|||42|||22|||8
(|||96|||43|||12|||8
(|||97|||44|||14|||8
if|||12|||44|||22|||8
(|||98|||44|||23|||8
(|||99|||45|||8|||8
(|||100|||46|||17|||8
(|||102|||46|||28|||8
(|||103|||46|||34|||8
(|||104|||46|||38|||8
(|||105|||47|||14|||8
(|||106|||48|||18|||8
(|||107|||49|||13|||8
(|||108|||49|||19|||8
(|||109|||49|||28|||8
(|||110|||49|||29|||8
(|||111|||49|||35|||8
(|||112|||50|||6|||8
(|||113|||50|||22|||8
(|||114|||50|||35|||8
(|||115|||51|||6|||8
(|||116|||51|||28|||8
if|||15|||51|||36|||8
(|||117|||51|||37|||8
(|||118|||52|||6|||8
(|||119|||52|||29|||8
(|||120|||53|||6|||8
(|||121|||53|||22|||8
(|||122|||53|||33|||8
(|||123|||53|||44|||8
(|||124|||53|||50|||8
(|||125|||53|||65|||8
(|||126|||54|||22|||8
(|||127|||54|||30|||8
(|||128|||54|||38|||8
(|||129|||54|||53|||8
(|||130|||55|||10|||8
(|||131|||56|||19|||8
if|||16|||56|||29|||8
(|||133|||56|||30|||8
(|||134|||56|||34|||8
(|||135|||57|||13|||8
(|||136|||57|||19|||8
(|||137|||57|||28|||8
(|||139|||57|||32|||8
(|||140|||57|||36|||8
(|||141|||58|||6|||8
(|||142|||58|||22|||8
if|||17|||58|||30|||8
(|||143|||58|||31|||8
(|||144|||58|||47|||8
(|||145|||58|||57|||8
(|||146|||59|||11|||8
(|||147|||59|||22|||8
(|||148|||59|||43|||8
;|||1|||0|||6|||9
;|||2|||0|||10|||9
++|||1|||0|||12|||9
;|||5|||1|||11|||9
;|||6|||1|||15|||9
++|||2|||1|||17|||9
;|||8|||2|||6|||9
;|||9|||2|||10|||9
;|||11|||3|||6|||9
;|||12|||3|||10|||9
;|||15|||4|||11|||9
;|||16|||4|||15|||9
++|||3|||4|||17|||9
[|||1|||5|||1|||9
]|||1|||5|||2|||9
{|||1|||5|||5|||9
,|||1|||5|||7|||9
,|||2|||5|||9|||9
3|||1|||5|||10|||9
,|||3|||5|||11|||9
,|||4|||5|||13|||9
}|||1|||5|||15|||9
;|||19|||5|||23|||9
.|||7|||5|||27|||9
length|||1|||5|||28|||9
;|||20|||5|||29|||9
++|||4|||5|||31|||9
[|||2|||5|||40|||9
]|||2|||5|||42|||9
.|||10|||6|||6|||9
-|||1|||6|||8|||9
;|||22|||6|||10|||9
;|||23|||6|||14|||9
--|||1|||6|||16|||9
[|||3|||6|||25|||9
]|||3|||6|||27|||9
;|||26|||7|||11|||9
.|||13|||7|||15|||9
;|||27|||7|||17|||9
++|||5|||7|||19|||9
[|||4|||7|||24|||9
]|||4|||7|||26|||9
;|||30|||8|||17|||9
;|||31|||8|||21|||9
++|||6|||8|||23|||9
;|||37|||9|||11|||9
;|||41|||10|||11|||9
[|||5|||11|||4|||9
0|||12|||11|||5|||9
]|||5|||11|||6|||9
;|||45|||11|||14|||9
.|||16|||11|||18|||9
;|||46|||11|||20|||9
++|||8|||11|||22|||9
[|||6|||11|||27|||9
]|||6|||11|||29|||9
[|||7|||11|||36|||9
]|||7|||11|||38|||9
[|||8|||12|||4|||9
0|||13|||12|||5|||9
]|||8|||12|||6|||9
;|||49|||12|||14|||9
.|||17|||12|||18|||9
;|||50|||12|||20|||9
++|||9|||12|||22|||9
[|||9|||12|||27|||9
]|||9|||12|||29|||9
[|||10|||12|||36|||9
]|||10|||12|||38|||9
;|||57|||14|||15|||9
;|||58|||14|||21|||9
++|||10|||14|||23|||9
.|||18|||15|||12|||9
;|||61|||15|||16|||9
++|||11|||15|||18|||9
[|||11|||15|||24|||9
]|||11|||15|||26|||9
[|||13|||15|||34|||9
.|||19|||15|||36|||9
]|||13|||15|||42|||9
.|||20|||15|||47|||9
]|||14|||15|||53|||9
;|||67|||16|||18|||9
<|||8|||16|||20|||9
.|||21|||16|||22|||9
length|||9|||16|||23|||9
(|||27|||16|||24|||9
)|||26|||16|||25|||9
;|||68|||16|||26|||9
++|||12|||16|||28|||9
.|||22|||16|||35|||9
indexOf|||1|||16|||36|||9
.|||23|||16|||39|||9
charAt|||1|||16|||40|||9
1|||14|||16|||47|||9
;|||71|||17|||15|||9
;|||75|||18|||19|||9
;|||76|||18|||23|||9
++|||14|||18|||25|||9
;|||79|||19|||13|||9
<|||10|||19|||15|||9
.|||24|||19|||17|||9
length|||10|||19|||18|||9
(|||34|||19|||19|||9
;|||80|||19|||21|||9
++|||15|||19|||23|||9
.|||27|||19|||35|||9
charAt|||2|||19|||36|||9
;|||82|||20|||6|||9
.|||28|||20|||10|||9
;|||83|||20|||14|||9
++|||16|||20|||16|||9
;|||84|||20|||24|||9
;|||85|||20|||34|||9
++|||17|||20|||36|||9
[|||15|||20|||41|||9
]|||15|||20|||43|||9
[|||16|||20|||46|||9
]|||16|||20|||50|||9
[|||17|||20|||57|||9
]|||17|||20|||59|||9
[|||18|||20|||62|||9
]|||18|||20|||64|||9
[|||19|||20|||67|||9
]|||19|||20|||71|||9
[|||20|||20|||74|||9
]|||20|||20|||78|||9
;|||89|||21|||6|||9
.|||30|||21|||10|||9
;|||90|||21|||14|||9
++|||18|||21|||16|||9
;|||92|||21|||32|||9
.|||31|||21|||36|||9
;|||93|||21|||38|||9
++|||19|||21|||40|||9
[|||21|||21|||45|||9
]|||21|||21|||47|||9
[|||22|||21|||50|||9
]|||22|||21|||52|||9
[|||23|||21|||62|||9
]|||23|||21|||64|||9
[|||24|||21|||67|||9
[|||25|||21|||72|||9
]|||25|||21|||74|||9
[|||26|||21|||77|||9
]|||26|||21|||79|||9
;|||98|||22|||6|||9
.|||32|||22|||10|||9
;|||99|||22|||12|||9
++|||20|||22|||14|||9
[|||27|||22|||21|||9
]|||27|||22|||23|||9
[|||28|||22|||38|||9
]|||28|||22|||40|||9
[|||29|||22|||45|||9
[|||30|||22|||52|||9
]|||30|||22|||55|||9
[|||31|||22|||58|||9
]|||31|||22|||62|||9
;|||103|||23|||6|||9
;|||104|||23|||10|||9
++|||21|||23|||12|||9
;|||106|||23|||26|||9
;|||107|||23|||30|||9
++|||22|||23|||32|||9
;|||112|||24|||23|||9
;|||113|||24|||27|||9
++|||23|||24|||29|||9
{|||9|||24|||31|||9
;|||118|||25|||11|||9
;|||119|||25|||15|||9
;|||123|||26|||20|||9
<|||19|||26|||22|||9
.|||39|||26|||24|||9
length|||16|||26|||25|||9
(|||58|||26|||26|||9
;|||124|||26|||28|||9
++|||24|||26|||30|||9
.|||40|||26|||35|||9
charAt|||3|||26|||36|||9
'|||1|||26|||41|||9
'|||2|||26|||42|||9
;|||127|||27|||13|||9
<|||20|||27|||15|||9
.|||41|||27|||17|||9
length|||17|||27|||18|||9
(|||62|||27|||19|||9
;|||128|||27|||21|||9
++|||26|||27|||23|||9
.|||44|||27|||36|||9
charAt|||4|||27|||37|||9
;|||130|||28|||6|||9
;|||131|||28|||10|||9
;|||133|||28|||26|||9
;|||134|||28|||32|||9
?|||1|||29|||16|||9
:|||1|||29|||18|||9
;|||138|||29|||23|||9
;|||139|||29|||35|||9
[|||32|||35|||1|||9
]|||32|||35|||2|||9
{|||16|||35|||5|||9
,|||27|||35|||7|||9
,|||28|||35|||9|||9
3|||3|||35|||10|||9
,|||29|||35|||11|||9
,|||30|||35|||13|||9
}|||16|||35|||15|||9
.|||55|||35|||27|||9
length|||18|||35|||28|||9
[|||33|||35|||38|||9
]|||33|||35|||40|||9
.|||58|||36|||4|||9
[|||34|||36|||23|||9
]|||34|||36|||25|||9
.|||61|||37|||14|||9
length|||20|||37|||15|||9
[|||35|||37|||21|||9
]|||35|||37|||23|||9
[|||36|||41|||4|||9
]|||36|||41|||6|||9
.|||64|||41|||17|||9
length|||21|||41|||18|||9
[|||37|||41|||24|||9
]|||37|||41|||26|||9
[|||38|||41|||33|||9
]|||38|||41|||35|||9
[|||39|||42|||4|||9
]|||39|||42|||6|||9
.|||65|||42|||17|||9
length|||22|||42|||18|||9
[|||40|||42|||24|||9
]|||40|||42|||26|||9
[|||41|||42|||33|||9
]|||41|||42|||35|||9
.|||66|||45|||12|||9
]|||42|||45|||23|||9
[|||44|||45|||31|||9
.|||67|||45|||33|||9
]|||44|||45|||39|||9
[|||45|||45|||42|||9
.|||68|||45|||44|||9
]|||45|||45|||50|||9
.|||69|||46|||21|||9
length|||26|||46|||22|||9
(|||101|||46|||23|||9
.|||70|||46|||32|||9
indexOf|||2|||46|||33|||9
.|||71|||46|||36|||9
charAt|||5|||46|||37|||9
1|||48|||46|||44|||9
.|||72|||49|||17|||9
length|||27|||49|||18|||9
.|||75|||49|||33|||9
charAt|||6|||49|||34|||9
.|||76|||50|||10|||9
.|||77|||50|||26|||9
[|||46|||50|||37|||9
]|||46|||50|||39|||9
[|||47|||50|||42|||9
]|||47|||50|||46|||9
[|||48|||50|||53|||9
]|||48|||50|||55|||9
[|||49|||50|||58|||9
]|||49|||50|||60|||9
[|||50|||50|||63|||9
]|||50|||50|||67|||9
[|||51|||50|||70|||9
]|||51|||50|||74|||9
.|||78|||51|||10|||9
.|||79|||51|||32|||9
[|||52|||51|||39|||9
]|||52|||51|||41|||9
[|||53|||51|||44|||9
]|||53|||51|||46|||9
=|||159|||51|||49|||9
[|||54|||51|||60|||9
]|||54|||51|||62|||9
[|||55|||51|||65|||9
]|||55|||51|||67|||9
[|||56|||51|||70|||9
]|||56|||51|||72|||9
[|||57|||51|||75|||9
]|||57|||51|||77|||9
.|||80|||52|||10|||9
[|||58|||52|||18|||9
]|||58|||52|||20|||9
[|||59|||52|||35|||9
]|||59|||52|||37|||9
[|||60|||52|||43|||9
]|||60|||52|||47|||9
[|||61|||52|||50|||9
]|||61|||52|||52|||9
[|||62|||52|||59|||9
]|||62|||52|||63|||9
.|||87|||56|||23|||9
length|||33|||56|||24|||9
(|||132|||56|||25|||9
.|||88|||56|||32|||9
charAt|||7|||56|||33|||9
'|||3|||56|||38|||9
'|||4|||56|||39|||9
.|||89|||57|||17|||9
length|||34|||57|||18|||9
.|||92|||57|||34|||9
charAt|||8|||57|||35|||9
?|||2|||59|||16|||9
:|||2|||59|||18|||9
