int|||1|||0|||15|||0
numElements|||1|||0|||16|||0
=|||1|||0|||17|||0
int|||2|||0|||22|||0
idx|||1|||0|||23|||0
=|||2|||0|||24|||0
0|||1|||0|||25|||0
idx|||2|||0|||27|||0
numElements|||2|||0|||29|||0
idx|||3|||0|||31|||0
idx|||4|||0|||41|||0
int|||3|||1|||15|||0
nElems|||1|||1|||16|||0
=|||3|||1|||17|||0
int|||4|||1|||22|||0
idx|||5|||1|||23|||0
=|||4|||1|||24|||0
0|||2|||1|||25|||0
idx|||6|||1|||27|||0
nElems|||2|||1|||29|||0
idx|||7|||1|||31|||0
idx|||8|||1|||41|||0
int|||5|||2|||17|||0
i|||1|||2|||18|||0
=|||5|||2|||19|||0
0|||3|||2|||20|||0
i|||2|||2|||22|||0
i|||3|||2|||26|||0
i|||4|||2|||36|||0
int|||6|||3|||15|||0
i|||5|||3|||16|||0
=|||6|||3|||17|||0
0|||4|||3|||18|||0
i|||6|||3|||22|||0
i|||7|||3|||33|||0
i|||8|||3|||36|||0
int|||7|||4|||15|||0
idx|||9|||4|||16|||0
=|||7|||4|||17|||0
int|||8|||4|||20|||0
N|||1|||4|||21|||0
=|||8|||4|||22|||0
idx|||10|||4|||27|||0
N|||2|||4|||29|||0
idx|||11|||4|||38|||0
int|||9|||5|||15|||0
idx|||12|||5|||16|||0
=|||9|||5|||17|||0
int|||10|||5|||20|||0
N|||3|||5|||21|||0
=|||10|||5|||22|||0
idx|||13|||5|||29|||0
N|||4|||5|||31|||0
idx|||14|||5|||41|||0
int|||11|||6|||15|||0
data|||1|||6|||18|||0
=|||11|||6|||19|||0
int|||12|||6|||21|||0
data|||2|||6|||26|||0
[|||10|||6|||27|||0
0|||5|||6|||28|||0
data|||3|||6|||39|||0
[|||11|||6|||40|||0
0|||6|||6|||41|||0
int|||13|||7|||15|||0
data|||4|||7|||18|||0
=|||12|||7|||19|||0
int|||14|||7|||21|||0
data|||5|||7|||26|||0
[|||15|||7|||27|||0
0|||7|||7|||28|||0
data|||6|||7|||31|||0
[|||16|||7|||32|||0
0|||8|||7|||33|||0
data|||7|||7|||44|||0
[|||17|||7|||45|||0
0|||9|||7|||46|||0
int|||15|||8|||17|||0
i|||9|||8|||18|||0
=|||14|||8|||19|||0
0|||10|||8|||20|||0
i|||10|||8|||22|||0
i|||11|||8|||26|||0
i|||12|||8|||36|||0
int|||16|||9|||17|||0
i|||13|||9|||18|||0
=|||15|||9|||19|||0
0|||11|||9|||20|||0
i|||14|||9|||22|||0
i|||15|||9|||26|||0
i|||16|||9|||36|||0
int|||17|||10|||15|||0
tid|||1|||10|||16|||0
=|||16|||10|||17|||0
0|||12|||10|||18|||0
tid|||2|||10|||26|||0
int|||18|||11|||15|||0
tid|||3|||11|||16|||0
=|||17|||11|||17|||0
tid|||4|||11|||26|||0
int|||19|||12|||15|||0
counter|||1|||12|||16|||0
=|||18|||12|||17|||0
int|||20|||12|||22|||0
i|||17|||12|||23|||0
=|||19|||12|||24|||0
0|||13|||12|||25|||0
i|||18|||12|||27|||0
counter|||2|||12|||29|||0
i|||19|||12|||31|||0
i|||20|||12|||41|||0
int|||21|||13|||15|||0
ctr|||1|||13|||16|||0
=|||20|||13|||17|||0
int|||22|||13|||22|||0
i|||21|||13|||23|||0
=|||21|||13|||24|||0
0|||14|||13|||25|||0
i|||22|||13|||27|||0
ctr|||2|||13|||29|||0
i|||23|||13|||31|||0
i|||24|||13|||41|||0
int|||23|||14|||17|||0
j|||1|||14|||18|||0
=|||22|||14|||19|||0
0|||15|||14|||20|||0
j|||2|||14|||22|||0
j|||3|||14|||26|||0
j|||4|||14|||36|||0
int|||24|||15|||15|||0
j|||5|||15|||16|||0
=|||23|||15|||17|||0
0|||16|||15|||18|||0
j|||6|||15|||22|||0
j|||7|||15|||33|||0
j|||8|||15|||36|||0
int|||25|||16|||15|||0
x|||1|||16|||16|||0
=|||24|||16|||17|||0
int|||26|||16|||20|||0
y|||1|||16|||21|||0
=|||25|||16|||22|||0
x|||2|||16|||27|||0
y|||2|||16|||29|||0
x|||3|||16|||39|||0
int|||27|||17|||15|||0
x|||4|||17|||16|||0
=|||26|||17|||17|||0
int|||28|||17|||20|||0
y|||3|||17|||21|||0
=|||27|||17|||22|||0
x|||5|||17|||29|||0
y|||4|||17|||31|||0
x|||6|||17|||42|||0
int|||29|||18|||15|||0
values|||1|||18|||18|||0
=|||28|||18|||19|||0
values|||2|||18|||32|||0
[|||30|||18|||33|||0
values|||3|||18|||45|||0
[|||31|||18|||46|||0
int|||30|||19|||15|||0
values|||4|||19|||18|||0
=|||29|||19|||19|||0
values|||5|||19|||32|||0
[|||34|||19|||33|||0
values|||6|||19|||37|||0
[|||35|||19|||38|||0
values|||7|||19|||50|||0
[|||36|||19|||51|||0
int|||31|||20|||17|||0
i|||25|||20|||18|||0
=|||31|||20|||19|||0
i|||26|||20|||22|||0
i|||27|||20|||26|||0
i|||28|||20|||36|||0
int|||32|||21|||17|||0
i|||29|||21|||18|||0
=|||32|||21|||19|||0
i|||30|||21|||22|||0
i|||31|||21|||26|||0
i|||32|||21|||36|||0
int|||33|||22|||15|||0
index|||1|||22|||16|||0
=|||33|||22|||17|||0
0|||17|||22|||18|||0
index|||2|||22|||26|||0
int|||34|||23|||15|||0
index|||3|||23|||16|||0
=|||34|||23|||17|||0
index|||4|||23|||26|||0
{|||1|||0|||3|||1
(|||1|||0|||8|||1
String|||1|||0|||9|||1
args|||1|||0|||12|||1
{|||2|||0|||14|||1
for|||1|||0|||20|||1
(|||2|||0|||21|||1
;|||2|||0|||26|||1
<|||1|||0|||28|||1
{|||4|||1|||3|||1
(|||4|||1|||8|||1
String|||2|||1|||9|||1
args|||2|||1|||12|||1
{|||5|||1|||14|||1
for|||2|||1|||20|||1
(|||5|||1|||21|||1
;|||6|||1|||26|||1
<|||2|||1|||28|||1
{|||7|||2|||3|||1
(|||7|||2|||8|||1
String|||3|||2|||9|||1
args|||3|||2|||12|||1
{|||8|||2|||14|||1
for|||3|||2|||15|||1
(|||8|||2|||16|||1
;|||9|||2|||21|||1
<|||3|||2|||23|||1
{|||10|||3|||3|||1
(|||10|||3|||8|||1
String|||4|||3|||9|||1
args|||4|||3|||12|||1
{|||11|||3|||14|||1
while|||1|||3|||20|||1
<|||4|||3|||23|||1
{|||13|||4|||3|||1
(|||13|||4|||8|||1
String|||5|||4|||9|||1
args|||5|||4|||12|||1
{|||14|||4|||14|||1
<|||5|||4|||28|||1
{|||16|||5|||3|||1
(|||16|||5|||8|||1
String|||6|||5|||9|||1
args|||6|||5|||12|||1
{|||17|||5|||14|||1
>=|||1|||5|||30|||1
{|||19|||6|||3|||1
(|||20|||6|||8|||1
String|||7|||6|||9|||1
args|||7|||6|||12|||1
{|||20|||6|||14|||1
new|||1|||6|||20|||1
[|||9|||6|||22|||1
{|||21|||7|||3|||1
(|||22|||7|||8|||1
String|||8|||7|||9|||1
args|||8|||7|||12|||1
{|||22|||7|||14|||1
new|||2|||7|||20|||1
[|||14|||7|||22|||1
{|||23|||8|||3|||1
(|||24|||8|||8|||1
String|||9|||8|||9|||1
args|||9|||8|||12|||1
{|||24|||8|||14|||1
for|||4|||8|||15|||1
(|||25|||8|||16|||1
;|||27|||8|||21|||1
<|||6|||8|||23|||1
{|||26|||9|||3|||1
(|||27|||9|||8|||1
String|||10|||9|||9|||1
args|||10|||9|||12|||1
{|||27|||9|||14|||1
for|||5|||9|||15|||1
(|||28|||9|||16|||1
;|||30|||9|||21|||1
<=|||1|||9|||23|||1
{|||29|||10|||3|||1
(|||30|||10|||8|||1
String|||11|||10|||9|||1
args|||11|||10|||12|||1
{|||30|||10|||14|||1
{|||31|||11|||3|||1
(|||32|||11|||8|||1
String|||12|||11|||9|||1
args|||12|||11|||12|||1
{|||32|||11|||14|||1
{|||33|||12|||3|||1
(|||34|||12|||8|||1
String|||13|||12|||9|||1
args|||13|||12|||12|||1
{|||34|||12|||14|||1
for|||6|||12|||20|||1
(|||35|||12|||21|||1
;|||38|||12|||26|||1
<|||7|||12|||28|||1
{|||36|||13|||3|||1
(|||37|||13|||8|||1
String|||14|||13|||9|||1
args|||14|||13|||12|||1
{|||37|||13|||14|||1
for|||7|||13|||20|||1
(|||38|||13|||21|||1
;|||42|||13|||26|||1
<|||8|||13|||28|||1
{|||39|||14|||3|||1
(|||40|||14|||8|||1
String|||15|||14|||9|||1
args|||15|||14|||12|||1
{|||40|||14|||14|||1
for|||8|||14|||15|||1
(|||41|||14|||16|||1
;|||45|||14|||21|||1
<|||9|||14|||23|||1
{|||42|||15|||3|||1
(|||43|||15|||8|||1
String|||16|||15|||9|||1
args|||16|||15|||12|||1
{|||43|||15|||14|||1
while|||2|||15|||20|||1
<|||10|||15|||23|||1
{|||45|||16|||3|||1
(|||46|||16|||8|||1
String|||17|||16|||9|||1
args|||17|||16|||12|||1
{|||46|||16|||14|||1
>|||1|||16|||28|||1
{|||48|||17|||3|||1
(|||49|||17|||8|||1
String|||18|||17|||9|||1
args|||18|||17|||12|||1
{|||49|||17|||14|||1
<=|||2|||17|||30|||1
{|||51|||18|||3|||1
(|||53|||18|||8|||1
String|||19|||18|||9|||1
args|||19|||18|||12|||1
{|||52|||18|||14|||1
{|||53|||18|||20|||1
{|||54|||19|||3|||1
(|||55|||19|||8|||1
String|||20|||19|||9|||1
args|||20|||19|||12|||1
{|||55|||19|||14|||1
{|||56|||19|||20|||1
{|||57|||20|||3|||1
(|||57|||20|||8|||1
String|||21|||20|||9|||1
args|||21|||20|||12|||1
{|||58|||20|||14|||1
for|||9|||20|||15|||1
(|||58|||20|||16|||1
;|||63|||20|||21|||1
<|||11|||20|||23|||1
{|||60|||21|||3|||1
(|||60|||21|||8|||1
String|||22|||21|||9|||1
args|||22|||21|||12|||1
{|||61|||21|||14|||1
for|||10|||21|||15|||1
(|||61|||21|||16|||1
;|||66|||21|||21|||1
<=|||3|||21|||23|||1
{|||63|||22|||3|||1
(|||63|||22|||8|||1
String|||23|||22|||9|||1
args|||23|||22|||12|||1
{|||64|||22|||14|||1
{|||65|||23|||3|||1
(|||65|||23|||8|||1
String|||24|||23|||9|||1
args|||24|||23|||12|||1
{|||66|||23|||14|||1
)|||1|||0|||13|||2
;|||1|||0|||19|||2
;|||3|||0|||30|||2
++|||1|||0|||32|||2
)|||2|||0|||33|||2
{|||3|||0|||34|||2
(|||3|||0|||40|||2
)|||3|||0|||42|||2
;|||4|||0|||43|||2
}|||1|||0|||44|||2
}|||2|||0|||45|||2
}|||3|||0|||46|||2
)|||4|||1|||13|||2
;|||5|||1|||19|||2
;|||7|||1|||30|||2
++|||2|||1|||32|||2
)|||5|||1|||33|||2
{|||6|||1|||34|||2
(|||6|||1|||40|||2
)|||6|||1|||42|||2
;|||8|||1|||43|||2
}|||4|||1|||44|||2
}|||5|||1|||45|||2
}|||6|||1|||46|||2
)|||7|||2|||13|||2
;|||10|||2|||25|||2
++|||3|||2|||27|||2
)|||8|||2|||28|||2
{|||9|||2|||29|||2
(|||9|||2|||35|||2
)|||9|||2|||37|||2
;|||11|||2|||38|||2
}|||7|||2|||39|||2
}|||8|||2|||40|||2
}|||9|||2|||41|||2
)|||10|||3|||13|||2
;|||12|||3|||19|||2
(|||11|||3|||21|||2
)|||11|||3|||25|||2
{|||12|||3|||26|||2
(|||12|||3|||32|||2
)|||12|||3|||34|||2
;|||13|||3|||35|||2
++|||4|||3|||37|||2
;|||14|||3|||38|||2
}|||10|||3|||39|||2
}|||11|||3|||40|||2
}|||12|||3|||41|||2
)|||13|||4|||13|||2
;|||15|||4|||19|||2
;|||16|||4|||24|||2
if|||1|||4|||25|||2
(|||14|||4|||26|||2
)|||14|||4|||30|||2
{|||15|||4|||31|||2
(|||15|||4|||37|||2
)|||15|||4|||39|||2
;|||17|||4|||40|||2
}|||13|||4|||41|||2
}|||14|||4|||42|||2
}|||15|||4|||43|||2
)|||16|||5|||13|||2
;|||18|||5|||19|||2
;|||19|||5|||24|||2
if|||2|||5|||25|||2
(|||17|||5|||26|||2
!|||1|||5|||27|||2
(|||18|||5|||28|||2
)|||17|||5|||32|||2
)|||18|||5|||33|||2
{|||18|||5|||34|||2
(|||19|||5|||40|||2
)|||19|||5|||42|||2
;|||20|||5|||43|||2
}|||16|||5|||44|||2
}|||17|||5|||45|||2
}|||18|||5|||46|||2
)|||20|||6|||13|||2
]|||9|||6|||24|||2
;|||21|||6|||25|||2
]|||10|||6|||29|||2
+=|||1|||6|||30|||2
;|||22|||6|||32|||2
(|||21|||6|||38|||2
]|||11|||6|||42|||2
)|||21|||6|||43|||2
;|||23|||6|||44|||2
}|||19|||6|||45|||2
}|||20|||6|||46|||2
)|||22|||7|||13|||2
]|||14|||7|||24|||2
;|||24|||7|||25|||2
]|||15|||7|||29|||2
=|||13|||7|||30|||2
]|||16|||7|||34|||2
+|||1|||7|||35|||2
;|||25|||7|||37|||2
(|||23|||7|||43|||2
]|||17|||7|||47|||2
)|||23|||7|||48|||2
;|||26|||7|||49|||2
}|||21|||7|||50|||2
}|||22|||7|||51|||2
)|||24|||8|||13|||2
;|||28|||8|||25|||2
++|||5|||8|||27|||2
)|||25|||8|||28|||2
{|||25|||8|||29|||2
(|||26|||8|||35|||2
)|||26|||8|||37|||2
;|||29|||8|||38|||2
}|||23|||8|||39|||2
}|||24|||8|||40|||2
}|||25|||8|||41|||2
)|||27|||9|||13|||2
;|||31|||9|||25|||2
++|||6|||9|||27|||2
)|||28|||9|||28|||2
{|||28|||9|||29|||2
(|||29|||9|||35|||2
)|||29|||9|||37|||2
;|||32|||9|||38|||2
}|||26|||9|||39|||2
}|||27|||9|||40|||2
}|||28|||9|||41|||2
)|||30|||10|||13|||2
;|||33|||10|||19|||2
(|||31|||10|||25|||2
)|||31|||10|||27|||2
;|||34|||10|||28|||2
}|||29|||10|||29|||2
}|||30|||10|||30|||2
)|||32|||11|||13|||2
;|||35|||11|||19|||2
(|||33|||11|||25|||2
)|||33|||11|||27|||2
;|||36|||11|||28|||2
}|||31|||11|||29|||2
}|||32|||11|||30|||2
)|||34|||12|||13|||2
;|||37|||12|||19|||2
;|||39|||12|||30|||2
++|||7|||12|||32|||2
)|||35|||12|||33|||2
{|||35|||12|||34|||2
(|||36|||12|||40|||2
)|||36|||12|||42|||2
;|||40|||12|||43|||2
}|||33|||12|||44|||2
}|||34|||12|||45|||2
}|||35|||12|||46|||2
)|||37|||13|||13|||2
;|||41|||13|||19|||2
;|||43|||13|||30|||2
++|||8|||13|||32|||2
)|||38|||13|||33|||2
{|||38|||13|||34|||2
(|||39|||13|||40|||2
)|||39|||13|||42|||2
;|||44|||13|||43|||2
}|||36|||13|||44|||2
}|||37|||13|||45|||2
}|||38|||13|||46|||2
)|||40|||14|||13|||2
;|||46|||14|||25|||2
++|||9|||14|||27|||2
)|||41|||14|||28|||2
{|||41|||14|||29|||2
(|||42|||14|||35|||2
)|||42|||14|||37|||2
;|||47|||14|||38|||2
}|||39|||14|||39|||2
}|||40|||14|||40|||2
}|||41|||14|||41|||2
)|||43|||15|||13|||2
;|||48|||15|||19|||2
(|||44|||15|||21|||2
)|||44|||15|||25|||2
{|||44|||15|||26|||2
(|||45|||15|||32|||2
)|||45|||15|||34|||2
;|||49|||15|||35|||2
++|||10|||15|||37|||2
;|||50|||15|||38|||2
}|||42|||15|||39|||2
}|||43|||15|||40|||2
}|||44|||15|||41|||2
)|||46|||16|||13|||2
;|||51|||16|||19|||2
;|||52|||16|||24|||2
if|||3|||16|||25|||2
(|||47|||16|||26|||2
)|||47|||16|||30|||2
{|||47|||16|||31|||2
(|||48|||16|||37|||2
"|||1|||16|||38|||2
is|||1|||16|||40|||2
greater|||1|||16|||41|||2
"|||2|||16|||42|||2
)|||48|||16|||43|||2
;|||53|||16|||44|||2
}|||45|||16|||45|||2
}|||46|||16|||46|||2
}|||47|||16|||47|||2
)|||49|||17|||13|||2
;|||54|||17|||19|||2
;|||55|||17|||24|||2
if|||4|||17|||25|||2
(|||50|||17|||26|||2
!|||2|||17|||27|||2
(|||51|||17|||28|||2
)|||50|||17|||32|||2
)|||51|||17|||33|||2
{|||50|||17|||34|||2
(|||52|||17|||40|||2
"|||3|||17|||41|||2
is|||2|||17|||43|||2
greater|||2|||17|||44|||2
"|||4|||17|||45|||2
)|||52|||17|||46|||2
;|||56|||17|||47|||2
}|||48|||17|||48|||2
}|||49|||17|||49|||2
}|||50|||17|||50|||2
)|||53|||18|||13|||2
,|||1|||18|||22|||2
,|||2|||18|||24|||2
,|||3|||18|||26|||2
,|||4|||18|||28|||2
}|||51|||18|||30|||2
;|||57|||18|||31|||2
]|||30|||18|||35|||2
*=|||1|||18|||36|||2
;|||58|||18|||38|||2
(|||54|||18|||44|||2
]|||31|||18|||48|||2
)|||54|||18|||49|||2
;|||59|||18|||50|||2
}|||52|||18|||51|||2
}|||53|||18|||52|||2
)|||55|||19|||13|||2
,|||5|||19|||22|||2
,|||6|||19|||24|||2
,|||7|||19|||26|||2
,|||8|||19|||28|||2
}|||54|||19|||30|||2
;|||60|||19|||31|||2
]|||34|||19|||35|||2
=|||30|||19|||36|||2
]|||35|||19|||40|||2
*|||1|||19|||41|||2
;|||61|||19|||43|||2
(|||56|||19|||49|||2
]|||36|||19|||53|||2
)|||56|||19|||54|||2
;|||62|||19|||55|||2
}|||55|||19|||56|||2
}|||56|||19|||57|||2
)|||57|||20|||13|||2
;|||64|||20|||25|||2
++|||11|||20|||27|||2
)|||58|||20|||28|||2
{|||59|||20|||29|||2
(|||59|||20|||35|||2
)|||59|||20|||37|||2
;|||65|||20|||38|||2
}|||57|||20|||39|||2
}|||58|||20|||40|||2
}|||59|||20|||41|||2
)|||60|||21|||13|||2
;|||67|||21|||25|||2
++|||12|||21|||27|||2
)|||61|||21|||28|||2
{|||62|||21|||29|||2
(|||62|||21|||35|||2
)|||62|||21|||37|||2
;|||68|||21|||38|||2
}|||60|||21|||39|||2
}|||61|||21|||40|||2
}|||62|||21|||41|||2
)|||63|||22|||13|||2
;|||69|||22|||19|||2
(|||64|||22|||25|||2
)|||64|||22|||27|||2
;|||70|||22|||28|||2
}|||63|||22|||29|||2
}|||64|||22|||30|||2
)|||65|||23|||13|||2
;|||71|||23|||19|||2
(|||66|||23|||25|||2
)|||66|||23|||27|||2
;|||72|||23|||28|||2
}|||65|||23|||29|||2
public|||1|||0|||0|||3
public|||2|||0|||4|||3
public|||3|||1|||0|||3
public|||4|||1|||4|||3
public|||5|||2|||0|||3
public|||6|||2|||4|||3
public|||7|||3|||0|||3
public|||8|||3|||4|||3
public|||9|||4|||0|||3
public|||10|||4|||4|||3
public|||11|||5|||0|||3
public|||12|||5|||4|||3
public|||13|||6|||0|||3
public|||14|||6|||4|||3
public|||15|||7|||0|||3
public|||16|||7|||4|||3
public|||17|||8|||0|||3
public|||18|||8|||4|||3
public|||19|||9|||0|||3
public|||20|||9|||4|||3
public|||21|||10|||0|||3
public|||22|||10|||4|||3
public|||23|||11|||0|||3
public|||24|||11|||4|||3
public|||25|||12|||0|||3
public|||26|||12|||4|||3
public|||27|||13|||0|||3
public|||28|||13|||4|||3
public|||29|||14|||0|||3
public|||30|||14|||4|||3
public|||31|||15|||0|||3
public|||32|||15|||4|||3
public|||33|||16|||0|||3
public|||34|||16|||4|||3
public|||35|||17|||0|||3
public|||36|||17|||4|||3
public|||37|||18|||0|||3
public|||38|||18|||4|||3
public|||39|||19|||0|||3
public|||40|||19|||4|||3
public|||41|||20|||0|||3
public|||42|||20|||4|||3
public|||43|||21|||0|||3
public|||44|||21|||4|||3
public|||45|||22|||0|||3
public|||46|||22|||4|||3
public|||47|||23|||0|||3
public|||48|||23|||4|||3
System|||1|||0|||35|||4
.|||1|||0|||36|||4
out|||1|||0|||37|||4
.|||2|||0|||38|||4
println|||1|||0|||39|||4
System|||2|||1|||35|||4
.|||3|||1|||36|||4
out|||2|||1|||37|||4
.|||4|||1|||38|||4
println|||2|||1|||39|||4
System|||3|||2|||30|||4
.|||5|||2|||31|||4
out|||3|||2|||32|||4
.|||6|||2|||33|||4
println|||3|||2|||34|||4
System|||4|||3|||27|||4
.|||7|||3|||28|||4
out|||4|||3|||29|||4
.|||8|||3|||30|||4
println|||4|||3|||31|||4
System|||5|||4|||32|||4
.|||9|||4|||33|||4
out|||5|||4|||34|||4
.|||10|||4|||35|||4
println|||5|||4|||36|||4
System|||6|||5|||35|||4
.|||11|||5|||36|||4
out|||6|||5|||37|||4
.|||12|||5|||38|||4
println|||6|||5|||39|||4
System|||7|||6|||33|||4
.|||13|||6|||34|||4
out|||7|||6|||35|||4
.|||14|||6|||36|||4
println|||7|||6|||37|||4
System|||8|||7|||38|||4
.|||15|||7|||39|||4
out|||8|||7|||40|||4
.|||16|||7|||41|||4
println|||8|||7|||42|||4
System|||9|||8|||30|||4
.|||17|||8|||31|||4
out|||9|||8|||32|||4
.|||18|||8|||33|||4
println|||9|||8|||34|||4
System|||10|||9|||30|||4
.|||19|||9|||31|||4
out|||10|||9|||32|||4
.|||20|||9|||33|||4
println|||10|||9|||34|||4
System|||11|||10|||20|||4
.|||21|||10|||21|||4
out|||11|||10|||22|||4
.|||22|||10|||23|||4
println|||11|||10|||24|||4
System|||12|||11|||20|||4
.|||23|||11|||21|||4
out|||12|||11|||22|||4
.|||24|||11|||23|||4
println|||12|||11|||24|||4
System|||13|||12|||35|||4
.|||25|||12|||36|||4
out|||13|||12|||37|||4
.|||26|||12|||38|||4
println|||13|||12|||39|||4
System|||14|||13|||35|||4
.|||27|||13|||36|||4
out|||14|||13|||37|||4
.|||28|||13|||38|||4
println|||14|||13|||39|||4
System|||15|||14|||30|||4
.|||29|||14|||31|||4
out|||15|||14|||32|||4
.|||30|||14|||33|||4
println|||15|||14|||34|||4
System|||16|||15|||27|||4
.|||31|||15|||28|||4
out|||16|||15|||29|||4
.|||32|||15|||30|||4
println|||16|||15|||31|||4
System|||17|||16|||32|||4
.|||33|||16|||33|||4
out|||17|||16|||34|||4
.|||34|||16|||35|||4
println|||17|||16|||36|||4
System|||18|||17|||35|||4
.|||35|||17|||36|||4
out|||18|||17|||37|||4
.|||36|||17|||38|||4
println|||18|||17|||39|||4
System|||19|||18|||39|||4
.|||37|||18|||40|||4
out|||19|||18|||41|||4
.|||38|||18|||42|||4
println|||19|||18|||43|||4
System|||20|||19|||44|||4
.|||39|||19|||45|||4
out|||20|||19|||46|||4
.|||40|||19|||47|||4
println|||20|||19|||48|||4
System|||21|||20|||30|||4
.|||41|||20|||31|||4
out|||21|||20|||32|||4
.|||42|||20|||33|||4
println|||21|||20|||34|||4
System|||22|||21|||30|||4
.|||43|||21|||31|||4
out|||22|||21|||32|||4
.|||44|||21|||33|||4
println|||22|||21|||34|||4
System|||23|||22|||20|||4
.|||45|||22|||21|||4
out|||23|||22|||22|||4
.|||46|||22|||23|||4
println|||23|||22|||24|||4
System|||24|||23|||20|||4
.|||47|||23|||21|||4
out|||24|||23|||22|||4
.|||48|||23|||23|||4
println|||24|||23|||24|||4
[|||1|||0|||10|||5
]|||1|||0|||11|||5
[|||2|||1|||10|||5
]|||2|||1|||11|||5
[|||3|||2|||10|||5
]|||3|||2|||11|||5
[|||4|||3|||10|||5
]|||4|||3|||11|||5
[|||5|||4|||10|||5
]|||5|||4|||11|||5
[|||6|||5|||10|||5
]|||6|||5|||11|||5
[|||7|||6|||10|||5
]|||7|||6|||11|||5
[|||8|||6|||16|||5
]|||8|||6|||17|||5
[|||12|||7|||10|||5
]|||12|||7|||11|||5
[|||13|||7|||16|||5
]|||13|||7|||17|||5
[|||18|||8|||10|||5
]|||18|||8|||11|||5
[|||19|||9|||10|||5
]|||19|||9|||11|||5
[|||20|||10|||10|||5
]|||20|||10|||11|||5
[|||21|||11|||10|||5
]|||21|||11|||11|||5
[|||22|||12|||10|||5
]|||22|||12|||11|||5
[|||23|||13|||10|||5
]|||23|||13|||11|||5
[|||24|||14|||10|||5
]|||24|||14|||11|||5
[|||25|||15|||10|||5
]|||25|||15|||11|||5
[|||26|||16|||10|||5
]|||26|||16|||11|||5
[|||27|||17|||10|||5
]|||27|||17|||11|||5
[|||28|||18|||10|||5
]|||28|||18|||11|||5
[|||29|||18|||16|||5
]|||29|||18|||17|||5
[|||32|||19|||10|||5
]|||32|||19|||11|||5
[|||33|||19|||16|||5
]|||33|||19|||17|||5
[|||37|||20|||10|||5
]|||37|||20|||11|||5
[|||38|||21|||10|||5
]|||38|||21|||11|||5
[|||39|||22|||10|||5
]|||39|||22|||11|||5
[|||40|||23|||10|||5
]|||40|||23|||11|||5
Example1|||1|||0|||2|||6
10|||1|||0|||18|||6
Example2|||1|||1|||2|||6
10|||2|||1|||18|||6
Example3|||1|||2|||2|||6
10|||3|||2|||24|||6
Example4|||1|||3|||2|||6
10|||4|||3|||24|||6
Example5|||1|||4|||2|||6
5|||1|||4|||18|||6
10|||5|||4|||23|||6
Example6|||1|||5|||2|||6
5|||2|||5|||18|||6
10|||6|||5|||23|||6
Example7|||1|||6|||2|||6
5|||3|||6|||23|||6
100|||1|||6|||31|||6
Example8|||1|||7|||2|||6
5|||4|||7|||23|||6
100|||2|||7|||36|||6
Example9|||1|||8|||2|||6
5|||5|||8|||24|||6
Example10|||1|||9|||2|||6
5|||6|||9|||24|||6
Example11|||1|||10|||2|||6
Example12|||1|||11|||2|||6
1|||1|||11|||18|||6
Example13|||1|||12|||2|||6
10|||7|||12|||18|||6
Example14|||1|||13|||2|||6
10|||8|||13|||18|||6
Example15|||1|||14|||2|||6
5|||7|||14|||24|||6
Example16|||1|||15|||2|||6
5|||8|||15|||24|||6
Example17|||1|||16|||2|||6
7|||1|||16|||18|||6
10|||9|||16|||23|||6
Example18|||1|||17|||2|||6
7|||2|||17|||18|||6
10|||10|||17|||23|||6
Example19|||1|||18|||2|||6
1|||2|||18|||21|||6
2|||1|||18|||23|||6
3|||1|||18|||25|||6
4|||1|||18|||27|||6
5|||9|||18|||29|||6
2|||2|||18|||34|||6
2|||3|||18|||37|||6
2|||4|||18|||47|||6
Example20|||1|||19|||2|||6
1|||3|||19|||21|||6
2|||5|||19|||23|||6
3|||2|||19|||25|||6
4|||2|||19|||27|||6
5|||10|||19|||29|||6
2|||6|||19|||34|||6
2|||7|||19|||39|||6
2|||8|||19|||42|||6
2|||9|||19|||52|||6
Example21|||1|||20|||2|||6
1|||4|||20|||20|||6
4|||3|||20|||24|||6
Example22|||1|||21|||2|||6
1|||5|||21|||20|||6
4|||4|||21|||24|||6
Example23|||1|||22|||2|||6
Example24|||1|||23|||2|||6
1|||6|||23|||18|||6
void|||1|||0|||6|||7
main|||1|||0|||7|||7
void|||2|||1|||6|||7
main|||2|||1|||7|||7
void|||3|||2|||6|||7
main|||3|||2|||7|||7
void|||4|||3|||6|||7
main|||4|||3|||7|||7
void|||5|||4|||6|||7
main|||5|||4|||7|||7
void|||6|||5|||6|||7
main|||6|||5|||7|||7
void|||7|||6|||6|||7
main|||7|||6|||7|||7
void|||8|||7|||6|||7
main|||8|||7|||7|||7
void|||9|||8|||6|||7
main|||9|||8|||7|||7
void|||10|||9|||6|||7
main|||10|||9|||7|||7
void|||11|||10|||6|||7
main|||11|||10|||7|||7
void|||12|||11|||6|||7
main|||12|||11|||7|||7
void|||13|||12|||6|||7
main|||13|||12|||7|||7
void|||14|||13|||6|||7
main|||14|||13|||7|||7
void|||15|||14|||6|||7
main|||15|||14|||7|||7
void|||16|||15|||6|||7
main|||16|||15|||7|||7
void|||17|||16|||6|||7
main|||17|||16|||7|||7
void|||18|||17|||6|||7
main|||18|||17|||7|||7
void|||19|||18|||6|||7
main|||19|||18|||7|||7
void|||20|||19|||6|||7
main|||20|||19|||7|||7
void|||21|||20|||6|||7
main|||21|||20|||7|||7
void|||22|||21|||6|||7
main|||22|||21|||7|||7
void|||23|||22|||6|||7
main|||23|||22|||7|||7
void|||24|||23|||6|||7
main|||24|||23|||7|||7
class|||1|||0|||1|||8
class|||2|||1|||1|||8
class|||3|||2|||1|||8
class|||4|||3|||1|||8
class|||5|||4|||1|||8
class|||6|||5|||1|||8
class|||7|||6|||1|||8
class|||8|||7|||1|||8
class|||9|||8|||1|||8
class|||10|||9|||1|||8
class|||11|||10|||1|||8
class|||12|||11|||1|||8
class|||13|||12|||1|||8
class|||14|||13|||1|||8
class|||15|||14|||1|||8
class|||16|||15|||1|||8
class|||17|||16|||1|||8
class|||18|||17|||1|||8
class|||19|||18|||1|||8
class|||20|||19|||1|||8
class|||21|||20|||1|||8
class|||22|||21|||1|||8
class|||23|||22|||1|||8
class|||24|||23|||1|||8
static|||1|||0|||5|||9
static|||2|||1|||5|||9
static|||3|||2|||5|||9
static|||4|||3|||5|||9
static|||5|||4|||5|||9
static|||6|||5|||5|||9
static|||7|||6|||5|||9
static|||8|||7|||5|||9
static|||9|||8|||5|||9
static|||10|||9|||5|||9
static|||11|||10|||5|||9
static|||12|||11|||5|||9
static|||13|||12|||5|||9
static|||14|||13|||5|||9
static|||15|||14|||5|||9
static|||16|||15|||5|||9
static|||17|||16|||5|||9
static|||18|||17|||5|||9
static|||19|||18|||5|||9
static|||20|||19|||5|||9
static|||21|||20|||5|||9
static|||22|||21|||5|||9
static|||23|||22|||5|||9
static|||24|||23|||5|||9
