for|||1|||0|||0|||6
;|||1|||0|||6|||6
;|||2|||0|||10|||6
for|||2|||1|||5|||6
;|||5|||1|||11|||6
;|||6|||1|||15|||6
for|||3|||2|||0|||6
;|||8|||2|||6|||6
;|||9|||2|||10|||6
for|||4|||3|||0|||6
;|||11|||3|||6|||6
;|||12|||3|||10|||6
for|||5|||4|||5|||6
;|||15|||4|||11|||6
;|||16|||4|||15|||6
for|||6|||5|||17|||6
;|||19|||5|||23|||6
;|||20|||5|||29|||6
for|||7|||6|||0|||6
;|||22|||6|||10|||6
;|||23|||6|||14|||6
for|||8|||7|||5|||6
;|||26|||7|||11|||6
;|||27|||7|||17|||6
for|||9|||8|||11|||6
;|||30|||8|||17|||6
;|||31|||8|||21|||6
for|||10|||9|||9|||6
;|||37|||9|||11|||6
;|||38|||9|||15|||6
for|||11|||10|||9|||6
;|||41|||10|||11|||6
;|||42|||10|||15|||6
for|||12|||11|||8|||6
;|||45|||11|||14|||6
;|||46|||11|||20|||6
for|||13|||12|||8|||6
;|||49|||12|||14|||6
;|||50|||12|||20|||6
for|||14|||13|||9|||6
;|||53|||13|||13|||6
;|||54|||13|||17|||6
for|||15|||14|||9|||6
;|||57|||14|||15|||6
;|||58|||14|||21|||6
for|||16|||15|||0|||6
;|||60|||15|||8|||6
;|||61|||15|||16|||6
for|||17|||16|||12|||6
;|||67|||16|||18|||6
;|||68|||16|||26|||6
for|||18|||17|||13|||6
;|||71|||17|||15|||6
;|||72|||17|||19|||6
for|||19|||18|||13|||6
;|||75|||18|||19|||6
;|||76|||18|||23|||6
for|||20|||19|||7|||6
;|||79|||19|||13|||6
;|||80|||19|||21|||6
for|||21|||20|||0|||6
;|||82|||20|||6|||6
;|||83|||20|||14|||6
for|||22|||20|||18|||6
;|||84|||20|||24|||6
;|||85|||20|||34|||6
for|||23|||21|||0|||6
;|||89|||21|||6|||6
;|||90|||21|||14|||6
for|||24|||21|||24|||6
;|||92|||21|||32|||6
;|||93|||21|||38|||6
for|||25|||22|||0|||6
;|||98|||22|||6|||6
;|||99|||22|||12|||6
while|||1|||22|||31|||6
for|||26|||23|||0|||6
;|||103|||23|||6|||6
;|||104|||23|||10|||6
for|||27|||23|||20|||6
;|||106|||23|||26|||6
;|||107|||23|||30|||6
for|||28|||24|||17|||6
;|||112|||24|||23|||6
;|||113|||24|||27|||6
for|||29|||25|||9|||6
;|||118|||25|||11|||6
;|||119|||25|||15|||6
for|||30|||26|||14|||6
;|||123|||26|||20|||6
;|||124|||26|||28|||6
for|||31|||27|||7|||6
;|||127|||27|||13|||6
;|||128|||27|||21|||6
for|||32|||28|||0|||6
;|||130|||28|||6|||6
;|||131|||28|||10|||6
for|||33|||28|||20|||6
;|||133|||28|||26|||6
;|||134|||28|||32|||6
for|||34|||29|||21|||6
;|||138|||29|||23|||6
;|||139|||29|||35|||6
while|||2|||30|||5|||6
while|||3|||31|||9|||6
while|||4|||32|||5|||6
while|||5|||33|||5|||6
while|||6|||34|||9|||6
while|||7|||35|||22|||6
while|||8|||36|||9|||6
while|||9|||37|||9|||6
while|||10|||38|||15|||6
while|||11|||39|||9|||6
while|||12|||40|||9|||6
while|||13|||41|||12|||6
while|||14|||42|||12|||6
while|||15|||43|||11|||6
while|||16|||44|||13|||6
while|||17|||45|||7|||6
while|||18|||46|||16|||6
while|||19|||47|||13|||6
while|||20|||48|||17|||6
while|||21|||49|||12|||6
while|||22|||50|||5|||6
while|||23|||50|||21|||6
while|||24|||51|||5|||6
while|||25|||51|||27|||6
while|||26|||52|||5|||6
while|||27|||52|||28|||6
while|||28|||53|||5|||6
while|||29|||53|||21|||6
while|||30|||54|||21|||6
while|||31|||55|||9|||6
while|||32|||56|||18|||6
while|||33|||57|||12|||6
while|||34|||58|||5|||6
while|||35|||58|||21|||6
while|||36|||59|||21|||6
(|||1|||0|||1|||3
)|||1|||0|||13|||3
(|||2|||0|||19|||3
)|||2|||0|||24|||3
(|||3|||1|||6|||3
)|||3|||1|||18|||3
(|||4|||2|||1|||3
)|||4|||2|||14|||3
(|||5|||2|||20|||3
)|||5|||2|||25|||3
(|||6|||3|||1|||3
)|||6|||3|||14|||3
(|||7|||3|||20|||3
)|||7|||3|||25|||3
(|||8|||4|||6|||3
)|||8|||4|||18|||3
(|||9|||5|||18|||3
)|||9|||5|||32|||3
(|||10|||5|||38|||3
)|||10|||5|||46|||3
(|||11|||6|||1|||3
)|||11|||6|||17|||3
(|||12|||6|||23|||3
)|||12|||6|||31|||3
(|||13|||7|||6|||3
)|||13|||7|||20|||3
(|||14|||8|||12|||3
)|||14|||8|||24|||3
{|||2|||8|||25|||3
(|||15|||8|||31|||3
)|||15|||8|||36|||3
}|||2|||8|||52|||3
(|||16|||9|||10|||3
)|||16|||9|||19|||3
(|||17|||10|||10|||3
)|||17|||10|||19|||3
(|||18|||11|||9|||3
)|||18|||11|||23|||3
(|||19|||11|||25|||3
)|||19|||11|||32|||3
(|||20|||12|||9|||3
)|||20|||12|||23|||3
(|||21|||12|||25|||3
)|||21|||12|||32|||3
(|||22|||13|||10|||3
(|||23|||14|||10|||3
)|||23|||14|||24|||3
(|||24|||14|||26|||3
)|||24|||14|||32|||3
(|||25|||15|||1|||3
)|||25|||15|||19|||3
{|||3|||15|||20|||3
}|||3|||15|||57|||3
(|||26|||16|||13|||3
(|||27|||16|||24|||3
)|||26|||16|||25|||3
)|||27|||16|||29|||3
(|||28|||16|||31|||3
(|||29|||16|||37|||3
(|||30|||16|||41|||3
)|||28|||16|||43|||3
)|||29|||16|||44|||3
)|||30|||16|||48|||3
(|||31|||17|||14|||3
)|||31|||17|||23|||3
(|||32|||18|||14|||3
)|||32|||18|||26|||3
(|||33|||19|||8|||3
(|||34|||19|||19|||3
)|||33|||19|||20|||3
)|||34|||19|||24|||3
(|||35|||19|||30|||3
(|||36|||19|||31|||3
)|||35|||19|||33|||3
(|||37|||19|||37|||3
)|||36|||19|||39|||3
)|||37|||19|||43|||3
(|||38|||20|||1|||3
)|||38|||20|||17|||3
(|||39|||20|||19|||3
)|||39|||20|||37|||3
(|||40|||20|||39|||3
)|||40|||20|||51|||3
{|||4|||20|||52|||3
}|||4|||20|||82|||3
(|||41|||21|||1|||3
)|||41|||21|||17|||3
{|||5|||21|||18|||3
(|||42|||21|||25|||3
)|||42|||21|||41|||3
(|||43|||21|||43|||3
)|||43|||21|||53|||3
}|||5|||21|||83|||3
(|||44|||22|||1|||3
)|||44|||22|||15|||3
{|||6|||22|||16|||3
(|||45|||22|||32|||3
)|||45|||22|||43|||3
}|||6|||22|||66|||3
(|||46|||23|||1|||3
)|||46|||23|||13|||3
{|||7|||23|||14|||3
(|||47|||23|||21|||3
)|||47|||23|||33|||3
{|||8|||23|||34|||3
(|||48|||23|||40|||3
)|||48|||23|||45|||3
(|||49|||23|||51|||3
)|||49|||23|||55|||3
(|||50|||23|||57|||3
)|||50|||23|||61|||3
}|||7|||23|||63|||3
(|||51|||23|||69|||3
)|||51|||23|||70|||3
}|||8|||23|||72|||3
(|||52|||24|||18|||3
)|||52|||24|||30|||3
{|||9|||24|||31|||3
(|||53|||24|||34|||3
)|||53|||24|||38|||3
(|||54|||24|||42|||3
)|||54|||24|||46|||3
}|||9|||24|||48|||3
(|||55|||24|||54|||3
)|||55|||24|||58|||3
(|||56|||25|||10|||3
)|||56|||25|||19|||3
(|||57|||26|||15|||3
(|||58|||26|||26|||3
)|||57|||26|||27|||3
)|||58|||26|||31|||3
(|||59|||26|||33|||3
(|||60|||26|||37|||3
)|||59|||26|||39|||3
)|||60|||26|||43|||3
(|||61|||27|||8|||3
(|||62|||27|||19|||3
)|||61|||27|||20|||3
)|||62|||27|||24|||3
(|||63|||27|||30|||3
(|||64|||27|||31|||3
)|||63|||27|||33|||3
(|||65|||27|||34|||3
(|||66|||27|||38|||3
)|||64|||27|||40|||3
)|||65|||27|||43|||3
)|||66|||27|||44|||3
(|||67|||28|||1|||3
)|||67|||28|||13|||3
{|||10|||28|||14|||3
(|||68|||28|||21|||3
)|||68|||28|||35|||3
(|||69|||28|||37|||3
)|||69|||28|||43|||3
(|||70|||28|||49|||3
)|||70|||28|||53|||3
(|||71|||28|||59|||3
)|||71|||28|||64|||3
}|||10|||28|||66|||3
(|||72|||29|||11|||3
)|||72|||29|||15|||3
(|||73|||29|||22|||3
)|||73|||29|||38|||3
(|||74|||29|||45|||3
)|||74|||29|||47|||3
(|||75|||30|||6|||3
)|||75|||30|||10|||3
{|||11|||30|||11|||3
(|||76|||30|||17|||3
)|||76|||30|||22|||3
}|||11|||30|||27|||3
(|||77|||31|||10|||3
)|||77|||31|||14|||3
{|||12|||31|||15|||3
}|||12|||31|||23|||3
(|||78|||32|||6|||3
)|||78|||32|||10|||3
{|||13|||32|||11|||3
(|||79|||32|||17|||3
)|||79|||32|||22|||3
}|||13|||32|||28|||3
(|||80|||33|||6|||3
)|||80|||33|||10|||3
{|||14|||33|||11|||3
(|||81|||33|||17|||3
)|||81|||33|||22|||3
}|||14|||33|||28|||3
(|||82|||34|||10|||3
)|||82|||34|||14|||3
{|||15|||34|||15|||3
}|||15|||34|||23|||3
(|||83|||35|||23|||3
)|||83|||35|||29|||3
{|||17|||35|||30|||3
(|||84|||35|||36|||3
)|||84|||35|||44|||3
}|||17|||35|||49|||3
(|||85|||36|||10|||3
)|||85|||36|||14|||3
{|||18|||36|||15|||3
(|||86|||36|||21|||3
)|||86|||36|||29|||3
}|||18|||36|||34|||3
(|||87|||37|||10|||3
)|||87|||37|||16|||3
{|||19|||37|||17|||3
}|||19|||37|||28|||3
(|||88|||38|||16|||3
)|||88|||38|||20|||3
{|||20|||38|||21|||3
(|||89|||38|||27|||3
)|||89|||38|||32|||3
}|||20|||38|||51|||3
(|||90|||39|||10|||3
)|||90|||39|||14|||3
{|||21|||39|||15|||3
}|||21|||39|||23|||3
(|||91|||40|||10|||3
)|||91|||40|||14|||3
{|||22|||40|||15|||3
}|||22|||40|||30|||3
(|||92|||41|||13|||3
)|||92|||41|||19|||3
{|||23|||41|||20|||3
(|||93|||41|||22|||3
)|||93|||41|||29|||3
}|||23|||41|||40|||3
(|||94|||42|||13|||3
)|||94|||42|||19|||3
{|||24|||42|||20|||3
(|||95|||42|||22|||3
)|||95|||42|||29|||3
}|||24|||42|||40|||3
(|||96|||43|||12|||3
)|||96|||43|||16|||3
{|||25|||43|||17|||3
}|||25|||43|||32|||3
(|||97|||44|||14|||3
)|||97|||44|||20|||3
{|||26|||44|||21|||3
(|||98|||44|||23|||3
)|||98|||44|||29|||3
}|||26|||44|||37|||3
(|||99|||45|||8|||3
)|||99|||45|||16|||3
{|||27|||45|||17|||3
}|||27|||45|||57|||3
(|||100|||46|||17|||3
(|||101|||46|||23|||3
)|||100|||46|||24|||3
)|||101|||46|||25|||3
{|||28|||46|||26|||3
(|||102|||46|||28|||3
(|||103|||46|||34|||3
(|||104|||46|||38|||3
)|||102|||46|||40|||3
)|||103|||46|||41|||3
)|||104|||46|||45|||3
}|||28|||46|||52|||3
(|||105|||47|||14|||3
)|||105|||47|||18|||3
{|||29|||47|||19|||3
}|||29|||47|||34|||3
(|||106|||48|||18|||3
)|||106|||48|||22|||3
{|||30|||48|||23|||3
}|||30|||48|||31|||3
(|||107|||49|||13|||3
(|||108|||49|||19|||3
)|||107|||49|||20|||3
)|||108|||49|||21|||3
{|||31|||49|||22|||3
(|||109|||49|||28|||3
(|||110|||49|||29|||3
)|||109|||49|||31|||3
(|||111|||49|||35|||3
)|||110|||49|||37|||3
)|||111|||49|||41|||3
}|||31|||49|||46|||3
(|||112|||50|||6|||3
)|||112|||50|||14|||3
{|||32|||50|||15|||3
(|||113|||50|||22|||3
)|||113|||50|||32|||3
{|||33|||50|||33|||3
(|||114|||50|||35|||3
)|||114|||50|||47|||3
{|||34|||50|||48|||3
}|||32|||50|||78|||3
}|||33|||50|||82|||3
}|||34|||50|||86|||3
(|||115|||51|||6|||3
)|||115|||51|||14|||3
{|||35|||51|||15|||3
(|||116|||51|||28|||3
)|||116|||51|||34|||3
{|||36|||51|||35|||3
(|||117|||51|||37|||3
)|||117|||51|||47|||3
}|||35|||51|||55|||3
}|||36|||51|||84|||3
(|||118|||52|||6|||3
)|||118|||52|||12|||3
{|||37|||52|||13|||3
(|||119|||52|||29|||3
)|||119|||52|||40|||3
{|||38|||52|||41|||3
}|||37|||52|||57|||3
}|||38|||52|||70|||3
(|||120|||53|||6|||3
)|||120|||53|||10|||3
{|||39|||53|||11|||3
(|||121|||53|||22|||3
)|||121|||53|||26|||3
{|||40|||53|||27|||3
(|||122|||53|||33|||3
)|||122|||53|||38|||3
(|||123|||53|||44|||3
)|||123|||53|||48|||3
(|||124|||53|||50|||3
)|||124|||53|||54|||3
}|||39|||53|||59|||3
(|||125|||53|||65|||3
)|||125|||53|||66|||3
}|||40|||53|||71|||3
(|||126|||54|||22|||3
)|||126|||54|||26|||3
{|||41|||54|||27|||3
(|||127|||54|||30|||3
)|||127|||54|||34|||3
(|||128|||54|||38|||3
)|||128|||54|||42|||3
}|||41|||54|||47|||3
(|||129|||54|||53|||3
)|||129|||54|||57|||3
(|||130|||55|||10|||3
)|||130|||55|||14|||3
{|||42|||55|||15|||3
}|||42|||55|||26|||3
(|||131|||56|||19|||3
(|||132|||56|||25|||3
)|||131|||56|||26|||3
)|||132|||56|||27|||3
{|||43|||56|||28|||3
(|||133|||56|||30|||3
(|||134|||56|||34|||3
)|||133|||56|||36|||3
)|||134|||56|||40|||3
}|||43|||56|||47|||3
(|||135|||57|||13|||3
(|||136|||57|||19|||3
)|||135|||57|||20|||3
)|||136|||57|||21|||3
{|||44|||57|||22|||3
(|||137|||57|||28|||3
(|||138|||57|||29|||3
)|||137|||57|||31|||3
(|||139|||57|||32|||3
(|||140|||57|||36|||3
)|||138|||57|||38|||3
)|||139|||57|||41|||3
)|||140|||57|||42|||3
}|||44|||57|||47|||3
(|||141|||58|||6|||3
)|||141|||58|||10|||3
{|||45|||58|||11|||3
(|||142|||58|||22|||3
)|||142|||58|||28|||3
{|||46|||58|||29|||3
(|||143|||58|||31|||3
)|||143|||58|||37|||3
}|||45|||58|||45|||3
(|||144|||58|||47|||3
)|||144|||58|||51|||3
(|||145|||58|||57|||3
)|||145|||58|||62|||3
}|||46|||58|||67|||3
(|||146|||59|||11|||3
)|||146|||59|||15|||3
(|||147|||59|||22|||3
)|||147|||59|||34|||3
(|||148|||59|||43|||3
)|||148|||59|||45|||3
int|||1|||0|||2|||5
int|||2|||1|||0|||5
int|||3|||1|||7|||5
int|||4|||2|||2|||5
int|||5|||3|||2|||5
int|||6|||4|||0|||5
int|||7|||4|||7|||5
int|||8|||5|||0|||5
int|||9|||5|||19|||5
int|||10|||6|||2|||5
int|||11|||7|||0|||5
int|||12|||7|||7|||5
int|||13|||8|||0|||5
int|||14|||8|||13|||5
int|||15|||9|||0|||5
int|||16|||10|||0|||5
int|||17|||11|||0|||5
int|||18|||11|||10|||5
int|||19|||12|||0|||5
int|||20|||12|||10|||5
int|||21|||13|||0|||5
int|||22|||13|||11|||5
int|||23|||14|||0|||5
int|||24|||14|||11|||5
int|||25|||15|||2|||5
int|||26|||16|||7|||5
int|||27|||16|||14|||5
int|||28|||17|||0|||5
int|||29|||18|||0|||5
int|||30|||18|||15|||5
int|||31|||19|||9|||5
int|||33|||20|||2|||5
int|||34|||20|||20|||5
int|||35|||20|||53|||5
int|||36|||21|||2|||5
int|||37|||21|||19|||5
int|||38|||21|||26|||5
int|||39|||21|||58|||5
int|||40|||22|||2|||5
int|||41|||22|||17|||5
int|||42|||23|||2|||5
int|||43|||23|||15|||5
int|||44|||23|||22|||5
int|||45|||24|||0|||5
int|||46|||24|||19|||5
int|||47|||25|||0|||5
int|||48|||26|||9|||5
int|||49|||26|||16|||5
int|||50|||27|||9|||5
int|||51|||28|||2|||5
int|||52|||28|||15|||5
int|||53|||28|||22|||5
int|||54|||29|||0|||5
int|||55|||30|||0|||5
int|||56|||31|||0|||5
int|||57|||32|||0|||5
int|||58|||33|||0|||5
int|||59|||34|||0|||5
int|||60|||35|||0|||5
int|||61|||35|||17|||5
int|||62|||36|||0|||5
int|||63|||37|||0|||5
int|||64|||38|||0|||5
int|||65|||39|||0|||5
int|||66|||40|||0|||5
int|||67|||41|||0|||5
int|||68|||42|||0|||5
int|||69|||43|||0|||5
int|||70|||44|||0|||5
int|||71|||45|||0|||5
int|||72|||46|||7|||5
int|||73|||47|||0|||5
int|||74|||48|||0|||5
int|||75|||49|||7|||5
int|||77|||50|||0|||5
int|||78|||50|||16|||5
int|||79|||50|||49|||5
int|||80|||51|||0|||5
int|||81|||51|||16|||5
int|||82|||51|||56|||5
int|||83|||52|||0|||5
int|||84|||52|||14|||5
int|||85|||53|||0|||5
int|||86|||53|||12|||5
int|||87|||54|||0|||5
int|||88|||55|||0|||5
int|||89|||56|||9|||5
int|||90|||57|||7|||5
int|||91|||58|||0|||5
int|||92|||58|||12|||5
int|||93|||59|||0|||5
i|||1|||0|||3|||0
i|||2|||0|||7|||0
i|||3|||0|||11|||0
i|||4|||0|||20|||0
i|||5|||1|||8|||0
i|||6|||1|||12|||0
i|||7|||1|||16|||0
i|||8|||1|||21|||0
i|||9|||2|||3|||0
i|||10|||2|||7|||0
i|||11|||2|||11|||0
i|||12|||2|||21|||0
i|||13|||3|||3|||0
i|||14|||3|||7|||0
i|||15|||3|||11|||0
i|||16|||3|||21|||0
i|||17|||4|||8|||0
i|||18|||4|||12|||0
i|||19|||4|||16|||0
i|||20|||4|||21|||0
i|||21|||5|||20|||0
i|||22|||5|||24|||0
i|||23|||5|||30|||0
i|||24|||5|||41|||0
i|||25|||6|||3|||0
i|||26|||6|||11|||0
i|||27|||6|||15|||0
i|||28|||6|||26|||0
i|||29|||7|||8|||0
i|||30|||7|||12|||0
i|||31|||7|||18|||0
i|||32|||7|||25|||0
i|||33|||8|||14|||0
i|||34|||8|||18|||0
i|||35|||8|||22|||0
i|||36|||11|||11|||0
i|||37|||11|||15|||0
i|||38|||11|||21|||0
i|||39|||11|||28|||0
i|||40|||11|||37|||0
i|||41|||12|||11|||0
i|||42|||12|||15|||0
i|||43|||12|||21|||0
i|||44|||12|||28|||0
i|||45|||12|||37|||0
i|||46|||14|||12|||0
i|||47|||14|||16|||0
i|||48|||14|||22|||0
i|||49|||14|||29|||0
i|||50|||15|||3|||0
i|||51|||15|||9|||0
i|||52|||15|||17|||0
i|||53|||15|||25|||0
i|||54|||15|||30|||0
i|||55|||15|||39|||0
i|||56|||15|||50|||0
i|||57|||16|||15|||0
i|||58|||16|||19|||0
i|||59|||16|||27|||0
i|||60|||16|||42|||0
i|||61|||18|||16|||0
i|||62|||18|||20|||0
i|||63|||18|||24|||0
i|||64|||19|||10|||0
i|||65|||19|||14|||0
i|||66|||19|||22|||0
i|||67|||19|||38|||0
i|||68|||20|||3|||0
i|||69|||20|||7|||0
i|||70|||20|||15|||0
i|||71|||20|||31|||0
i|||72|||21|||3|||0
i|||73|||21|||7|||0
i|||74|||21|||15|||0
i|||75|||21|||22|||0
i|||76|||21|||29|||0
i|||77|||21|||63|||0
i|||78|||21|||68|||0
i|||79|||22|||3|||0
i|||80|||22|||7|||0
i|||81|||22|||13|||0
i|||82|||22|||22|||0
i|||83|||22|||27|||0
i|||84|||23|||3|||0
i|||85|||23|||7|||0
i|||86|||23|||11|||0
i|||87|||23|||29|||0
i|||88|||23|||52|||0
i|||89|||24|||20|||0
i|||90|||24|||24|||0
i|||91|||24|||28|||0
i|||92|||24|||37|||0
i|||93|||24|||43|||0
i|||94|||26|||17|||0
i|||95|||26|||21|||0
i|||96|||26|||29|||0
i|||97|||26|||38|||0
i|||98|||27|||10|||0
i|||99|||27|||14|||0
i|||100|||27|||22|||0
i|||101|||27|||39|||0
i|||102|||28|||3|||0
i|||103|||28|||7|||0
i|||104|||28|||11|||0
i|||105|||28|||29|||0
i|||106|||28|||38|||0
i|||107|||28|||60|||0
i|||108|||30|||1|||0
i|||109|||30|||7|||0
i|||110|||30|||18|||0
i|||111|||30|||24|||0
i|||112|||31|||5|||0
i|||113|||31|||11|||0
i|||114|||31|||18|||0
i|||115|||31|||20|||0
i|||116|||32|||1|||0
i|||117|||32|||7|||0
i|||118|||32|||18|||0
i|||119|||32|||24|||0
i|||120|||33|||1|||0
i|||121|||33|||7|||0
i|||122|||33|||18|||0
i|||123|||33|||24|||0
i|||124|||34|||5|||0
i|||125|||34|||11|||0
i|||126|||34|||18|||0
i|||127|||34|||20|||0
i|||128|||35|||18|||0
i|||129|||35|||24|||0
i|||130|||35|||39|||0
i|||131|||35|||46|||0
i|||132|||36|||1|||0
i|||133|||36|||11|||0
i|||134|||36|||24|||0
i|||135|||36|||31|||0
i|||136|||37|||5|||0
i|||137|||37|||11|||0
i|||138|||37|||22|||0
i|||139|||37|||25|||0
i|||140|||38|||11|||0
i|||141|||38|||17|||0
i|||142|||38|||48|||0
i|||143|||41|||8|||0
i|||144|||41|||14|||0
i|||145|||41|||25|||0
i|||146|||41|||34|||0
i|||147|||41|||37|||0
i|||148|||42|||8|||0
i|||149|||42|||14|||0
i|||150|||42|||25|||0
i|||151|||42|||34|||0
i|||152|||42|||37|||0
i|||153|||44|||9|||0
i|||154|||44|||15|||0
i|||155|||44|||26|||0
i|||156|||44|||34|||0
i|||157|||45|||1|||0
i|||158|||45|||9|||0
i|||159|||45|||22|||0
i|||160|||45|||27|||0
i|||161|||45|||36|||0
i|||162|||45|||47|||0
i|||163|||45|||54|||0
i|||164|||46|||12|||0
i|||165|||46|||18|||0
i|||166|||46|||39|||0
i|||167|||46|||49|||0
i|||168|||48|||13|||0
i|||169|||48|||19|||0
i|||170|||48|||28|||0
i|||171|||49|||8|||0
i|||172|||49|||14|||0
i|||173|||49|||36|||0
i|||174|||49|||43|||0
i|||175|||50|||1|||0
i|||176|||50|||7|||0
i|||177|||50|||29|||0
i|||178|||50|||83|||0
i|||179|||51|||1|||0
i|||180|||51|||7|||0
i|||181|||51|||19|||0
i|||182|||51|||23|||0
i|||183|||51|||61|||0
i|||184|||51|||66|||0
i|||185|||51|||81|||0
i|||186|||52|||1|||0
i|||187|||52|||7|||0
i|||188|||52|||19|||0
i|||189|||52|||24|||0
i|||190|||52|||67|||0
i|||191|||53|||1|||0
i|||192|||53|||7|||0
i|||193|||53|||25|||0
i|||194|||53|||45|||0
i|||195|||53|||68|||0
i|||196|||54|||17|||0
i|||197|||54|||23|||0
i|||198|||54|||33|||0
i|||199|||54|||39|||0
i|||200|||54|||44|||0
i|||201|||56|||14|||0
i|||202|||56|||20|||0
i|||203|||56|||35|||0
i|||204|||56|||44|||0
i|||205|||57|||8|||0
i|||206|||57|||14|||0
i|||207|||57|||37|||0
i|||208|||57|||44|||0
i|||209|||58|||1|||0
i|||210|||58|||7|||0
i|||211|||58|||25|||0
i|||212|||58|||32|||0
i|||213|||58|||58|||0
i|||214|||58|||64|||0
=|||1|||0|||4|||8
=|||2|||1|||2|||8
=|||3|||1|||9|||8
=|||4|||2|||4|||8
=|||5|||3|||4|||8
=|||6|||4|||2|||8
=|||7|||4|||9|||8
=|||8|||5|||4|||8
=|||9|||5|||21|||8
=|||10|||6|||4|||8
=|||11|||7|||2|||8
=|||12|||7|||9|||8
=|||13|||8|||2|||8
=|||14|||8|||6|||8
=|||15|||8|||15|||8
=|||19|||9|||2|||8
=|||20|||9|||6|||8
=|||21|||10|||2|||8
=|||22|||10|||6|||8
=|||24|||11|||2|||8
=|||25|||11|||12|||8
=|||27|||12|||2|||8
=|||28|||12|||12|||8
=|||30|||13|||2|||8
=|||31|||13|||6|||8
=|||35|||14|||2|||8
=|||36|||14|||6|||8
=|||37|||14|||13|||8
=|||39|||15|||4|||8
=|||43|||16|||2|||8
=|||44|||16|||9|||8
=|||45|||16|||16|||8
=|||46|||17|||2|||8
=|||47|||17|||6|||8
=|||48|||17|||10|||8
=|||50|||18|||2|||8
=|||51|||18|||6|||8
=|||52|||18|||10|||8
=|||53|||18|||17|||8
=|||54|||19|||2|||8
=|||55|||19|||11|||8
=|||56|||20|||4|||8
=|||57|||20|||22|||8
=|||58|||20|||55|||8
=|||61|||21|||4|||8
=|||62|||21|||21|||8
=|||63|||21|||28|||8
=|||65|||21|||60|||8
=|||68|||22|||4|||8
=|||69|||22|||19|||8
=|||70|||22|||26|||8
=|||73|||23|||4|||8
=|||74|||23|||17|||8
=|||75|||23|||24|||8
=|||77|||24|||2|||8
=|||78|||24|||6|||8
=|||79|||24|||10|||8
=|||80|||24|||14|||8
=|||81|||24|||21|||8
=|||82|||25|||2|||8
=|||83|||25|||6|||8
=|||84|||26|||2|||8
=|||85|||26|||11|||8
=|||86|||26|||18|||8
=|||87|||27|||2|||8
=|||88|||27|||11|||8
=|||89|||28|||4|||8
=|||90|||28|||17|||8
=|||91|||28|||24|||8
=|||93|||29|||2|||8
=|||94|||29|||6|||8
=|||95|||29|||10|||8
=|||96|||30|||2|||8
=|||97|||31|||2|||8
=|||98|||31|||6|||8
=|||99|||32|||2|||8
=|||100|||33|||2|||8
=|||101|||34|||2|||8
=|||102|||34|||6|||8
=|||103|||35|||4|||8
=|||104|||35|||19|||8
=|||105|||36|||2|||8
=|||106|||37|||2|||8
=|||107|||37|||6|||8
=|||108|||38|||2|||8
=|||109|||38|||6|||8
=|||110|||38|||12|||8
=|||114|||39|||2|||8
=|||115|||39|||6|||8
=|||116|||40|||2|||8
=|||117|||40|||6|||8
=|||119|||41|||2|||8
=|||120|||41|||9|||8
=|||122|||42|||2|||8
=|||123|||42|||9|||8
=|||125|||43|||2|||8
=|||126|||43|||6|||8
=|||130|||44|||2|||8
=|||131|||44|||6|||8
=|||132|||44|||10|||8
=|||134|||45|||2|||8
=|||138|||46|||2|||8
=|||139|||46|||9|||8
=|||140|||46|||13|||8
=|||141|||47|||2|||8
=|||142|||47|||6|||8
=|||143|||47|||10|||8
=|||145|||48|||2|||8
=|||146|||48|||6|||8
=|||147|||48|||10|||8
=|||148|||48|||14|||8
=|||149|||49|||2|||8
=|||150|||49|||9|||8
=|||151|||50|||2|||8
=|||152|||50|||18|||8
=|||153|||50|||51|||8
=|||156|||51|||2|||8
=|||157|||51|||18|||8
=|||158|||51|||22|||8
=|||160|||51|||58|||8
=|||163|||52|||2|||8
=|||164|||52|||16|||8
=|||165|||52|||23|||8
=|||168|||53|||2|||8
=|||169|||53|||14|||8
=|||170|||53|||18|||8
=|||172|||54|||2|||8
=|||173|||54|||6|||8
=|||174|||54|||10|||8
=|||175|||54|||14|||8
=|||176|||54|||18|||8
=|||177|||55|||2|||8
=|||178|||55|||6|||8
=|||179|||56|||2|||8
=|||180|||56|||11|||8
=|||181|||56|||15|||8
=|||182|||57|||2|||8
=|||183|||57|||9|||8
=|||184|||58|||2|||8
=|||185|||58|||14|||8
=|||186|||58|||18|||8
=|||188|||59|||2|||8
=|||189|||59|||6|||8
=|||190|||59|||10|||8
1|||1|||0|||5|||9
5|||1|||0|||9|||9
"|||1|||0|||22|||9
"|||2|||0|||23|||9
0|||1|||1|||3|||9
1|||2|||1|||10|||9
5|||2|||1|||14|||9
2|||1|||2|||5|||9
10|||1|||2|||9|||9
2|||2|||2|||13|||9
"|||3|||2|||23|||9
"|||4|||2|||24|||9
1|||3|||3|||5|||9
10|||2|||3|||9|||9
2|||3|||3|||13|||9
"|||5|||3|||23|||9
"|||6|||3|||24|||9
1|||4|||4|||3|||9
1|||5|||4|||10|||9
5|||3|||4|||14|||9
1|||6|||5|||6|||9
2|||4|||5|||8|||9
3|||1|||5|||10|||9
4|||1|||5|||12|||9
5|||4|||5|||14|||9
0|||2|||5|||22|||9
length|||1|||5|||28|||9
"|||7|||5|||44|||9
"|||8|||5|||45|||9
length|||2|||6|||7|||9
1|||7|||6|||9|||9
0|||3|||6|||13|||9
"|||9|||6|||29|||9
"|||10|||6|||30|||9
0|||4|||7|||3|||9
0|||5|||7|||10|||9
length|||3|||7|||16|||9
0|||6|||8|||3|||9
1|||8|||8|||7|||9
0|||7|||8|||16|||9
5|||5|||8|||20|||9
"|||11|||8|||34|||9
"|||12|||8|||35|||9
12345|||1|||9|||3|||9
0|||8|||9|||7|||9
0|||9|||9|||14|||9
10|||3|||9|||18|||9
0|||10|||10|||3|||9
1234|||1|||10|||7|||9
0|||11|||10|||14|||9
10|||4|||10|||18|||9
10|||5|||10|||24|||9
10|||6|||10|||28|||9
0|||12|||11|||5|||9
1|||9|||11|||13|||9
length|||4|||11|||19|||9
0|||13|||12|||5|||9
1|||10|||12|||13|||9
length|||5|||12|||19|||9
24|||1|||13|||3|||9
36|||1|||13|||7|||9
0|||14|||13|||16|||9
17|||1|||14|||3|||9
1|||11|||14|||7|||9
2|||5|||14|||14|||9
2|||6|||14|||20|||9
0|||15|||14|||31|||9
0|||16|||14|||35|||9
0|||17|||15|||5|||9
length|||6|||15|||13|||9
2|||7|||15|||15|||9
length|||7|||15|||37|||9
1|||12|||15|||41|||9
length|||8|||15|||48|||9
1|||13|||15|||52|||9
"|||13|||16|||3|||9
"|||14|||16|||5|||9
0|||18|||16|||10|||9
0|||19|||16|||17|||9
length|||9|||16|||23|||9
"|||15|||16|||32|||9
"|||16|||16|||34|||9
121|||1|||17|||3|||9
0|||20|||17|||7|||9
0|||21|||17|||18|||9
10|||7|||17|||22|||9
10|||8|||17|||28|||9
10|||9|||17|||32|||9
2|||8|||18|||3|||9
3|||2|||18|||7|||9
1|||15|||18|||11|||9
0|||22|||18|||18|||9
"|||17|||19|||3|||9
"|||18|||19|||5|||9
0|||23|||19|||12|||9
length|||10|||19|||18|||9
"|||19|||19|||41|||9
"|||20|||19|||42|||9
0|||24|||20|||5|||9
length|||11|||20|||11|||9
1|||16|||20|||13|||9
0|||25|||20|||23|||9
length|||12|||20|||29|||9
1|||17|||20|||33|||9
1|||18|||20|||49|||9
1|||19|||20|||70|||9
1|||20|||20|||77|||9
0|||26|||21|||5|||9
length|||13|||21|||11|||9
1|||21|||21|||13|||9
1|||22|||21|||31|||9
length|||14|||21|||37|||9
1|||23|||22|||5|||9
length|||15|||22|||11|||9
1|||24|||22|||29|||9
0|||27|||22|||35|||9
1|||25|||22|||48|||9
1|||26|||22|||61|||9
0|||28|||23|||5|||9
5|||6|||23|||9|||9
1|||27|||23|||18|||9
0|||29|||23|||25|||9
"|||21|||23|||43|||9
"|||22|||23|||44|||9
1|||28|||23|||60|||9
5|||7|||24|||3|||9
2|||9|||24|||7|||9
1|||29|||24|||11|||9
1|||30|||24|||15|||9
0|||30|||24|||22|||9
1|||31|||24|||45|||9
123|||1|||25|||3|||9
0|||31|||25|||7|||9
0|||32|||25|||14|||9
10|||10|||25|||18|||9
10|||11|||25|||24|||9
"|||23|||26|||3|||9
"|||24|||26|||7|||9
1|||32|||26|||12|||9
0|||33|||26|||19|||9
length|||16|||26|||25|||9
"|||25|||27|||3|||9
"|||26|||27|||5|||9
0|||34|||27|||12|||9
length|||17|||27|||18|||9
32|||1|||27|||42|||9
2|||10|||28|||5|||9
50|||1|||28|||9|||9
1|||33|||28|||18|||9
2|||11|||28|||25|||9
2|||12|||28|||31|||9
0|||35|||28|||42|||9
0|||36|||28|||46|||9
1|||34|||28|||52|||9
"|||27|||28|||62|||9
"|||28|||28|||63|||9
12|||1|||29|||3|||9
18|||1|||29|||7|||9
0|||37|||29|||28|||9
0|||38|||29|||34|||9
1|||35|||30|||3|||9
5|||8|||30|||9|||9
"|||29|||30|||20|||9
"|||30|||30|||21|||9
0|||39|||31|||3|||9
1|||36|||31|||7|||9
5|||9|||31|||13|||9
2|||13|||32|||3|||9
10|||12|||32|||9|||9
"|||31|||32|||20|||9
"|||32|||32|||21|||9
2|||14|||32|||26|||9
1|||37|||33|||3|||9
10|||13|||33|||9|||9
"|||33|||33|||20|||9
"|||34|||33|||21|||9
2|||15|||33|||26|||9
1|||38|||34|||3|||9
1|||39|||34|||7|||9
5|||10|||34|||13|||9
1|||40|||35|||6|||9
2|||16|||35|||8|||9
3|||3|||35|||10|||9
4|||2|||35|||12|||9
5|||11|||35|||14|||9
0|||40|||35|||20|||9
length|||18|||35|||28|||9
"|||35|||35|||42|||9
"|||36|||35|||43|||9
length|||19|||36|||5|||9
1|||41|||36|||7|||9
0|||41|||36|||13|||9
"|||37|||36|||27|||9
"|||38|||36|||28|||9
0|||42|||37|||3|||9
0|||43|||37|||7|||9
length|||20|||37|||15|||9
0|||44|||38|||3|||9
1|||42|||38|||7|||9
0|||45|||38|||13|||9
5|||12|||38|||19|||9
"|||39|||38|||30|||9
"|||40|||38|||31|||9
12345|||2|||39|||3|||9
0|||46|||39|||7|||9
0|||47|||39|||13|||9
10|||14|||39|||21|||9
0|||48|||40|||3|||9
1234|||2|||40|||7|||9
0|||49|||40|||13|||9
10|||15|||40|||20|||9
10|||16|||40|||24|||9
10|||17|||40|||28|||9
0|||50|||41|||5|||9
1|||43|||41|||10|||9
length|||21|||41|||18|||9
0|||51|||42|||5|||9
1|||44|||42|||10|||9
length|||22|||42|||18|||9
24|||2|||43|||3|||9
36|||2|||43|||7|||9
0|||52|||43|||15|||9
17|||2|||44|||3|||9
1|||45|||44|||7|||9
2|||17|||44|||11|||9
2|||18|||44|||19|||9
0|||53|||44|||28|||9
0|||54|||44|||32|||9
0|||55|||45|||3|||9
length|||23|||45|||13|||9
2|||19|||45|||15|||9
length|||24|||45|||34|||9
1|||46|||45|||38|||9
length|||25|||45|||45|||9
1|||47|||45|||49|||9
"|||41|||46|||3|||9
"|||42|||46|||5|||9
0|||56|||46|||10|||9
0|||57|||46|||14|||9
length|||26|||46|||22|||9
"|||43|||46|||29|||9
"|||44|||46|||31|||9
121|||2|||47|||3|||9
0|||58|||47|||7|||9
0|||59|||47|||17|||9
10|||18|||47|||24|||9
10|||19|||47|||28|||9
10|||20|||47|||32|||9
2|||20|||48|||3|||9
3|||4|||48|||7|||9
1|||49|||48|||11|||9
0|||60|||48|||15|||9
"|||45|||49|||3|||9
"|||46|||49|||5|||9
0|||61|||49|||10|||9
length|||27|||49|||18|||9
"|||47|||49|||39|||9
"|||48|||49|||40|||9
0|||62|||50|||3|||9
length|||28|||50|||11|||9
1|||50|||50|||13|||9
0|||63|||50|||19|||9
length|||29|||50|||27|||9
1|||51|||50|||31|||9
1|||52|||50|||45|||9
1|||53|||50|||66|||9
1|||54|||50|||73|||9
0|||64|||51|||3|||9
length|||30|||51|||11|||9
1|||55|||51|||13|||9
1|||56|||51|||25|||9
length|||31|||51|||33|||9
1|||57|||52|||3|||9
length|||32|||52|||11|||9
1|||58|||52|||26|||9
0|||65|||52|||32|||9
1|||59|||52|||46|||9
1|||60|||52|||62|||9
0|||66|||53|||3|||9
5|||13|||53|||9|||9
1|||61|||53|||15|||9
0|||67|||53|||19|||9
"|||49|||53|||36|||9
"|||50|||53|||37|||9
1|||62|||53|||53|||9
5|||14|||54|||3|||9
2|||21|||54|||7|||9
1|||63|||54|||11|||9
1|||64|||54|||15|||9
0|||68|||54|||19|||9
1|||65|||54|||41|||9
123|||2|||55|||3|||9
0|||69|||55|||7|||9
0|||70|||55|||13|||9
10|||21|||55|||20|||9
10|||22|||55|||24|||9
"|||51|||56|||3|||9
"|||52|||56|||7|||9
1|||66|||56|||12|||9
0|||71|||56|||16|||9
length|||33|||56|||24|||9
"|||53|||57|||3|||9
"|||54|||57|||5|||9
0|||72|||57|||10|||9
length|||34|||57|||18|||9
32|||2|||57|||40|||9
2|||22|||58|||3|||9
50|||2|||58|||9|||9
1|||67|||58|||15|||9
2|||23|||58|||19|||9
2|||24|||58|||27|||9
0|||73|||58|||36|||9
0|||74|||58|||40|||9
1|||68|||58|||50|||9
"|||55|||58|||60|||9
"|||56|||58|||61|||9
12|||2|||59|||3|||9
18|||2|||59|||7|||9
0|||75|||59|||27|||9
0|||76|||59|||33|||9
<=|||1|||0|||8|||7
++|||1|||0|||12|||7
+|||1|||0|||21|||7
<=|||2|||1|||13|||7
++|||2|||1|||17|||7
+=|||1|||1|||20|||7
<=|||3|||2|||8|||7
+=|||2|||2|||12|||7
+|||2|||2|||22|||7
<=|||4|||3|||8|||7
+=|||3|||3|||12|||7
+|||3|||3|||22|||7
<=|||5|||4|||13|||7
++|||3|||4|||17|||7
*=|||1|||4|||20|||7
[|||1|||5|||1|||7
]|||1|||5|||2|||7
{|||1|||5|||5|||7
,|||1|||5|||7|||7
,|||2|||5|||9|||7
,|||3|||5|||11|||7
,|||4|||5|||13|||7
}|||1|||5|||15|||7
<|||1|||5|||25|||7
++|||4|||5|||31|||7
[|||2|||5|||40|||7
]|||2|||5|||42|||7
+|||4|||5|||43|||7
-|||1|||6|||8|||7
>=|||1|||6|||12|||7
--|||1|||6|||16|||7
[|||3|||6|||25|||7
]|||3|||6|||27|||7
+|||5|||6|||28|||7
<|||2|||7|||13|||7
++|||5|||7|||19|||7
+=|||4|||7|||22|||7
[|||4|||7|||24|||7
]|||4|||7|||26|||7
<|||3|||8|||19|||7
++|||6|||8|||23|||7
+|||6|||8|||33|||7
=|||16|||8|||39|||7
+|||7|||8|||41|||7
=|||17|||8|||45|||7
=|||18|||8|||49|||7
>|||1|||9|||13|||7
/=|||1|||9|||17|||7
++|||7|||9|||21|||7
>|||2|||10|||13|||7
/=|||2|||10|||17|||7
=|||23|||10|||21|||7
*|||1|||10|||23|||7
+|||8|||10|||25|||7
%|||1|||10|||27|||7
[|||5|||11|||4|||7
]|||5|||11|||6|||7
<|||4|||11|||16|||7
++|||8|||11|||22|||7
if|||1|||11|||24|||7
[|||6|||11|||27|||7
]|||6|||11|||29|||7
>|||3|||11|||30|||7
=|||26|||11|||34|||7
[|||7|||11|||36|||7
]|||7|||11|||38|||7
[|||8|||12|||4|||7
]|||8|||12|||6|||7
<|||5|||12|||16|||7
++|||9|||12|||22|||7
if|||2|||12|||24|||7
[|||9|||12|||27|||7
]|||9|||12|||29|||7
<|||6|||12|||30|||7
=|||29|||12|||34|||7
[|||10|||12|||36|||7
]|||10|||12|||38|||7
!=|||1|||13|||15|||7
=|||32|||13|||19|||7
,|||10|||13|||21|||7
=|||33|||13|||23|||7
%|||2|||13|||25|||7
,|||11|||13|||27|||7
=|||34|||13|||29|||7
)|||22|||13|||31|||7
;|||55|||13|||32|||7
<=|||6|||14|||17|||7
/|||1|||14|||19|||7
++|||10|||14|||23|||7
if|||3|||14|||25|||7
%|||3|||14|||28|||7
==|||1|||14|||30|||7
=|||38|||14|||34|||7
<|||7|||15|||10|||7
/|||2|||15|||14|||7
++|||11|||15|||18|||7
=|||40|||15|||22|||7
[|||11|||15|||24|||7
]|||11|||15|||26|||7
[|||12|||15|||29|||7
]|||12|||15|||31|||7
=|||41|||15|||32|||7
[|||13|||15|||34|||7
-|||2|||15|||38|||7
-|||3|||15|||40|||7
]|||13|||15|||42|||7
[|||14|||15|||45|||7
-|||4|||15|||49|||7
-|||5|||15|||51|||7
]|||14|||15|||53|||7
=|||42|||15|||54|||7
String|||1|||16|||0|||7
hello|||1|||16|||4|||7
<|||8|||16|||20|||7
++|||12|||16|||28|||7
if|||4|||16|||30|||7
aeiou|||1|||16|||33|||7
indexOf|||1|||16|||36|||7
charAt|||1|||16|||40|||7
!=|||2|||16|||45|||7
-|||6|||16|||46|||7
1|||14|||16|||47|||7
++|||13|||16|||50|||7
>|||4|||17|||17|||7
/=|||3|||17|||21|||7
=|||49|||17|||25|||7
*|||2|||17|||27|||7
+|||9|||17|||29|||7
%|||4|||17|||31|||7
<|||9|||18|||21|||7
++|||14|||18|||25|||7
*=|||2|||18|||28|||7
String|||2|||19|||0|||7
abc|||1|||19|||4|||7
<|||10|||19|||15|||7
++|||15|||19|||23|||7
int|||32|||19|||32|||7
charAt|||2|||19|||36|||7
+|||10|||19|||40|||7
<|||11|||20|||8|||7
-|||7|||20|||12|||7
++|||16|||20|||16|||7
<|||12|||20|||26|||7
-|||8|||20|||30|||7
-|||9|||20|||32|||7
++|||17|||20|||36|||7
if|||5|||20|||38|||7
[|||15|||20|||41|||7
]|||15|||20|||43|||7
>|||5|||20|||44|||7
[|||16|||20|||46|||7
+|||11|||20|||48|||7
]|||16|||20|||50|||7
[|||17|||20|||57|||7
]|||17|||20|||59|||7
[|||18|||20|||62|||7
]|||18|||20|||64|||7
=|||59|||20|||65|||7
[|||19|||20|||67|||7
+|||12|||20|||69|||7
]|||19|||20|||71|||7
[|||20|||20|||74|||7
+|||13|||20|||76|||7
]|||20|||20|||78|||7
=|||60|||20|||79|||7
<|||13|||21|||8|||7
-|||10|||21|||12|||7
++|||18|||21|||16|||7
+|||14|||21|||30|||7
<|||14|||21|||34|||7
++|||19|||21|||40|||7
if|||6|||21|||42|||7
[|||21|||21|||45|||7
]|||21|||21|||47|||7
<|||15|||21|||48|||7
[|||22|||21|||50|||7
]|||22|||21|||52|||7
=|||64|||21|||55|||7
[|||23|||21|||62|||7
]|||23|||21|||64|||7
[|||24|||21|||67|||7
]|||24|||21|||69|||7
=|||66|||21|||70|||7
[|||25|||21|||72|||7
]|||25|||21|||74|||7
[|||26|||21|||77|||7
]|||26|||21|||79|||7
=|||67|||21|||80|||7
<|||16|||22|||8|||7
++|||20|||22|||14|||7
[|||27|||22|||21|||7
]|||27|||22|||23|||7
-|||11|||22|||28|||7
>=|||2|||22|||34|||7
&&|||1|||22|||36|||7
[|||28|||22|||38|||7
]|||28|||22|||40|||7
>|||6|||22|||41|||7
[|||29|||22|||45|||7
+|||15|||22|||47|||7
]|||29|||22|||49|||7
=|||71|||22|||50|||7
[|||30|||22|||52|||7
--|||2|||22|||54|||7
]|||30|||22|||55|||7
[|||31|||22|||58|||7
+|||16|||22|||60|||7
]|||31|||22|||62|||7
=|||72|||22|||63|||7
<|||17|||23|||8|||7
++|||21|||23|||12|||7
<=|||7|||23|||28|||7
++|||22|||23|||32|||7
+|||17|||23|||42|||7
=|||76|||23|||48|||7
*|||3|||23|||50|||7
-|||12|||23|||53|||7
/|||3|||23|||56|||7
+|||18|||23|||59|||7
<|||18|||24|||25|||7
++|||23|||24|||29|||7
*=|||3|||24|||33|||7
-|||13|||24|||36|||7
*=|||4|||24|||41|||7
+|||19|||24|||44|||7
/|||4|||24|||56|||7
>|||7|||25|||13|||7
/=|||4|||25|||17|||7
+=|||5|||25|||21|||7
%|||5|||25|||23|||7
String|||3|||26|||0|||7
Hello|||1|||26|||4|||7
world|||1|||26|||5|||7
Java|||1|||26|||6|||7
<|||19|||26|||22|||7
++|||24|||26|||30|||7
if|||7|||26|||32|||7
charAt|||3|||26|||36|||7
==|||2|||26|||40|||7
'|||1|||26|||41|||7
'|||2|||26|||42|||7
++|||25|||26|||45|||7
String|||4|||27|||0|||7
hello|||2|||27|||4|||7
<|||20|||27|||15|||7
++|||26|||27|||23|||7
char|||1|||27|||32|||7
charAt|||4|||27|||37|||7
-|||14|||27|||41|||7
<=|||8|||28|||8|||7
++|||27|||28|||12|||7
<=|||9|||28|||28|||7
/|||5|||28|||30|||7
++|||28|||28|||34|||7
if|||8|||28|||36|||7
%|||6|||28|||39|||7
==|||3|||28|||41|||7
=|||92|||28|||45|||7
if|||9|||28|||48|||7
==|||4|||28|||51|||7
+|||20|||28|||61|||7
>|||8|||29|||13|||7
?|||1|||29|||16|||7
:|||1|||29|||18|||7
%|||7|||29|||25|||7
!=|||3|||29|||27|||7
|||||1|||29|||29|||7
%|||8|||29|||31|||7
!=|||4|||29|||33|||7
++|||29|||29|||37|||7
;|||140|||29|||39|||7
<=|||10|||30|||8|||7
+|||21|||30|||19|||7
++|||30|||30|||25|||7
<=|||11|||31|||12|||7
+=|||6|||31|||17|||7
++|||31|||31|||21|||7
<=|||12|||32|||8|||7
+|||22|||32|||19|||7
+=|||7|||32|||25|||7
<=|||13|||33|||8|||7
+|||23|||33|||19|||7
+=|||8|||33|||25|||7
<=|||14|||34|||12|||7
*=|||5|||34|||17|||7
++|||32|||34|||21|||7
[|||32|||35|||1|||7
]|||32|||35|||2|||7
{|||16|||35|||5|||7
,|||27|||35|||7|||7
,|||28|||35|||9|||7
,|||29|||35|||11|||7
,|||30|||35|||13|||7
}|||16|||35|||15|||7
<|||21|||35|||25|||7
[|||33|||35|||38|||7
]|||33|||35|||40|||7
+|||24|||35|||41|||7
++|||33|||35|||47|||7
-|||15|||36|||6|||7
>=|||3|||36|||12|||7
[|||34|||36|||23|||7
]|||34|||36|||25|||7
+|||25|||36|||26|||7
--|||3|||36|||32|||7
<|||22|||37|||12|||7
+=|||9|||37|||19|||7
[|||35|||37|||21|||7
]|||35|||37|||23|||7
++|||34|||37|||26|||7
<|||23|||38|||18|||7
+|||26|||38|||29|||7
=|||111|||38|||35|||7
+|||27|||38|||37|||7
=|||112|||38|||41|||7
=|||113|||38|||45|||7
++|||35|||38|||49|||7
>|||9|||39|||12|||7
++|||36|||39|||17|||7
/=|||5|||39|||20|||7
>|||10|||40|||12|||7
=|||118|||40|||17|||7
*|||4|||40|||19|||7
+|||28|||40|||21|||7
%|||9|||40|||23|||7
/=|||6|||40|||27|||7
[|||36|||41|||4|||7
]|||36|||41|||6|||7
<|||24|||41|||15|||7
if|||10|||41|||21|||7
[|||37|||41|||24|||7
]|||37|||41|||26|||7
>|||11|||41|||27|||7
=|||121|||41|||31|||7
[|||38|||41|||33|||7
]|||38|||41|||35|||7
++|||37|||41|||38|||7
[|||39|||42|||4|||7
]|||39|||42|||6|||7
<|||25|||42|||15|||7
if|||11|||42|||21|||7
[|||40|||42|||24|||7
]|||40|||42|||26|||7
<|||26|||42|||27|||7
=|||124|||42|||31|||7
[|||41|||42|||33|||7
]|||41|||42|||35|||7
++|||38|||42|||38|||7
!=|||5|||43|||14|||7
=|||127|||43|||19|||7
=|||128|||43|||23|||7
%|||10|||43|||25|||7
=|||129|||43|||29|||7
<=|||15|||44|||16|||7
/|||6|||44|||18|||7
if|||12|||44|||22|||7
%|||11|||44|||25|||7
==|||5|||44|||27|||7
=|||133|||44|||31|||7
++|||39|||44|||35|||7
<|||27|||45|||10|||7
/|||7|||45|||14|||7
=|||135|||45|||19|||7
[|||42|||45|||21|||7
]|||42|||45|||23|||7
[|||43|||45|||26|||7
]|||43|||45|||28|||7
=|||136|||45|||29|||7
[|||44|||45|||31|||7
-|||16|||45|||35|||7
-|||17|||45|||37|||7
]|||44|||45|||39|||7
[|||45|||45|||42|||7
-|||18|||45|||46|||7
-|||19|||45|||48|||7
]|||45|||45|||50|||7
=|||137|||45|||51|||7
++|||40|||45|||55|||7
String|||5|||46|||0|||7
hello|||3|||46|||4|||7
<|||28|||46|||19|||7
if|||13|||46|||27|||7
aeiou|||2|||46|||30|||7
indexOf|||2|||46|||33|||7
charAt|||5|||46|||37|||7
!=|||6|||46|||42|||7
-|||20|||46|||43|||7
1|||48|||46|||44|||7
++|||41|||46|||47|||7
++|||42|||46|||50|||7
>|||12|||47|||16|||7
=|||144|||47|||21|||7
*|||5|||47|||23|||7
+|||29|||47|||25|||7
%|||12|||47|||27|||7
/=|||7|||47|||31|||7
<|||29|||48|||20|||7
*=|||6|||48|||25|||7
++|||43|||48|||29|||7
String|||6|||49|||0|||7
abc|||2|||49|||4|||7
<|||30|||49|||15|||7
int|||76|||49|||30|||7
charAt|||6|||49|||34|||7
+|||30|||49|||38|||7
++|||44|||49|||44|||7
<|||31|||50|||8|||7
-|||21|||50|||12|||7
<|||32|||50|||24|||7
-|||22|||50|||28|||7
-|||23|||50|||30|||7
if|||14|||50|||34|||7
[|||46|||50|||37|||7
]|||46|||50|||39|||7
>|||13|||50|||40|||7
[|||47|||50|||42|||7
+|||31|||50|||44|||7
]|||47|||50|||46|||7
[|||48|||50|||53|||7
]|||48|||50|||55|||7
[|||49|||50|||58|||7
]|||49|||50|||60|||7
=|||154|||50|||61|||7
[|||50|||50|||63|||7
+|||32|||50|||65|||7
]|||50|||50|||67|||7
[|||51|||50|||70|||7
+|||33|||50|||72|||7
]|||51|||50|||74|||7
=|||155|||50|||75|||7
++|||45|||50|||80|||7
++|||46|||50|||84|||7
<|||33|||51|||8|||7
-|||24|||51|||12|||7
+|||34|||51|||24|||7
<|||34|||51|||30|||7
if|||15|||51|||36|||7
[|||52|||51|||39|||7
]|||52|||51|||41|||7
<|||35|||51|||42|||7
[|||53|||51|||44|||7
]|||53|||51|||46|||7
=|||159|||51|||49|||7
++|||47|||51|||53|||7
[|||54|||51|||60|||7
]|||54|||51|||62|||7
[|||55|||51|||65|||7
]|||55|||51|||67|||7
=|||161|||51|||68|||7
[|||56|||51|||70|||7
]|||56|||51|||72|||7
[|||57|||51|||75|||7
]|||57|||51|||77|||7
=|||162|||51|||78|||7
++|||48|||51|||82|||7
<|||36|||52|||8|||7
[|||58|||52|||18|||7
]|||58|||52|||20|||7
-|||25|||52|||25|||7
>=|||4|||52|||31|||7
&&|||2|||52|||33|||7
[|||59|||52|||35|||7
]|||59|||52|||37|||7
>|||14|||52|||38|||7
[|||60|||52|||43|||7
+|||35|||52|||45|||7
]|||60|||52|||47|||7
=|||166|||52|||48|||7
[|||61|||52|||50|||7
]|||61|||52|||52|||7
--|||4|||52|||55|||7
[|||62|||52|||59|||7
+|||36|||52|||61|||7
]|||62|||52|||63|||7
=|||167|||52|||64|||7
++|||49|||52|||68|||7
<|||37|||53|||8|||7
<=|||16|||53|||24|||7
+|||37|||53|||35|||7
=|||171|||53|||41|||7
*|||6|||53|||43|||7
-|||26|||53|||46|||7
/|||8|||53|||49|||7
+|||38|||53|||52|||7
++|||50|||53|||57|||7
++|||51|||53|||69|||7
<|||38|||54|||24|||7
*=|||7|||54|||29|||7
-|||27|||54|||32|||7
*=|||8|||54|||37|||7
+|||39|||54|||40|||7
++|||52|||54|||45|||7
/|||9|||54|||55|||7
>|||15|||55|||12|||7
+=|||10|||55|||17|||7
%|||13|||55|||19|||7
/=|||8|||55|||23|||7
String|||7|||56|||0|||7
Hello|||2|||56|||4|||7
world|||2|||56|||5|||7
Java|||2|||56|||6|||7
<|||39|||56|||21|||7
if|||16|||56|||29|||7
charAt|||7|||56|||33|||7
==|||6|||56|||37|||7
'|||3|||56|||38|||7
'|||4|||56|||39|||7
++|||53|||56|||42|||7
++|||54|||56|||45|||7
String|||8|||57|||0|||7
hello|||4|||57|||4|||7
<|||40|||57|||15|||7
char|||2|||57|||30|||7
charAt|||8|||57|||35|||7
-|||28|||57|||39|||7
++|||55|||57|||45|||7
<=|||17|||58|||8|||7
<=|||18|||58|||24|||7
/|||10|||58|||26|||7
if|||17|||58|||30|||7
%|||14|||58|||33|||7
==|||7|||58|||35|||7
=|||187|||58|||39|||7
++|||56|||58|||43|||7
if|||18|||58|||46|||7
==|||8|||58|||49|||7
+|||40|||58|||59|||7
++|||57|||58|||65|||7
>|||16|||59|||13|||7
?|||2|||59|||16|||7
:|||2|||59|||18|||7
%|||15|||59|||24|||7
!=|||7|||59|||26|||7
|||||2|||59|||28|||7
%|||16|||59|||30|||7
!=|||8|||59|||32|||7
++|||58|||59|||36|||7
System|||1|||0|||14|||2
.|||1|||0|||15|||2
out|||1|||0|||16|||2
.|||2|||0|||17|||2
print|||1|||0|||18|||2
System|||2|||2|||15|||2
.|||3|||2|||16|||2
out|||2|||2|||17|||2
.|||4|||2|||18|||2
print|||2|||2|||19|||2
System|||3|||3|||15|||2
.|||5|||3|||16|||2
out|||3|||3|||17|||2
.|||6|||3|||18|||2
print|||3|||3|||19|||2
.|||7|||5|||27|||2
System|||4|||5|||33|||2
.|||8|||5|||34|||2
out|||4|||5|||35|||2
.|||9|||5|||36|||2
print|||4|||5|||37|||2
.|||10|||6|||6|||2
System|||5|||6|||18|||2
.|||11|||6|||19|||2
out|||5|||6|||20|||2
.|||12|||6|||21|||2
print|||5|||6|||22|||2
.|||13|||7|||15|||2
System|||6|||8|||26|||2
.|||14|||8|||27|||2
out|||6|||8|||28|||2
.|||15|||8|||29|||2
print|||6|||8|||30|||2
.|||16|||11|||18|||2
.|||17|||12|||18|||2
.|||18|||15|||12|||2
.|||19|||15|||36|||2
.|||20|||15|||47|||2
.|||21|||16|||22|||2
.|||22|||16|||35|||2
.|||23|||16|||39|||2
.|||24|||19|||17|||2
System|||7|||19|||25|||2
.|||25|||19|||26|||2
out|||7|||19|||27|||2
.|||26|||19|||28|||2
print|||7|||19|||29|||2
.|||27|||19|||35|||2
.|||28|||20|||10|||2
.|||29|||20|||28|||2
.|||30|||21|||10|||2
.|||31|||21|||36|||2
.|||32|||22|||10|||2
System|||8|||23|||35|||2
.|||33|||23|||36|||2
out|||8|||23|||37|||2
.|||34|||23|||38|||2
print|||8|||23|||39|||2
System|||9|||23|||64|||2
.|||35|||23|||65|||2
out|||9|||23|||66|||2
.|||36|||23|||67|||2
println|||1|||23|||68|||2
System|||10|||24|||49|||2
.|||37|||24|||50|||2
out|||10|||24|||51|||2
.|||38|||24|||52|||2
print|||9|||24|||53|||2
.|||39|||26|||24|||2
.|||40|||26|||35|||2
.|||41|||27|||17|||2
System|||11|||27|||25|||2
.|||42|||27|||26|||2
out|||11|||27|||27|||2
.|||43|||27|||28|||2
print|||10|||27|||29|||2
.|||44|||27|||36|||2
System|||12|||28|||54|||2
.|||45|||28|||55|||2
out|||12|||28|||56|||2
.|||46|||28|||57|||2
print|||11|||28|||58|||2
System|||13|||29|||40|||2
.|||47|||29|||41|||2
out|||13|||29|||42|||2
.|||48|||29|||43|||2
print|||12|||29|||44|||2
System|||14|||30|||12|||2
.|||49|||30|||13|||2
out|||14|||30|||14|||2
.|||50|||30|||15|||2
print|||13|||30|||16|||2
System|||15|||32|||12|||2
.|||51|||32|||13|||2
out|||15|||32|||14|||2
.|||52|||32|||15|||2
print|||14|||32|||16|||2
System|||16|||33|||12|||2
.|||53|||33|||13|||2
out|||16|||33|||14|||2
.|||54|||33|||15|||2
print|||15|||33|||16|||2
.|||55|||35|||27|||2
System|||17|||35|||31|||2
.|||56|||35|||32|||2
out|||17|||35|||33|||2
.|||57|||35|||34|||2
print|||16|||35|||35|||2
.|||58|||36|||4|||2
System|||18|||36|||16|||2
.|||59|||36|||17|||2
out|||18|||36|||18|||2
.|||60|||36|||19|||2
print|||17|||36|||20|||2
.|||61|||37|||14|||2
System|||19|||38|||22|||2
.|||62|||38|||23|||2
out|||19|||38|||24|||2
.|||63|||38|||25|||2
print|||18|||38|||26|||2
.|||64|||41|||17|||2
.|||65|||42|||17|||2
.|||66|||45|||12|||2
.|||67|||45|||33|||2
.|||68|||45|||44|||2
.|||69|||46|||21|||2
.|||70|||46|||32|||2
.|||71|||46|||36|||2
.|||72|||49|||17|||2
System|||20|||49|||23|||2
.|||73|||49|||24|||2
out|||20|||49|||25|||2
.|||74|||49|||26|||2
print|||19|||49|||27|||2
.|||75|||49|||33|||2
.|||76|||50|||10|||2
.|||77|||50|||26|||2
.|||78|||51|||10|||2
.|||79|||51|||32|||2
.|||80|||52|||10|||2
System|||21|||53|||28|||2
.|||81|||53|||29|||2
out|||21|||53|||30|||2
.|||82|||53|||31|||2
print|||20|||53|||32|||2
System|||22|||53|||60|||2
.|||83|||53|||61|||2
out|||22|||53|||62|||2
.|||84|||53|||63|||2
println|||2|||53|||64|||2
System|||23|||54|||48|||2
.|||85|||54|||49|||2
out|||23|||54|||50|||2
.|||86|||54|||51|||2
print|||21|||54|||52|||2
.|||87|||56|||23|||2
.|||88|||56|||32|||2
.|||89|||57|||17|||2
System|||24|||57|||23|||2
.|||90|||57|||24|||2
out|||24|||57|||25|||2
.|||91|||57|||26|||2
print|||22|||57|||27|||2
.|||92|||57|||34|||2
System|||25|||58|||52|||2
.|||93|||58|||53|||2
out|||25|||58|||54|||2
.|||94|||58|||55|||2
print|||23|||58|||56|||2
System|||26|||59|||38|||2
.|||95|||59|||39|||2
out|||26|||59|||40|||2
.|||96|||59|||41|||2
print|||24|||59|||42|||2
;|||3|||0|||25|||1
;|||4|||1|||4|||1
;|||7|||1|||22|||1
;|||10|||2|||26|||1
;|||13|||3|||26|||1
;|||14|||4|||4|||1
;|||17|||4|||22|||1
;|||18|||5|||16|||1
;|||21|||5|||47|||1
;|||24|||6|||32|||1
;|||25|||7|||4|||1
;|||28|||7|||27|||1
,|||5|||8|||4|||1
,|||6|||8|||8|||1
;|||29|||8|||10|||1
;|||32|||8|||37|||1
;|||33|||8|||43|||1
;|||34|||8|||47|||1
;|||35|||8|||51|||1
,|||7|||9|||4|||1
;|||36|||9|||8|||1
;|||39|||9|||22|||1
,|||8|||10|||4|||1
;|||40|||10|||8|||1
;|||43|||10|||29|||1
;|||44|||11|||7|||1
;|||47|||11|||39|||1
;|||48|||12|||7|||1
;|||51|||12|||39|||1
,|||9|||13|||4|||1
;|||52|||13|||8|||1
,|||12|||14|||4|||1
;|||56|||14|||8|||1
;|||59|||14|||36|||1
,|||13|||15|||6|||1
;|||62|||15|||27|||1
;|||63|||15|||43|||1
;|||64|||15|||56|||1
;|||65|||16|||6|||1
;|||66|||16|||11|||1
;|||69|||16|||51|||1
,|||14|||17|||4|||1
,|||15|||17|||8|||1
;|||70|||17|||12|||1
;|||73|||17|||33|||1
,|||16|||18|||4|||1
,|||17|||18|||8|||1
;|||74|||18|||12|||1
;|||77|||18|||30|||1
;|||78|||19|||6|||1
;|||81|||19|||44|||1
;|||86|||20|||60|||1
;|||87|||20|||72|||1
;|||88|||20|||81|||1
;|||91|||21|||23|||1
;|||94|||21|||57|||1
;|||95|||21|||65|||1
;|||96|||21|||75|||1
;|||97|||21|||82|||1
,|||18|||22|||24|||1
;|||100|||22|||30|||1
;|||101|||22|||56|||1
;|||102|||22|||65|||1
;|||105|||23|||19|||1
;|||108|||23|||46|||1
;|||109|||23|||62|||1
;|||110|||23|||71|||1
,|||19|||24|||4|||1
,|||20|||24|||8|||1
,|||21|||24|||12|||1
;|||111|||24|||16|||1
;|||114|||24|||39|||1
;|||115|||24|||47|||1
;|||116|||24|||59|||1
,|||22|||25|||4|||1
;|||117|||25|||8|||1
;|||120|||25|||25|||1
;|||121|||26|||8|||1
;|||122|||26|||13|||1
;|||125|||26|||46|||1
;|||126|||27|||6|||1
;|||129|||27|||45|||1
;|||132|||28|||19|||1
;|||135|||28|||47|||1
;|||136|||28|||65|||1
,|||23|||29|||4|||1
,|||24|||29|||8|||1
;|||137|||29|||20|||1
;|||141|||29|||48|||1
;|||142|||30|||4|||1
;|||143|||30|||23|||1
;|||144|||30|||26|||1
,|||25|||31|||4|||1
;|||145|||31|||8|||1
;|||146|||31|||19|||1
;|||147|||31|||22|||1
;|||148|||32|||4|||1
;|||149|||32|||23|||1
;|||150|||32|||27|||1
;|||151|||33|||4|||1
;|||152|||33|||23|||1
;|||153|||33|||27|||1
,|||26|||34|||4|||1
;|||154|||34|||8|||1
;|||155|||34|||19|||1
;|||156|||34|||22|||1
;|||157|||35|||16|||1
;|||158|||35|||21|||1
;|||159|||35|||45|||1
;|||160|||35|||48|||1
;|||161|||36|||8|||1
;|||162|||36|||30|||1
;|||163|||36|||33|||1
,|||31|||37|||4|||1
;|||164|||37|||8|||1
;|||165|||37|||24|||1
;|||166|||37|||27|||1
,|||32|||38|||4|||1
,|||33|||38|||8|||1
,|||34|||38|||10|||1
;|||167|||38|||14|||1
;|||168|||38|||33|||1
;|||169|||38|||39|||1
;|||170|||38|||43|||1
;|||171|||38|||47|||1
;|||172|||38|||50|||1
,|||35|||39|||4|||1
;|||173|||39|||8|||1
;|||174|||39|||18|||1
;|||175|||39|||22|||1
,|||36|||40|||4|||1
;|||176|||40|||8|||1
;|||177|||40|||25|||1
;|||178|||40|||29|||1
,|||37|||41|||7|||1
;|||179|||41|||11|||1
;|||180|||41|||36|||1
;|||181|||41|||39|||1
,|||38|||42|||7|||1
;|||182|||42|||11|||1
;|||183|||42|||36|||1
;|||184|||42|||39|||1
,|||39|||43|||4|||1
,|||40|||43|||8|||1
;|||185|||43|||10|||1
;|||186|||43|||21|||1
;|||187|||43|||27|||1
;|||188|||43|||31|||1
,|||41|||44|||4|||1
,|||42|||44|||8|||1
;|||189|||44|||12|||1
;|||190|||44|||33|||1
;|||191|||44|||36|||1
,|||43|||45|||4|||1
;|||192|||45|||6|||1
;|||193|||45|||24|||1
;|||194|||45|||40|||1
;|||195|||45|||53|||1
;|||196|||45|||56|||1
;|||197|||46|||6|||1
,|||44|||46|||11|||1
;|||198|||46|||15|||1
;|||199|||46|||48|||1
;|||200|||46|||51|||1
,|||45|||47|||4|||1
,|||46|||47|||8|||1
;|||201|||47|||12|||1
;|||202|||47|||29|||1
;|||203|||47|||33|||1
,|||47|||48|||4|||1
,|||48|||48|||8|||1
,|||49|||48|||12|||1
;|||204|||48|||16|||1
;|||205|||48|||27|||1
;|||206|||48|||30|||1
;|||207|||49|||6|||1
;|||208|||49|||11|||1
;|||209|||49|||42|||1
;|||210|||49|||45|||1
;|||211|||50|||4|||1
;|||212|||50|||20|||1
;|||213|||50|||56|||1
;|||214|||50|||68|||1
;|||215|||50|||77|||1
;|||216|||50|||81|||1
;|||217|||50|||85|||1
;|||218|||51|||4|||1
,|||50|||51|||20|||1
;|||219|||51|||26|||1
;|||220|||51|||51|||1
;|||221|||51|||54|||1
;|||222|||51|||63|||1
;|||223|||51|||73|||1
;|||224|||51|||80|||1
;|||225|||51|||83|||1
;|||226|||52|||4|||1
,|||51|||52|||21|||1
;|||227|||52|||27|||1
;|||228|||52|||53|||1
;|||229|||52|||56|||1
;|||230|||52|||66|||1
;|||231|||52|||69|||1
;|||232|||53|||4|||1
,|||52|||53|||16|||1
;|||233|||53|||20|||1
;|||234|||53|||39|||1
;|||235|||53|||55|||1
;|||236|||53|||58|||1
;|||237|||53|||67|||1
;|||238|||53|||70|||1
,|||53|||54|||4|||1
,|||54|||54|||8|||1
,|||55|||54|||12|||1
,|||56|||54|||16|||1
;|||239|||54|||20|||1
;|||240|||54|||35|||1
;|||241|||54|||43|||1
;|||242|||54|||46|||1
;|||243|||54|||58|||1
,|||57|||55|||4|||1
;|||244|||55|||8|||1
;|||245|||55|||21|||1
;|||246|||55|||25|||1
;|||247|||56|||8|||1
,|||58|||56|||13|||1
;|||248|||56|||17|||1
;|||249|||56|||43|||1
;|||250|||56|||46|||1
;|||251|||57|||6|||1
;|||252|||57|||11|||1
;|||253|||57|||43|||1
;|||254|||57|||46|||1
;|||255|||58|||4|||1
,|||59|||58|||16|||1
;|||256|||58|||20|||1
;|||257|||58|||41|||1
;|||258|||58|||44|||1
;|||259|||58|||63|||1
;|||260|||58|||66|||1
,|||60|||59|||4|||1
,|||61|||59|||8|||1
;|||261|||59|||20|||1
;|||262|||59|||37|||1
;|||263|||59|||46|||1
sum|||1|||1|||1|||4
sum|||2|||1|||19|||4
fact|||1|||4|||1|||4
fact|||2|||4|||19|||4
arr|||1|||5|||3|||4
arr|||2|||5|||26|||4
arr|||3|||5|||39|||4
arr|||4|||6|||5|||4
arr|||5|||6|||24|||4
sum|||3|||7|||1|||4
arr|||6|||7|||14|||4
sum|||4|||7|||21|||4
arr|||7|||7|||23|||4
a|||1|||8|||1|||4
b|||1|||8|||5|||4
c|||1|||8|||9|||4
a|||2|||8|||32|||4
c|||2|||8|||38|||4
a|||3|||8|||40|||4
b|||2|||8|||42|||4
a|||4|||8|||44|||4
b|||3|||8|||46|||4
b|||4|||8|||48|||4
c|||3|||8|||50|||4
num|||1|||9|||1|||4
count|||1|||9|||5|||4
num|||2|||9|||12|||4
num|||3|||9|||16|||4
count|||2|||9|||20|||4
rev|||1|||10|||1|||4
num|||4|||10|||5|||4
num|||5|||10|||12|||4
num|||6|||10|||16|||4
rev|||2|||10|||20|||4
rev|||3|||10|||22|||4
num|||7|||10|||26|||4
max|||1|||11|||1|||4
arr|||8|||11|||3|||4
arr|||9|||11|||17|||4
arr|||10|||11|||26|||4
max|||2|||11|||31|||4
max|||3|||11|||33|||4
arr|||11|||11|||35|||4
min|||1|||12|||1|||4
arr|||12|||12|||3|||4
arr|||13|||12|||17|||4
arr|||14|||12|||26|||4
min|||2|||12|||31|||4
min|||3|||12|||33|||4
arr|||15|||12|||35|||4
a|||5|||13|||1|||4
b|||5|||13|||5|||4
t|||1|||13|||12|||4
b|||6|||13|||14|||4
t|||2|||13|||18|||4
b|||7|||13|||20|||4
b|||8|||13|||22|||4
a|||6|||13|||24|||4
b|||9|||13|||26|||4
a|||7|||13|||28|||4
t|||3|||13|||30|||4
n|||1|||14|||1|||4
flag|||1|||14|||5|||4
n|||2|||14|||18|||4
n|||3|||14|||27|||4
flag|||2|||14|||33|||4
temp|||1|||15|||7|||4
arr|||16|||15|||11|||4
temp|||2|||15|||21|||4
arr|||17|||15|||23|||4
arr|||18|||15|||28|||4
arr|||19|||15|||33|||4
arr|||20|||15|||35|||4
arr|||21|||15|||44|||4
arr|||22|||15|||46|||4
temp|||3|||15|||55|||4
str|||1|||16|||1|||4
vc|||1|||16|||8|||4
str|||2|||16|||21|||4
str|||3|||16|||38|||4
vc|||2|||16|||49|||4
num|||8|||17|||1|||4
rev|||4|||17|||5|||4
temp|||4|||17|||9|||4
num|||9|||17|||11|||4
temp|||5|||17|||16|||4
temp|||6|||17|||20|||4
rev|||5|||17|||24|||4
rev|||6|||17|||26|||4
temp|||7|||17|||30|||4
x|||1|||18|||1|||4
y|||1|||18|||5|||4
res|||1|||18|||9|||4
y|||2|||18|||22|||4
res|||2|||18|||27|||4
x|||2|||18|||29|||4
s|||1|||19|||1|||4
s|||2|||19|||16|||4
s|||3|||19|||34|||4
arr|||23|||20|||9|||4
j|||1|||20|||21|||4
j|||2|||20|||25|||4
arr|||24|||20|||27|||4
j|||3|||20|||35|||4
arr|||25|||20|||40|||4
j|||4|||20|||42|||4
arr|||26|||20|||45|||4
j|||5|||20|||47|||4
t|||4|||20|||54|||4
arr|||27|||20|||56|||4
j|||6|||20|||58|||4
arr|||28|||20|||61|||4
j|||7|||20|||63|||4
arr|||29|||20|||66|||4
j|||8|||20|||68|||4
arr|||30|||20|||73|||4
j|||9|||20|||75|||4
t|||5|||20|||80|||4
arr|||31|||21|||9|||4
min|||4|||21|||20|||4
j|||10|||21|||27|||4
j|||11|||21|||33|||4
arr|||32|||21|||35|||4
j|||12|||21|||39|||4
arr|||33|||21|||44|||4
j|||13|||21|||46|||4
arr|||34|||21|||49|||4
min|||5|||21|||51|||4
min|||6|||21|||54|||4
j|||14|||21|||56|||4
t|||6|||21|||59|||4
arr|||35|||21|||61|||4
arr|||36|||21|||66|||4
arr|||37|||21|||71|||4
min|||7|||21|||73|||4
arr|||38|||21|||76|||4
min|||8|||21|||78|||4
t|||7|||21|||81|||4
arr|||39|||22|||9|||4
key|||1|||22|||18|||4
arr|||40|||22|||20|||4
j|||15|||22|||25|||4
j|||16|||22|||33|||4
arr|||41|||22|||37|||4
j|||17|||22|||39|||4
key|||2|||22|||42|||4
arr|||42|||22|||44|||4
j|||18|||22|||46|||4
arr|||43|||22|||51|||4
j|||19|||22|||53|||4
arr|||44|||22|||57|||4
j|||20|||22|||59|||4
key|||3|||22|||64|||4
c|||4|||23|||16|||4
j|||21|||23|||23|||4
j|||22|||23|||27|||4
j|||23|||23|||31|||4
c|||5|||23|||41|||4
c|||6|||23|||47|||4
c|||7|||23|||49|||4
j|||24|||23|||54|||4
j|||25|||23|||58|||4
n|||4|||24|||1|||4
r|||1|||24|||5|||4
num|||10|||24|||9|||4
den|||1|||24|||13|||4
r|||2|||24|||26|||4
num|||11|||24|||32|||4
n|||5|||24|||35|||4
den|||2|||24|||40|||4
num|||12|||24|||55|||4
den|||3|||24|||57|||4
num|||13|||25|||1|||4
sum|||5|||25|||5|||4
num|||14|||25|||12|||4
num|||15|||25|||16|||4
sum|||6|||25|||20|||4
num|||16|||25|||22|||4
str|||4|||26|||1|||4
wc|||1|||26|||10|||4
str|||5|||26|||23|||4
str|||6|||26|||34|||4
wc|||2|||26|||44|||4
str|||7|||27|||1|||4
str|||8|||27|||16|||4
str|||9|||27|||35|||4
f|||1|||28|||16|||4
j|||26|||28|||23|||4
j|||27|||28|||27|||4
j|||28|||28|||33|||4
j|||29|||28|||40|||4
f|||2|||28|||44|||4
f|||3|||28|||50|||4
a|||8|||29|||1|||4
b|||10|||29|||5|||4
lcm|||1|||29|||9|||4
a|||9|||29|||12|||4
b|||11|||29|||14|||4
a|||10|||29|||17|||4
b|||12|||29|||19|||4
lcm|||2|||29|||24|||4
a|||11|||29|||26|||4
lcm|||3|||29|||30|||4
b|||13|||29|||32|||4
lcm|||4|||29|||36|||4
lcm|||5|||29|||46|||4
sum|||7|||31|||1|||4
sum|||8|||31|||16|||4
fact|||3|||34|||1|||4
fact|||4|||34|||16|||4
arr|||45|||35|||3|||4
arr|||46|||35|||26|||4
arr|||47|||35|||37|||4
arr|||48|||36|||3|||4
arr|||49|||36|||22|||4
sum|||9|||37|||1|||4
arr|||50|||37|||13|||4
sum|||10|||37|||18|||4
arr|||51|||37|||20|||4
a|||12|||38|||1|||4
b|||14|||38|||5|||4
c|||8|||38|||9|||4
a|||13|||38|||28|||4
c|||9|||38|||34|||4
a|||14|||38|||36|||4
b|||15|||38|||38|||4
a|||15|||38|||40|||4
b|||16|||38|||42|||4
b|||17|||38|||44|||4
c|||10|||38|||46|||4
num|||17|||39|||1|||4
count|||3|||39|||5|||4
num|||18|||39|||11|||4
count|||4|||39|||16|||4
num|||19|||39|||19|||4
rev|||7|||40|||1|||4
num|||20|||40|||5|||4
num|||21|||40|||11|||4
rev|||8|||40|||16|||4
rev|||9|||40|||18|||4
num|||22|||40|||22|||4
num|||23|||40|||26|||4
max|||4|||41|||1|||4
arr|||52|||41|||3|||4
arr|||53|||41|||16|||4
arr|||54|||41|||23|||4
max|||5|||41|||28|||4
max|||6|||41|||30|||4
arr|||55|||41|||32|||4
min|||9|||42|||1|||4
arr|||56|||42|||3|||4
arr|||57|||42|||16|||4
arr|||58|||42|||23|||4
min|||10|||42|||28|||4
min|||11|||42|||30|||4
arr|||59|||42|||32|||4
a|||16|||43|||1|||4
b|||18|||43|||5|||4
t|||8|||43|||9|||4
b|||19|||43|||13|||4
t|||9|||43|||18|||4
b|||20|||43|||20|||4
b|||21|||43|||22|||4
a|||17|||43|||24|||4
b|||22|||43|||26|||4
a|||18|||43|||28|||4
t|||10|||43|||30|||4
n|||6|||44|||1|||4
flag|||3|||44|||5|||4
n|||7|||44|||17|||4
n|||8|||44|||24|||4
flag|||4|||44|||30|||4
temp|||8|||45|||5|||4
arr|||60|||45|||11|||4
temp|||9|||45|||18|||4
arr|||61|||45|||20|||4
arr|||62|||45|||25|||4
arr|||63|||45|||30|||4
arr|||64|||45|||32|||4
arr|||65|||45|||41|||4
arr|||66|||45|||43|||4
temp|||10|||45|||52|||4
str|||10|||46|||1|||4
vc|||3|||46|||8|||4
str|||11|||46|||20|||4
str|||12|||46|||35|||4
vc|||4|||46|||46|||4
num|||24|||47|||1|||4
rev|||10|||47|||5|||4
temp|||11|||47|||9|||4
num|||25|||47|||11|||4
temp|||12|||47|||15|||4
rev|||11|||47|||20|||4
rev|||12|||47|||22|||4
temp|||13|||47|||26|||4
temp|||14|||47|||30|||4
x|||3|||48|||1|||4
y|||3|||48|||5|||4
res|||3|||48|||9|||4
y|||4|||48|||21|||4
res|||4|||48|||24|||4
x|||4|||48|||26|||4
s|||4|||49|||1|||4
s|||5|||49|||16|||4
s|||6|||49|||32|||4
arr|||67|||50|||9|||4
j|||30|||50|||17|||4
j|||31|||50|||23|||4
arr|||68|||50|||25|||4
arr|||69|||50|||36|||4
j|||32|||50|||38|||4
arr|||70|||50|||41|||4
j|||33|||50|||43|||4
t|||11|||50|||50|||4
arr|||71|||50|||52|||4
j|||34|||50|||54|||4
arr|||72|||50|||57|||4
j|||35|||50|||59|||4
arr|||73|||50|||62|||4
j|||36|||50|||64|||4
arr|||74|||50|||69|||4
j|||37|||50|||71|||4
t|||12|||50|||76|||4
j|||38|||50|||79|||4
arr|||75|||51|||9|||4
min|||12|||51|||17|||4
j|||39|||51|||21|||4
j|||40|||51|||29|||4
arr|||76|||51|||31|||4
arr|||77|||51|||38|||4
j|||41|||51|||40|||4
arr|||78|||51|||43|||4
min|||13|||51|||45|||4
min|||14|||51|||48|||4
j|||42|||51|||50|||4
j|||43|||51|||52|||4
t|||13|||51|||57|||4
arr|||79|||51|||59|||4
arr|||80|||51|||64|||4
arr|||81|||51|||69|||4
min|||15|||51|||71|||4
arr|||82|||51|||74|||4
min|||16|||51|||76|||4
t|||14|||51|||79|||4
arr|||83|||52|||9|||4
key|||4|||52|||15|||4
arr|||84|||52|||17|||4
j|||44|||52|||22|||4
j|||45|||52|||30|||4
arr|||85|||52|||34|||4
j|||46|||52|||36|||4
key|||5|||52|||39|||4
arr|||86|||52|||42|||4
j|||47|||52|||44|||4
arr|||87|||52|||49|||4
j|||48|||52|||51|||4
j|||49|||52|||54|||4
arr|||88|||52|||58|||4
j|||50|||52|||60|||4
key|||6|||52|||65|||4
c|||11|||53|||13|||4
j|||51|||53|||17|||4
j|||52|||53|||23|||4
c|||12|||53|||34|||4
c|||13|||53|||40|||4
c|||14|||53|||42|||4
j|||53|||53|||47|||4
j|||54|||53|||51|||4
j|||55|||53|||56|||4
n|||9|||54|||1|||4
r|||3|||54|||5|||4
num|||26|||54|||9|||4
den|||4|||54|||13|||4
r|||4|||54|||25|||4
num|||27|||54|||28|||4
n|||10|||54|||31|||4
den|||5|||54|||36|||4
num|||28|||54|||54|||4
den|||6|||54|||56|||4
num|||29|||55|||1|||4
sum|||11|||55|||5|||4
num|||30|||55|||11|||4
sum|||12|||55|||16|||4
num|||31|||55|||18|||4
num|||32|||55|||22|||4
str|||13|||56|||1|||4
wc|||3|||56|||10|||4
str|||14|||56|||22|||4
str|||15|||56|||31|||4
wc|||4|||56|||41|||4
str|||16|||57|||1|||4
str|||17|||57|||16|||4
str|||18|||57|||33|||4
f|||4|||58|||13|||4
j|||56|||58|||17|||4
j|||57|||58|||23|||4
j|||58|||58|||34|||4
f|||5|||58|||38|||4
j|||59|||58|||42|||4
f|||6|||58|||48|||4
a|||19|||59|||1|||4
b|||23|||59|||5|||4
lcm|||6|||59|||9|||4
a|||20|||59|||12|||4
b|||24|||59|||14|||4
a|||21|||59|||17|||4
b|||25|||59|||19|||4
lcm|||7|||59|||23|||4
a|||22|||59|||25|||4
lcm|||8|||59|||29|||4
b|||26|||59|||31|||4
lcm|||9|||59|||35|||4
lcm|||10|||59|||44|||4
