i|||1|||0|||3|||0
i|||2|||0|||7|||0
i|||3|||0|||11|||0
i|||4|||0|||20|||0
i|||5|||1|||8|||0
i|||6|||1|||12|||0
i|||7|||1|||16|||0
i|||8|||1|||21|||0
i|||9|||2|||3|||0
i|||10|||2|||7|||0
i|||11|||2|||11|||0
i|||12|||2|||21|||0
i|||13|||3|||3|||0
i|||14|||3|||7|||0
i|||15|||3|||11|||0
i|||16|||3|||21|||0
i|||17|||4|||8|||0
i|||18|||4|||12|||0
i|||19|||4|||16|||0
i|||20|||4|||21|||0
i|||21|||5|||20|||0
i|||22|||5|||24|||0
i|||23|||5|||30|||0
[|||2|||5|||40|||0
i|||24|||5|||41|||0
i|||25|||6|||3|||0
i|||26|||6|||11|||0
i|||27|||6|||15|||0
[|||3|||6|||25|||0
i|||28|||6|||26|||0
i|||29|||7|||8|||0
i|||30|||7|||12|||0
i|||31|||7|||18|||0
[|||4|||7|||24|||0
i|||32|||7|||25|||0
i|||33|||8|||14|||0
i|||34|||8|||18|||0
i|||35|||8|||22|||0
i|||36|||11|||11|||0
i|||37|||11|||15|||0
i|||38|||11|||21|||0
[|||6|||11|||27|||0
i|||39|||11|||28|||0
[|||7|||11|||36|||0
i|||40|||11|||37|||0
i|||41|||12|||11|||0
i|||42|||12|||15|||0
i|||43|||12|||21|||0
[|||9|||12|||27|||0
i|||44|||12|||28|||0
[|||10|||12|||36|||0
i|||45|||12|||37|||0
t|||2|||13|||18|||0
i|||46|||14|||12|||0
i|||47|||14|||16|||0
i|||48|||14|||22|||0
i|||49|||14|||29|||0
i|||50|||15|||3|||0
i|||51|||15|||9|||0
i|||52|||15|||17|||0
[|||11|||15|||24|||0
i|||53|||15|||25|||0
[|||12|||15|||29|||0
i|||54|||15|||30|||0
i|||55|||15|||39|||0
i|||56|||15|||50|||0
i|||57|||16|||15|||0
i|||58|||16|||19|||0
i|||59|||16|||27|||0
charAt|||1|||16|||40|||0
(|||30|||16|||41|||0
i|||60|||16|||42|||0
i|||61|||18|||16|||0
i|||62|||18|||20|||0
i|||63|||18|||24|||0
i|||64|||19|||10|||0
i|||65|||19|||14|||0
i|||66|||19|||22|||0
charAt|||2|||19|||36|||0
(|||37|||19|||37|||0
i|||67|||19|||38|||0
i|||68|||20|||3|||0
i|||69|||20|||7|||0
i|||70|||20|||15|||0
j|||1|||20|||21|||0
j|||2|||20|||25|||0
i|||71|||20|||31|||0
j|||3|||20|||35|||0
[|||15|||20|||41|||0
j|||4|||20|||42|||0
[|||16|||20|||46|||0
j|||5|||20|||47|||0
[|||17|||20|||57|||0
j|||6|||20|||58|||0
[|||18|||20|||62|||0
j|||7|||20|||63|||0
[|||19|||20|||67|||0
j|||8|||20|||68|||0
[|||20|||20|||74|||0
j|||9|||20|||75|||0
i|||72|||21|||3|||0
i|||73|||21|||7|||0
i|||74|||21|||15|||0
i|||75|||21|||22|||0
j|||10|||21|||27|||0
i|||76|||21|||29|||0
j|||11|||21|||33|||0
j|||12|||21|||39|||0
[|||21|||21|||45|||0
j|||13|||21|||46|||0
[|||22|||21|||50|||0
j|||14|||21|||56|||0
[|||23|||21|||62|||0
i|||77|||21|||63|||0
[|||24|||21|||67|||0
i|||78|||21|||68|||0
[|||25|||21|||72|||0
[|||26|||21|||77|||0
i|||79|||22|||3|||0
i|||80|||22|||7|||0
i|||81|||22|||13|||0
i|||82|||22|||22|||0
j|||15|||22|||25|||0
i|||83|||22|||27|||0
j|||16|||22|||33|||0
[|||28|||22|||38|||0
j|||17|||22|||39|||0
[|||29|||22|||45|||0
j|||18|||22|||46|||0
[|||30|||22|||52|||0
j|||19|||22|||53|||0
[|||31|||22|||58|||0
j|||20|||22|||59|||0
i|||84|||23|||3|||0
i|||85|||23|||7|||0
i|||86|||23|||11|||0
j|||21|||23|||23|||0
j|||22|||23|||27|||0
i|||87|||23|||29|||0
j|||23|||23|||31|||0
i|||88|||23|||52|||0
j|||24|||23|||54|||0
j|||25|||23|||58|||0
i|||89|||24|||20|||0
i|||90|||24|||24|||0
i|||91|||24|||28|||0
i|||92|||24|||37|||0
i|||93|||24|||43|||0
i|||94|||26|||17|||0
i|||95|||26|||21|||0
i|||96|||26|||29|||0
charAt|||3|||26|||36|||0
(|||60|||26|||37|||0
i|||97|||26|||38|||0
i|||98|||27|||10|||0
i|||99|||27|||14|||0
i|||100|||27|||22|||0
charAt|||4|||27|||37|||0
(|||66|||27|||38|||0
i|||101|||27|||39|||0
i|||102|||28|||3|||0
i|||103|||28|||7|||0
i|||104|||28|||11|||0
j|||26|||28|||23|||0
j|||27|||28|||27|||0
i|||105|||28|||29|||0
j|||28|||28|||33|||0
i|||106|||28|||38|||0
j|||29|||28|||40|||0
i|||107|||28|||60|||0
i|||108|||30|||1|||0
i|||109|||30|||7|||0
i|||110|||30|||18|||0
i|||111|||30|||24|||0
i|||112|||31|||5|||0
i|||113|||31|||11|||0
i|||114|||31|||18|||0
i|||115|||31|||20|||0
i|||116|||32|||1|||0
i|||117|||32|||7|||0
i|||118|||32|||18|||0
i|||119|||32|||24|||0
i|||120|||33|||1|||0
i|||121|||33|||7|||0
i|||122|||33|||18|||0
i|||123|||33|||24|||0
i|||124|||34|||5|||0
i|||125|||34|||11|||0
i|||126|||34|||18|||0
i|||127|||34|||20|||0
i|||128|||35|||18|||0
i|||129|||35|||24|||0
[|||33|||35|||38|||0
i|||130|||35|||39|||0
i|||131|||35|||46|||0
i|||132|||36|||1|||0
i|||133|||36|||11|||0
[|||34|||36|||23|||0
i|||134|||36|||24|||0
i|||135|||36|||31|||0
i|||136|||37|||5|||0
i|||137|||37|||11|||0
[|||35|||37|||21|||0
i|||138|||37|||22|||0
i|||139|||37|||25|||0
i|||140|||38|||11|||0
i|||141|||38|||17|||0
i|||142|||38|||48|||0
i|||143|||41|||8|||0
i|||144|||41|||14|||0
[|||37|||41|||24|||0
i|||145|||41|||25|||0
[|||38|||41|||33|||0
i|||146|||41|||34|||0
i|||147|||41|||37|||0
i|||148|||42|||8|||0
i|||149|||42|||14|||0
[|||40|||42|||24|||0
i|||150|||42|||25|||0
[|||41|||42|||33|||0
i|||151|||42|||34|||0
i|||152|||42|||37|||0
i|||153|||44|||9|||0
i|||154|||44|||15|||0
i|||155|||44|||26|||0
i|||156|||44|||34|||0
i|||157|||45|||1|||0
i|||158|||45|||9|||0
i|||159|||45|||22|||0
[|||43|||45|||26|||0
i|||160|||45|||27|||0
[|||44|||45|||31|||0
i|||161|||45|||36|||0
i|||162|||45|||47|||0
i|||163|||45|||54|||0
i|||164|||46|||12|||0
i|||165|||46|||18|||0
charAt|||5|||46|||37|||0
(|||104|||46|||38|||0
i|||166|||46|||39|||0
i|||167|||46|||49|||0
temp|||14|||47|||30|||0
i|||168|||48|||13|||0
i|||169|||48|||19|||0
i|||170|||48|||28|||0
i|||171|||49|||8|||0
i|||172|||49|||14|||0
charAt|||6|||49|||34|||0
(|||111|||49|||35|||0
i|||173|||49|||36|||0
i|||174|||49|||43|||0
i|||175|||50|||1|||0
i|||176|||50|||7|||0
j|||30|||50|||17|||0
j|||31|||50|||23|||0
i|||177|||50|||29|||0
[|||46|||50|||37|||0
j|||32|||50|||38|||0
[|||47|||50|||42|||0
j|||33|||50|||43|||0
[|||48|||50|||53|||0
j|||34|||50|||54|||0
[|||49|||50|||58|||0
j|||35|||50|||59|||0
[|||50|||50|||63|||0
j|||36|||50|||64|||0
[|||51|||50|||70|||0
j|||37|||50|||71|||0
j|||38|||50|||79|||0
i|||178|||50|||83|||0
i|||179|||51|||1|||0
i|||180|||51|||7|||0
i|||181|||51|||19|||0
j|||39|||51|||21|||0
i|||182|||51|||23|||0
j|||40|||51|||29|||0
[|||52|||51|||39|||0
j|||41|||51|||40|||0
[|||53|||51|||44|||0
j|||42|||51|||50|||0
j|||43|||51|||52|||0
[|||54|||51|||60|||0
i|||183|||51|||61|||0
[|||55|||51|||65|||0
i|||184|||51|||66|||0
[|||56|||51|||70|||0
[|||57|||51|||75|||0
i|||185|||51|||81|||0
i|||186|||52|||1|||0
i|||187|||52|||7|||0
i|||188|||52|||19|||0
j|||44|||52|||22|||0
i|||189|||52|||24|||0
j|||45|||52|||30|||0
[|||59|||52|||35|||0
j|||46|||52|||36|||0
[|||60|||52|||43|||0
j|||47|||52|||44|||0
[|||61|||52|||50|||0
j|||48|||52|||51|||0
j|||49|||52|||54|||0
[|||62|||52|||59|||0
j|||50|||52|||60|||0
i|||190|||52|||67|||0
i|||191|||53|||1|||0
i|||192|||53|||7|||0
j|||51|||53|||17|||0
j|||52|||53|||23|||0
i|||193|||53|||25|||0
i|||194|||53|||45|||0
j|||53|||53|||47|||0
j|||54|||53|||51|||0
j|||55|||53|||56|||0
i|||195|||53|||68|||0
i|||196|||54|||17|||0
i|||197|||54|||23|||0
i|||198|||54|||33|||0
i|||199|||54|||39|||0
i|||200|||54|||44|||0
i|||201|||56|||14|||0
i|||202|||56|||20|||0
charAt|||7|||56|||33|||0
(|||134|||56|||34|||0
i|||203|||56|||35|||0
i|||204|||56|||44|||0
i|||205|||57|||8|||0
i|||206|||57|||14|||0
charAt|||8|||57|||35|||0
(|||140|||57|||36|||0
i|||207|||57|||37|||0
i|||208|||57|||44|||0
i|||209|||58|||1|||0
i|||210|||58|||7|||0
j|||56|||58|||17|||0
j|||57|||58|||23|||0
i|||211|||58|||25|||0
i|||212|||58|||32|||0
j|||58|||58|||34|||0
j|||59|||58|||42|||0
i|||213|||58|||58|||0
i|||214|||58|||64|||0
System|||1|||0|||14|||1
.|||1|||0|||15|||1
out|||1|||0|||16|||1
.|||2|||0|||17|||1
print|||1|||0|||18|||1
(|||2|||0|||19|||1
+|||1|||0|||21|||1
"|||1|||0|||22|||1
"|||2|||0|||23|||1
)|||2|||0|||24|||1
;|||4|||1|||4|||1
+=|||1|||1|||20|||1
System|||2|||2|||15|||1
.|||3|||2|||16|||1
out|||2|||2|||17|||1
.|||4|||2|||18|||1
print|||2|||2|||19|||1
(|||5|||2|||20|||1
+|||2|||2|||22|||1
"|||3|||2|||23|||1
"|||4|||2|||24|||1
)|||5|||2|||25|||1
System|||3|||3|||15|||1
.|||5|||3|||16|||1
out|||3|||3|||17|||1
.|||6|||3|||18|||1
print|||3|||3|||19|||1
(|||7|||3|||20|||1
+|||3|||3|||22|||1
"|||5|||3|||23|||1
"|||6|||3|||24|||1
)|||7|||3|||25|||1
;|||14|||4|||4|||1
*=|||1|||4|||20|||1
]|||1|||5|||2|||1
{|||1|||5|||5|||1
,|||1|||5|||7|||1
,|||2|||5|||9|||1
,|||3|||5|||11|||1
,|||4|||5|||13|||1
}|||1|||5|||15|||1
;|||18|||5|||16|||1
System|||4|||5|||33|||1
.|||8|||5|||34|||1
out|||4|||5|||35|||1
.|||9|||5|||36|||1
print|||4|||5|||37|||1
(|||10|||5|||38|||1
]|||2|||5|||42|||1
+|||4|||5|||43|||1
"|||7|||5|||44|||1
"|||8|||5|||45|||1
)|||10|||5|||46|||1
System|||5|||6|||18|||1
.|||11|||6|||19|||1
out|||5|||6|||20|||1
.|||12|||6|||21|||1
print|||5|||6|||22|||1
(|||12|||6|||23|||1
]|||3|||6|||27|||1
+|||5|||6|||28|||1
"|||9|||6|||29|||1
"|||10|||6|||30|||1
)|||12|||6|||31|||1
;|||25|||7|||4|||1
+=|||4|||7|||22|||1
]|||4|||7|||26|||1
,|||5|||8|||4|||1
,|||6|||8|||8|||1
;|||29|||8|||10|||1
System|||6|||8|||26|||1
.|||14|||8|||27|||1
out|||6|||8|||28|||1
.|||15|||8|||29|||1
print|||6|||8|||30|||1
(|||15|||8|||31|||1
+|||6|||8|||33|||1
"|||11|||8|||34|||1
"|||12|||8|||35|||1
)|||15|||8|||36|||1
;|||32|||8|||37|||1
=|||16|||8|||39|||1
+|||7|||8|||41|||1
;|||33|||8|||43|||1
=|||17|||8|||45|||1
;|||34|||8|||47|||1
=|||18|||8|||49|||1
,|||7|||9|||4|||1
;|||36|||9|||8|||1
,|||8|||10|||4|||1
;|||40|||10|||8|||1
=|||23|||10|||21|||1
*|||1|||10|||23|||1
+|||8|||10|||25|||1
]|||5|||11|||6|||1
;|||44|||11|||7|||1
]|||6|||11|||29|||1
>|||3|||11|||30|||1
)|||19|||11|||32|||1
=|||26|||11|||34|||1
]|||7|||11|||38|||1
]|||8|||12|||6|||1
;|||48|||12|||7|||1
]|||9|||12|||29|||1
)|||21|||12|||32|||1
=|||29|||12|||34|||1
]|||10|||12|||38|||1
,|||9|||13|||4|||1
;|||52|||13|||8|||1
,|||10|||13|||21|||1
,|||11|||13|||27|||1
)|||22|||13|||31|||1
,|||12|||14|||4|||1
;|||56|||14|||8|||1
==|||1|||14|||30|||1
)|||24|||14|||32|||1
=|||38|||14|||34|||1
,|||13|||15|||6|||1
]|||11|||15|||26|||1
;|||62|||15|||27|||1
]|||12|||15|||31|||1
=|||41|||15|||32|||1
[|||13|||15|||34|||1
]|||13|||15|||42|||1
;|||63|||15|||43|||1
[|||14|||15|||45|||1
]|||14|||15|||53|||1
=|||42|||15|||54|||1
"|||14|||16|||5|||1
;|||65|||16|||6|||1
;|||66|||16|||11|||1
)|||26|||16|||25|||1
"|||15|||16|||32|||1
"|||16|||16|||34|||1
.|||22|||16|||35|||1
indexOf|||1|||16|||36|||1
(|||29|||16|||37|||1
.|||23|||16|||39|||1
)|||28|||16|||43|||1
)|||29|||16|||44|||1
!=|||2|||16|||45|||1
1|||14|||16|||47|||1
)|||30|||16|||48|||1
,|||14|||17|||4|||1
,|||15|||17|||8|||1
;|||70|||17|||12|||1
=|||49|||17|||25|||1
*|||2|||17|||27|||1
+|||9|||17|||29|||1
,|||16|||18|||4|||1
,|||17|||18|||8|||1
;|||74|||18|||12|||1
*=|||2|||18|||28|||1
"|||17|||19|||3|||1
"|||18|||19|||5|||1
;|||78|||19|||6|||1
)|||33|||19|||20|||1
System|||7|||19|||25|||1
.|||25|||19|||26|||1
out|||7|||19|||27|||1
.|||26|||19|||28|||1
print|||7|||19|||29|||1
(|||35|||19|||30|||1
(|||36|||19|||31|||1
)|||35|||19|||33|||1
.|||27|||19|||35|||1
)|||36|||19|||39|||1
+|||10|||19|||40|||1
"|||19|||19|||41|||1
"|||20|||19|||42|||1
)|||37|||19|||43|||1
]|||15|||20|||43|||1
>|||5|||20|||44|||1
]|||16|||20|||50|||1
=|||58|||20|||55|||1
]|||17|||20|||59|||1
;|||86|||20|||60|||1
]|||18|||20|||64|||1
=|||59|||20|||65|||1
]|||19|||20|||71|||1
;|||87|||20|||72|||1
]|||20|||20|||78|||1
=|||60|||20|||79|||1
;|||91|||21|||23|||1
]|||21|||21|||47|||1
<|||15|||21|||48|||1
]|||22|||21|||52|||1
)|||43|||21|||53|||1
=|||64|||21|||55|||1
=|||65|||21|||60|||1
]|||23|||21|||64|||1
;|||95|||21|||65|||1
]|||24|||21|||69|||1
=|||66|||21|||70|||1
]|||25|||21|||74|||1
;|||96|||21|||75|||1
]|||26|||21|||79|||1
=|||67|||21|||80|||1
]|||27|||22|||23|||1
,|||18|||22|||24|||1
;|||100|||22|||30|||1
&&|||1|||22|||36|||1
]|||28|||22|||40|||1
>|||6|||22|||41|||1
]|||29|||22|||49|||1
=|||71|||22|||50|||1
]|||30|||22|||55|||1
]|||31|||22|||62|||1
=|||72|||22|||63|||1
;|||105|||23|||19|||1
System|||8|||23|||35|||1
.|||33|||23|||36|||1
out|||8|||23|||37|||1
.|||34|||23|||38|||1
print|||8|||23|||39|||1
(|||48|||23|||40|||1
+|||17|||23|||42|||1
"|||21|||23|||43|||1
"|||22|||23|||44|||1
)|||48|||23|||45|||1
;|||108|||23|||46|||1
=|||76|||23|||48|||1
*|||3|||23|||50|||1
(|||49|||23|||51|||1
)|||49|||23|||55|||1
/|||3|||23|||56|||1
(|||50|||23|||57|||1
)|||50|||23|||61|||1
System|||9|||23|||64|||1
.|||35|||23|||65|||1
out|||9|||23|||66|||1
.|||36|||23|||67|||1
println|||1|||23|||68|||1
(|||51|||23|||69|||1
)|||51|||23|||70|||1
,|||19|||24|||4|||1
,|||20|||24|||8|||1
,|||21|||24|||12|||1
;|||111|||24|||16|||1
*=|||3|||24|||33|||1
(|||53|||24|||34|||1
)|||53|||24|||38|||1
;|||114|||24|||39|||1
*=|||4|||24|||41|||1
(|||54|||24|||42|||1
)|||54|||24|||46|||1
System|||10|||24|||49|||1
.|||37|||24|||50|||1
out|||10|||24|||51|||1
.|||38|||24|||52|||1
print|||9|||24|||53|||1
(|||55|||24|||54|||1
/|||4|||24|||56|||1
)|||55|||24|||58|||1
,|||22|||25|||4|||1
;|||117|||25|||8|||1
+=|||5|||25|||21|||1
"|||23|||26|||3|||1
"|||24|||26|||7|||1
;|||121|||26|||8|||1
;|||122|||26|||13|||1
)|||57|||26|||27|||1
.|||40|||26|||35|||1
)|||59|||26|||39|||1
==|||2|||26|||40|||1
'|||1|||26|||41|||1
'|||2|||26|||42|||1
)|||60|||26|||43|||1
"|||25|||27|||3|||1
"|||26|||27|||5|||1
;|||126|||27|||6|||1
)|||61|||27|||20|||1
System|||11|||27|||25|||1
.|||42|||27|||26|||1
out|||11|||27|||27|||1
.|||43|||27|||28|||1
print|||10|||27|||29|||1
(|||63|||27|||30|||1
(|||64|||27|||31|||1
char|||1|||27|||32|||1
)|||63|||27|||33|||1
(|||65|||27|||34|||1
.|||44|||27|||36|||1
)|||64|||27|||40|||1
)|||65|||27|||43|||1
)|||66|||27|||44|||1
;|||132|||28|||19|||1
==|||3|||28|||41|||1
)|||69|||28|||43|||1
=|||92|||28|||45|||1
if|||9|||28|||48|||1
==|||4|||28|||51|||1
)|||70|||28|||53|||1
System|||12|||28|||54|||1
.|||45|||28|||55|||1
out|||12|||28|||56|||1
.|||46|||28|||57|||1
print|||11|||28|||58|||1
(|||71|||28|||59|||1
+|||20|||28|||61|||1
"|||27|||28|||62|||1
"|||28|||28|||63|||1
)|||71|||28|||64|||1
,|||23|||29|||4|||1
,|||24|||29|||8|||1
(|||72|||29|||11|||1
)|||72|||29|||15|||1
?|||1|||29|||16|||1
:|||1|||29|||18|||1
;|||137|||29|||20|||1
!=|||3|||29|||27|||1
|||||1|||29|||29|||1
!=|||4|||29|||33|||1
System|||13|||29|||40|||1
.|||47|||29|||41|||1
out|||13|||29|||42|||1
.|||48|||29|||43|||1
print|||12|||29|||44|||1
(|||74|||29|||45|||1
)|||74|||29|||47|||1
;|||142|||30|||4|||1
System|||14|||30|||12|||1
.|||49|||30|||13|||1
out|||14|||30|||14|||1
.|||50|||30|||15|||1
print|||13|||30|||16|||1
(|||76|||30|||17|||1
+|||21|||30|||19|||1
"|||29|||30|||20|||1
"|||30|||30|||21|||1
)|||76|||30|||22|||1
,|||25|||31|||4|||1
;|||145|||31|||8|||1
+=|||6|||31|||17|||1
;|||146|||31|||19|||1
;|||148|||32|||4|||1
System|||15|||32|||12|||1
.|||51|||32|||13|||1
out|||15|||32|||14|||1
.|||52|||32|||15|||1
print|||14|||32|||16|||1
(|||79|||32|||17|||1
+|||22|||32|||19|||1
"|||31|||32|||20|||1
"|||32|||32|||21|||1
)|||79|||32|||22|||1
;|||151|||33|||4|||1
System|||16|||33|||12|||1
.|||53|||33|||13|||1
out|||16|||33|||14|||1
.|||54|||33|||15|||1
print|||15|||33|||16|||1
(|||81|||33|||17|||1
+|||23|||33|||19|||1
"|||33|||33|||20|||1
"|||34|||33|||21|||1
)|||81|||33|||22|||1
,|||26|||34|||4|||1
;|||154|||34|||8|||1
*=|||5|||34|||17|||1
;|||155|||34|||19|||1
]|||32|||35|||2|||1
{|||16|||35|||5|||1
,|||27|||35|||7|||1
,|||28|||35|||9|||1
,|||29|||35|||11|||1
,|||30|||35|||13|||1
}|||16|||35|||15|||1
;|||157|||35|||16|||1
;|||158|||35|||21|||1
System|||17|||35|||31|||1
.|||56|||35|||32|||1
out|||17|||35|||33|||1
.|||57|||35|||34|||1
print|||16|||35|||35|||1
(|||84|||35|||36|||1
]|||33|||35|||40|||1
+|||24|||35|||41|||1
"|||35|||35|||42|||1
"|||36|||35|||43|||1
)|||84|||35|||44|||1
;|||161|||36|||8|||1
System|||18|||36|||16|||1
.|||59|||36|||17|||1
out|||18|||36|||18|||1
.|||60|||36|||19|||1
print|||17|||36|||20|||1
(|||86|||36|||21|||1
]|||34|||36|||25|||1
+|||25|||36|||26|||1
"|||37|||36|||27|||1
"|||38|||36|||28|||1
)|||86|||36|||29|||1
,|||31|||37|||4|||1
;|||164|||37|||8|||1
+=|||9|||37|||19|||1
]|||35|||37|||23|||1
,|||32|||38|||4|||1
,|||33|||38|||8|||1
,|||34|||38|||10|||1
;|||167|||38|||14|||1
System|||19|||38|||22|||1
.|||62|||38|||23|||1
out|||19|||38|||24|||1
.|||63|||38|||25|||1
print|||18|||38|||26|||1
(|||89|||38|||27|||1
+|||26|||38|||29|||1
"|||39|||38|||30|||1
"|||40|||38|||31|||1
)|||89|||38|||32|||1
;|||168|||38|||33|||1
=|||111|||38|||35|||1
+|||27|||38|||37|||1
;|||169|||38|||39|||1
=|||112|||38|||41|||1
;|||170|||38|||43|||1
=|||113|||38|||45|||1
,|||35|||39|||4|||1
;|||173|||39|||8|||1
;|||174|||39|||18|||1
,|||36|||40|||4|||1
;|||176|||40|||8|||1
=|||118|||40|||17|||1
+|||28|||40|||21|||1
;|||177|||40|||25|||1
]|||36|||41|||6|||1
,|||37|||41|||7|||1
;|||179|||41|||11|||1
]|||37|||41|||26|||1
>|||11|||41|||27|||1
)|||93|||41|||29|||1
=|||121|||41|||31|||1
]|||38|||41|||35|||1
]|||39|||42|||6|||1
,|||38|||42|||7|||1
;|||182|||42|||11|||1
]|||40|||42|||26|||1
)|||95|||42|||29|||1
=|||124|||42|||31|||1
]|||41|||42|||35|||1
,|||39|||43|||4|||1
,|||40|||43|||8|||1
;|||185|||43|||10|||1
;|||186|||43|||21|||1
=|||128|||43|||23|||1
=|||129|||43|||29|||1
,|||41|||44|||4|||1
,|||42|||44|||8|||1
;|||189|||44|||12|||1
==|||5|||44|||27|||1
)|||98|||44|||29|||1
=|||133|||44|||31|||1
,|||43|||45|||4|||1
;|||192|||45|||6|||1
]|||42|||45|||23|||1
;|||193|||45|||24|||1
]|||43|||45|||28|||1
=|||136|||45|||29|||1
]|||44|||45|||39|||1
;|||194|||45|||40|||1
[|||45|||45|||42|||1
]|||45|||45|||50|||1
=|||137|||45|||51|||1
"|||42|||46|||5|||1
;|||197|||46|||6|||1
,|||44|||46|||11|||1
;|||198|||46|||15|||1
)|||100|||46|||24|||1
"|||43|||46|||29|||1
"|||44|||46|||31|||1
.|||70|||46|||32|||1
indexOf|||2|||46|||33|||1
(|||103|||46|||34|||1
.|||71|||46|||36|||1
)|||102|||46|||40|||1
)|||103|||46|||41|||1
!=|||6|||46|||42|||1
1|||48|||46|||44|||1
)|||104|||46|||45|||1
,|||45|||47|||4|||1
,|||46|||47|||8|||1
;|||201|||47|||12|||1
=|||144|||47|||21|||1
*|||5|||47|||23|||1
+|||29|||47|||25|||1
;|||202|||47|||29|||1
,|||47|||48|||4|||1
,|||48|||48|||8|||1
,|||49|||48|||12|||1
;|||204|||48|||16|||1
*=|||6|||48|||25|||1
;|||205|||48|||27|||1
"|||45|||49|||3|||1
"|||46|||49|||5|||1
;|||207|||49|||6|||1
;|||208|||49|||11|||1
)|||107|||49|||20|||1
System|||20|||49|||23|||1
.|||73|||49|||24|||1
out|||20|||49|||25|||1
.|||74|||49|||26|||1
print|||19|||49|||27|||1
(|||109|||49|||28|||1
(|||110|||49|||29|||1
)|||109|||49|||31|||1
.|||75|||49|||33|||1
)|||110|||49|||37|||1
+|||30|||49|||38|||1
"|||47|||49|||39|||1
"|||48|||49|||40|||1
)|||111|||49|||41|||1
;|||211|||50|||4|||1
;|||212|||50|||20|||1
]|||46|||50|||39|||1
>|||13|||50|||40|||1
]|||47|||50|||46|||1
)|||114|||50|||47|||1
=|||153|||50|||51|||1
]|||48|||50|||55|||1
;|||213|||50|||56|||1
]|||49|||50|||60|||1
=|||154|||50|||61|||1
]|||50|||50|||67|||1
;|||214|||50|||68|||1
]|||51|||50|||74|||1
=|||155|||50|||75|||1
;|||218|||51|||4|||1
,|||50|||51|||20|||1
;|||219|||51|||26|||1
]|||52|||51|||41|||1
<|||35|||51|||42|||1
]|||53|||51|||46|||1
)|||117|||51|||47|||1
=|||159|||51|||49|||1
;|||220|||51|||51|||1
=|||160|||51|||58|||1
]|||54|||51|||62|||1
;|||222|||51|||63|||1
]|||55|||51|||67|||1
=|||161|||51|||68|||1
]|||56|||51|||72|||1
;|||223|||51|||73|||1
]|||57|||51|||77|||1
=|||162|||51|||78|||1
;|||226|||52|||4|||1
]|||58|||52|||20|||1
,|||51|||52|||21|||1
;|||227|||52|||27|||1
&&|||2|||52|||33|||1
]|||59|||52|||37|||1
>|||14|||52|||38|||1
]|||60|||52|||47|||1
=|||166|||52|||48|||1
]|||61|||52|||52|||1
;|||228|||52|||53|||1
]|||62|||52|||63|||1
=|||167|||52|||64|||1
;|||232|||53|||4|||1
,|||52|||53|||16|||1
;|||233|||53|||20|||1
System|||21|||53|||28|||1
.|||81|||53|||29|||1
out|||21|||53|||30|||1
.|||82|||53|||31|||1
print|||20|||53|||32|||1
(|||122|||53|||33|||1
+|||37|||53|||35|||1
"|||49|||53|||36|||1
"|||50|||53|||37|||1
)|||122|||53|||38|||1
;|||234|||53|||39|||1
=|||171|||53|||41|||1
*|||6|||53|||43|||1
(|||123|||53|||44|||1
)|||123|||53|||48|||1
/|||8|||53|||49|||1
(|||124|||53|||50|||1
)|||124|||53|||54|||1
;|||235|||53|||55|||1
System|||22|||53|||60|||1
.|||83|||53|||61|||1
out|||22|||53|||62|||1
.|||84|||53|||63|||1
println|||2|||53|||64|||1
(|||125|||53|||65|||1
)|||125|||53|||66|||1
,|||53|||54|||4|||1
,|||54|||54|||8|||1
,|||55|||54|||12|||1
,|||56|||54|||16|||1
;|||239|||54|||20|||1
*=|||7|||54|||29|||1
(|||127|||54|||30|||1
)|||127|||54|||34|||1
;|||240|||54|||35|||1
*=|||8|||54|||37|||1
(|||128|||54|||38|||1
)|||128|||54|||42|||1
;|||241|||54|||43|||1
System|||23|||54|||48|||1
.|||85|||54|||49|||1
out|||23|||54|||50|||1
.|||86|||54|||51|||1
print|||21|||54|||52|||1
(|||129|||54|||53|||1
/|||9|||54|||55|||1
)|||129|||54|||57|||1
,|||57|||55|||4|||1
;|||244|||55|||8|||1
+=|||10|||55|||17|||1
;|||245|||55|||21|||1
"|||51|||56|||3|||1
"|||52|||56|||7|||1
;|||247|||56|||8|||1
,|||58|||56|||13|||1
;|||248|||56|||17|||1
)|||131|||56|||26|||1
.|||88|||56|||32|||1
)|||133|||56|||36|||1
==|||6|||56|||37|||1
'|||3|||56|||38|||1
'|||4|||56|||39|||1
)|||134|||56|||40|||1
"|||53|||57|||3|||1
"|||54|||57|||5|||1
;|||251|||57|||6|||1
;|||252|||57|||11|||1
)|||135|||57|||20|||1
System|||24|||57|||23|||1
.|||90|||57|||24|||1
out|||24|||57|||25|||1
.|||91|||57|||26|||1
print|||22|||57|||27|||1
(|||137|||57|||28|||1
(|||138|||57|||29|||1
char|||2|||57|||30|||1
)|||137|||57|||31|||1
(|||139|||57|||32|||1
.|||92|||57|||34|||1
)|||138|||57|||38|||1
)|||139|||57|||41|||1
)|||140|||57|||42|||1
;|||255|||58|||4|||1
,|||59|||58|||16|||1
;|||256|||58|||20|||1
==|||7|||58|||35|||1
)|||143|||58|||37|||1
=|||187|||58|||39|||1
;|||257|||58|||41|||1
if|||18|||58|||46|||1
==|||8|||58|||49|||1
)|||144|||58|||51|||1
System|||25|||58|||52|||1
.|||93|||58|||53|||1
out|||25|||58|||54|||1
.|||94|||58|||55|||1
print|||23|||58|||56|||1
(|||145|||58|||57|||1
+|||40|||58|||59|||1
"|||55|||58|||60|||1
"|||56|||58|||61|||1
)|||145|||58|||62|||1
,|||60|||59|||4|||1
,|||61|||59|||8|||1
(|||146|||59|||11|||1
)|||146|||59|||15|||1
?|||2|||59|||16|||1
:|||2|||59|||18|||1
;|||261|||59|||20|||1
!=|||7|||59|||26|||1
|||||2|||59|||28|||1
!=|||8|||59|||32|||1
System|||26|||59|||38|||1
.|||95|||59|||39|||1
out|||26|||59|||40|||1
.|||96|||59|||41|||1
print|||24|||59|||42|||1
(|||148|||59|||43|||1
)|||148|||59|||45|||1
=|||1|||0|||4|||2
=|||2|||1|||2|||2
0|||1|||1|||3|||2
=|||3|||1|||9|||2
=|||4|||2|||4|||2
=|||5|||3|||4|||2
=|||6|||4|||2|||2
=|||7|||4|||9|||2
[|||1|||5|||1|||2
=|||8|||5|||4|||2
=|||9|||5|||21|||2
0|||2|||5|||22|||2
.|||7|||5|||27|||2
length|||1|||5|||28|||2
=|||10|||6|||4|||2
.|||10|||6|||6|||2
length|||2|||6|||7|||2
-|||1|||6|||8|||2
1|||7|||6|||9|||2
0|||3|||6|||13|||2
=|||11|||7|||2|||2
0|||4|||7|||3|||2
=|||12|||7|||9|||2
0|||5|||7|||10|||2
.|||13|||7|||15|||2
length|||3|||7|||16|||2
=|||13|||8|||2|||2
0|||6|||8|||3|||2
=|||14|||8|||6|||2
=|||15|||8|||15|||2
0|||7|||8|||16|||2
=|||19|||9|||2|||2
=|||20|||9|||6|||2
0|||8|||9|||7|||2
>|||1|||9|||13|||2
0|||9|||9|||14|||2
/=|||1|||9|||17|||2
=|||21|||10|||2|||2
0|||10|||10|||3|||2
=|||22|||10|||6|||2
>|||2|||10|||13|||2
0|||11|||10|||14|||2
/=|||2|||10|||17|||2
%|||1|||10|||27|||2
=|||24|||11|||2|||2
[|||5|||11|||4|||2
0|||12|||11|||5|||2
=|||25|||11|||12|||2
.|||16|||11|||18|||2
length|||4|||11|||19|||2
=|||27|||12|||2|||2
[|||8|||12|||4|||2
0|||13|||12|||5|||2
=|||28|||12|||12|||2
.|||17|||12|||18|||2
length|||5|||12|||19|||2
=|||30|||13|||2|||2
=|||31|||13|||6|||2
!=|||1|||13|||15|||2
0|||14|||13|||16|||2
=|||32|||13|||19|||2
=|||33|||13|||23|||2
%|||2|||13|||25|||2
=|||34|||13|||29|||2
=|||35|||14|||2|||2
=|||36|||14|||6|||2
=|||37|||14|||13|||2
/|||1|||14|||19|||2
%|||3|||14|||28|||2
0|||15|||14|||31|||2
0|||16|||14|||35|||2
=|||39|||15|||4|||2
0|||17|||15|||5|||2
.|||18|||15|||12|||2
length|||6|||15|||13|||2
/|||2|||15|||14|||2
=|||40|||15|||22|||2
.|||19|||15|||36|||2
-|||2|||15|||38|||2
-|||3|||15|||40|||2
.|||20|||15|||47|||2
length|||8|||15|||48|||2
-|||4|||15|||49|||2
-|||5|||15|||51|||2
=|||43|||16|||2|||2
=|||44|||16|||9|||2
0|||18|||16|||10|||2
=|||45|||16|||16|||2
0|||19|||16|||17|||2
.|||21|||16|||22|||2
length|||9|||16|||23|||2
(|||27|||16|||24|||2
-|||6|||16|||46|||2
=|||46|||17|||2|||2
=|||47|||17|||6|||2
0|||20|||17|||7|||2
=|||48|||17|||10|||2
>|||4|||17|||17|||2
0|||21|||17|||18|||2
/=|||3|||17|||21|||2
%|||4|||17|||31|||2
=|||50|||18|||2|||2
=|||51|||18|||6|||2
=|||52|||18|||10|||2
=|||53|||18|||17|||2
0|||22|||18|||18|||2
=|||54|||19|||2|||2
=|||55|||19|||11|||2
0|||23|||19|||12|||2
.|||24|||19|||17|||2
length|||10|||19|||18|||2
(|||34|||19|||19|||2
=|||56|||20|||4|||2
0|||24|||20|||5|||2
.|||28|||20|||10|||2
length|||11|||20|||11|||2
-|||7|||20|||12|||2
1|||16|||20|||13|||2
=|||57|||20|||22|||2
0|||25|||20|||23|||2
.|||29|||20|||28|||2
length|||12|||20|||29|||2
-|||8|||20|||30|||2
-|||9|||20|||32|||2
+|||11|||20|||48|||2
+|||12|||20|||69|||2
+|||13|||20|||76|||2
=|||61|||21|||4|||2
0|||26|||21|||5|||2
.|||30|||21|||10|||2
length|||13|||21|||11|||2
-|||10|||21|||12|||2
1|||21|||21|||13|||2
=|||62|||21|||21|||2
=|||63|||21|||28|||2
+|||14|||21|||30|||2
.|||31|||21|||36|||2
length|||14|||21|||37|||2
=|||68|||22|||4|||2
.|||32|||22|||10|||2
length|||15|||22|||11|||2
=|||69|||22|||19|||2
[|||27|||22|||21|||2
=|||70|||22|||26|||2
-|||11|||22|||28|||2
>=|||2|||22|||34|||2
0|||27|||22|||35|||2
+|||15|||22|||47|||2
+|||16|||22|||60|||2
=|||73|||23|||4|||2
0|||28|||23|||5|||2
=|||74|||23|||17|||2
=|||75|||23|||24|||2
0|||29|||23|||25|||2
-|||12|||23|||53|||2
+|||18|||23|||59|||2
=|||77|||24|||2|||2
=|||78|||24|||6|||2
=|||79|||24|||10|||2
=|||80|||24|||14|||2
=|||81|||24|||21|||2
0|||30|||24|||22|||2
-|||13|||24|||36|||2
+|||19|||24|||44|||2
=|||82|||25|||2|||2
=|||83|||25|||6|||2
0|||31|||25|||7|||2
>|||7|||25|||13|||2
0|||32|||25|||14|||2
/=|||4|||25|||17|||2
%|||5|||25|||23|||2
=|||84|||26|||2|||2
=|||85|||26|||11|||2
=|||86|||26|||18|||2
0|||33|||26|||19|||2
.|||39|||26|||24|||2
length|||16|||26|||25|||2
(|||58|||26|||26|||2
=|||87|||27|||2|||2
=|||88|||27|||11|||2
0|||34|||27|||12|||2
.|||41|||27|||17|||2
length|||17|||27|||18|||2
(|||62|||27|||19|||2
-|||14|||27|||41|||2
=|||89|||28|||4|||2
=|||90|||28|||17|||2
=|||91|||28|||24|||2
/|||5|||28|||30|||2
%|||6|||28|||39|||2
0|||35|||28|||42|||2
0|||36|||28|||46|||2
=|||93|||29|||2|||2
=|||94|||29|||6|||2
=|||95|||29|||10|||2
>|||8|||29|||13|||2
%|||7|||29|||25|||2
0|||37|||29|||28|||2
%|||8|||29|||31|||2
0|||38|||29|||34|||2
=|||96|||30|||2|||2
=|||97|||31|||2|||2
0|||39|||31|||3|||2
=|||98|||31|||6|||2
=|||99|||32|||2|||2
=|||100|||33|||2|||2
=|||101|||34|||2|||2
=|||102|||34|||6|||2
[|||32|||35|||1|||2
=|||103|||35|||4|||2
=|||104|||35|||19|||2
0|||40|||35|||20|||2
.|||55|||35|||27|||2
length|||18|||35|||28|||2
=|||105|||36|||2|||2
.|||58|||36|||4|||2
length|||19|||36|||5|||2
-|||15|||36|||6|||2
1|||41|||36|||7|||2
>=|||3|||36|||12|||2
0|||41|||36|||13|||2
=|||106|||37|||2|||2
0|||42|||37|||3|||2
=|||107|||37|||6|||2
0|||43|||37|||7|||2
.|||61|||37|||14|||2
length|||20|||37|||15|||2
=|||108|||38|||2|||2
0|||44|||38|||3|||2
=|||109|||38|||6|||2
=|||110|||38|||12|||2
0|||45|||38|||13|||2
=|||114|||39|||2|||2
=|||115|||39|||6|||2
0|||46|||39|||7|||2
>|||9|||39|||12|||2
0|||47|||39|||13|||2
/=|||5|||39|||20|||2
=|||116|||40|||2|||2
0|||48|||40|||3|||2
=|||117|||40|||6|||2
>|||10|||40|||12|||2
0|||49|||40|||13|||2
*|||4|||40|||19|||2
%|||9|||40|||23|||2
/=|||6|||40|||27|||2
=|||119|||41|||2|||2
[|||36|||41|||4|||2
0|||50|||41|||5|||2
=|||120|||41|||9|||2
.|||64|||41|||17|||2
length|||21|||41|||18|||2
=|||122|||42|||2|||2
[|||39|||42|||4|||2
0|||51|||42|||5|||2
=|||123|||42|||9|||2
.|||65|||42|||17|||2
length|||22|||42|||18|||2
=|||125|||43|||2|||2
=|||126|||43|||6|||2
!=|||5|||43|||14|||2
0|||52|||43|||15|||2
=|||127|||43|||19|||2
%|||10|||43|||25|||2
=|||130|||44|||2|||2
=|||131|||44|||6|||2
=|||132|||44|||10|||2
/|||6|||44|||18|||2
%|||11|||44|||25|||2
0|||53|||44|||28|||2
0|||54|||44|||32|||2
=|||134|||45|||2|||2
0|||55|||45|||3|||2
.|||66|||45|||12|||2
length|||23|||45|||13|||2
/|||7|||45|||14|||2
=|||135|||45|||19|||2
[|||42|||45|||21|||2
.|||67|||45|||33|||2
-|||16|||45|||35|||2
-|||17|||45|||37|||2
.|||68|||45|||44|||2
-|||18|||45|||46|||2
-|||19|||45|||48|||2
=|||138|||46|||2|||2
=|||139|||46|||9|||2
0|||56|||46|||10|||2
=|||140|||46|||13|||2
0|||57|||46|||14|||2
.|||69|||46|||21|||2
length|||26|||46|||22|||2
(|||101|||46|||23|||2
-|||20|||46|||43|||2
=|||141|||47|||2|||2
=|||142|||47|||6|||2
0|||58|||47|||7|||2
=|||143|||47|||10|||2
>|||12|||47|||16|||2
0|||59|||47|||17|||2
%|||12|||47|||27|||2
/=|||7|||47|||31|||2
=|||145|||48|||2|||2
=|||146|||48|||6|||2
=|||147|||48|||10|||2
=|||148|||48|||14|||2
0|||60|||48|||15|||2
=|||149|||49|||2|||2
=|||150|||49|||9|||2
0|||61|||49|||10|||2
.|||72|||49|||17|||2
length|||27|||49|||18|||2
(|||108|||49|||19|||2
=|||151|||50|||2|||2
0|||62|||50|||3|||2
.|||76|||50|||10|||2
length|||28|||50|||11|||2
-|||21|||50|||12|||2
1|||50|||50|||13|||2
=|||152|||50|||18|||2
0|||63|||50|||19|||2
.|||77|||50|||26|||2
length|||29|||50|||27|||2
-|||22|||50|||28|||2
-|||23|||50|||30|||2
+|||31|||50|||44|||2
+|||32|||50|||65|||2
+|||33|||50|||72|||2
=|||156|||51|||2|||2
0|||64|||51|||3|||2
.|||78|||51|||10|||2
length|||30|||51|||11|||2
-|||24|||51|||12|||2
1|||55|||51|||13|||2
=|||157|||51|||18|||2
=|||158|||51|||22|||2
+|||34|||51|||24|||2
.|||79|||51|||32|||2
length|||31|||51|||33|||2
=|||163|||52|||2|||2
.|||80|||52|||10|||2
length|||32|||52|||11|||2
=|||164|||52|||16|||2
[|||58|||52|||18|||2
=|||165|||52|||23|||2
-|||25|||52|||25|||2
>=|||4|||52|||31|||2
0|||65|||52|||32|||2
+|||35|||52|||45|||2
+|||36|||52|||61|||2
=|||168|||53|||2|||2
0|||66|||53|||3|||2
=|||169|||53|||14|||2
=|||170|||53|||18|||2
0|||67|||53|||19|||2
-|||26|||53|||46|||2
+|||38|||53|||52|||2
=|||172|||54|||2|||2
=|||173|||54|||6|||2
=|||174|||54|||10|||2
=|||175|||54|||14|||2
=|||176|||54|||18|||2
0|||68|||54|||19|||2
-|||27|||54|||32|||2
+|||39|||54|||40|||2
=|||177|||55|||2|||2
=|||178|||55|||6|||2
0|||69|||55|||7|||2
>|||15|||55|||12|||2
0|||70|||55|||13|||2
%|||13|||55|||19|||2
/=|||8|||55|||23|||2
=|||179|||56|||2|||2
=|||180|||56|||11|||2
=|||181|||56|||15|||2
0|||71|||56|||16|||2
.|||87|||56|||23|||2
length|||33|||56|||24|||2
(|||132|||56|||25|||2
=|||182|||57|||2|||2
=|||183|||57|||9|||2
0|||72|||57|||10|||2
.|||89|||57|||17|||2
length|||34|||57|||18|||2
(|||136|||57|||19|||2
-|||28|||57|||39|||2
=|||184|||58|||2|||2
=|||185|||58|||14|||2
=|||186|||58|||18|||2
/|||10|||58|||26|||2
%|||14|||58|||33|||2
0|||73|||58|||36|||2
0|||74|||58|||40|||2
=|||188|||59|||2|||2
=|||189|||59|||6|||2
=|||190|||59|||10|||2
>|||16|||59|||13|||2
%|||15|||59|||24|||2
0|||75|||59|||27|||2
%|||16|||59|||30|||2
0|||76|||59|||33|||2
1|||1|||0|||5|||3
5|||1|||0|||9|||3
sum|||1|||1|||1|||3
1|||2|||1|||10|||3
5|||2|||1|||14|||3
sum|||2|||1|||19|||3
2|||1|||2|||5|||3
10|||1|||2|||9|||3
2|||2|||2|||13|||3
1|||3|||3|||5|||3
10|||2|||3|||9|||3
2|||3|||3|||13|||3
fact|||1|||4|||1|||3
1|||4|||4|||3|||3
1|||5|||4|||10|||3
5|||3|||4|||14|||3
fact|||2|||4|||19|||3
arr|||1|||5|||3|||3
1|||6|||5|||6|||3
2|||4|||5|||8|||3
3|||1|||5|||10|||3
4|||1|||5|||12|||3
5|||4|||5|||14|||3
arr|||2|||5|||26|||3
arr|||3|||5|||39|||3
arr|||4|||6|||5|||3
arr|||5|||6|||24|||3
sum|||3|||7|||1|||3
arr|||6|||7|||14|||3
sum|||4|||7|||21|||3
arr|||7|||7|||23|||3
a|||1|||8|||1|||3
b|||1|||8|||5|||3
1|||8|||8|||7|||3
c|||1|||8|||9|||3
5|||5|||8|||20|||3
a|||2|||8|||32|||3
c|||2|||8|||38|||3
a|||3|||8|||40|||3
b|||2|||8|||42|||3
a|||4|||8|||44|||3
b|||3|||8|||46|||3
b|||4|||8|||48|||3
c|||3|||8|||50|||3
num|||1|||9|||1|||3
12345|||1|||9|||3|||3
count|||1|||9|||5|||3
num|||2|||9|||12|||3
num|||3|||9|||16|||3
10|||3|||9|||18|||3
count|||2|||9|||20|||3
rev|||1|||10|||1|||3
num|||4|||10|||5|||3
1234|||1|||10|||7|||3
num|||5|||10|||12|||3
num|||6|||10|||16|||3
10|||4|||10|||18|||3
rev|||2|||10|||20|||3
rev|||3|||10|||22|||3
10|||5|||10|||24|||3
num|||7|||10|||26|||3
10|||6|||10|||28|||3
max|||1|||11|||1|||3
arr|||8|||11|||3|||3
1|||9|||11|||13|||3
arr|||9|||11|||17|||3
arr|||10|||11|||26|||3
max|||2|||11|||31|||3
max|||3|||11|||33|||3
arr|||11|||11|||35|||3
min|||1|||12|||1|||3
arr|||12|||12|||3|||3
1|||10|||12|||13|||3
arr|||13|||12|||17|||3
arr|||14|||12|||26|||3
min|||2|||12|||31|||3
min|||3|||12|||33|||3
arr|||15|||12|||35|||3
a|||5|||13|||1|||3
24|||1|||13|||3|||3
b|||5|||13|||5|||3
36|||1|||13|||7|||3
t|||1|||13|||12|||3
b|||6|||13|||14|||3
b|||7|||13|||20|||3
b|||8|||13|||22|||3
a|||6|||13|||24|||3
b|||9|||13|||26|||3
a|||7|||13|||28|||3
t|||3|||13|||30|||3
n|||1|||14|||1|||3
17|||1|||14|||3|||3
flag|||1|||14|||5|||3
1|||11|||14|||7|||3
2|||5|||14|||14|||3
n|||2|||14|||18|||3
2|||6|||14|||20|||3
n|||3|||14|||27|||3
flag|||2|||14|||33|||3
temp|||1|||15|||7|||3
arr|||16|||15|||11|||3
2|||7|||15|||15|||3
temp|||2|||15|||21|||3
arr|||17|||15|||23|||3
arr|||18|||15|||28|||3
arr|||19|||15|||33|||3
arr|||20|||15|||35|||3
length|||7|||15|||37|||3
1|||12|||15|||41|||3
arr|||21|||15|||44|||3
arr|||22|||15|||46|||3
1|||13|||15|||52|||3
temp|||3|||15|||55|||3
str|||1|||16|||1|||3
"|||13|||16|||3|||3
hello|||1|||16|||4|||3
vc|||1|||16|||8|||3
str|||2|||16|||21|||3
aeiou|||1|||16|||33|||3
str|||3|||16|||38|||3
vc|||2|||16|||49|||3
num|||8|||17|||1|||3
121|||1|||17|||3|||3
rev|||4|||17|||5|||3
temp|||4|||17|||9|||3
num|||9|||17|||11|||3
temp|||5|||17|||16|||3
temp|||6|||17|||20|||3
10|||7|||17|||22|||3
rev|||5|||17|||24|||3
rev|||6|||17|||26|||3
10|||8|||17|||28|||3
temp|||7|||17|||30|||3
10|||9|||17|||32|||3
x|||1|||18|||1|||3
2|||8|||18|||3|||3
y|||1|||18|||5|||3
3|||2|||18|||7|||3
res|||1|||18|||9|||3
1|||15|||18|||11|||3
y|||2|||18|||22|||3
res|||2|||18|||27|||3
x|||2|||18|||29|||3
s|||1|||19|||1|||3
abc|||1|||19|||4|||3
s|||2|||19|||16|||3
s|||3|||19|||34|||3
arr|||23|||20|||9|||3
arr|||24|||20|||27|||3
1|||17|||20|||33|||3
arr|||25|||20|||40|||3
arr|||26|||20|||45|||3
1|||18|||20|||49|||3
t|||4|||20|||54|||3
arr|||27|||20|||56|||3
arr|||28|||20|||61|||3
arr|||29|||20|||66|||3
1|||19|||20|||70|||3
arr|||30|||20|||73|||3
1|||20|||20|||77|||3
t|||5|||20|||80|||3
arr|||31|||21|||9|||3
min|||4|||21|||20|||3
1|||22|||21|||31|||3
arr|||32|||21|||35|||3
arr|||33|||21|||44|||3
arr|||34|||21|||49|||3
min|||5|||21|||51|||3
min|||6|||21|||54|||3
t|||6|||21|||59|||3
arr|||35|||21|||61|||3
arr|||36|||21|||66|||3
arr|||37|||21|||71|||3
min|||7|||21|||73|||3
arr|||38|||21|||76|||3
min|||8|||21|||78|||3
t|||7|||21|||81|||3
1|||23|||22|||5|||3
arr|||39|||22|||9|||3
key|||1|||22|||18|||3
arr|||40|||22|||20|||3
1|||24|||22|||29|||3
arr|||41|||22|||37|||3
key|||2|||22|||42|||3
arr|||42|||22|||44|||3
1|||25|||22|||48|||3
arr|||43|||22|||51|||3
arr|||44|||22|||57|||3
1|||26|||22|||61|||3
key|||3|||22|||64|||3
5|||6|||23|||9|||3
c|||4|||23|||16|||3
1|||27|||23|||18|||3
c|||5|||23|||41|||3
c|||6|||23|||47|||3
c|||7|||23|||49|||3
1|||28|||23|||60|||3
n|||4|||24|||1|||3
5|||7|||24|||3|||3
r|||1|||24|||5|||3
2|||9|||24|||7|||3
num|||10|||24|||9|||3
1|||29|||24|||11|||3
den|||1|||24|||13|||3
1|||30|||24|||15|||3
r|||2|||24|||26|||3
num|||11|||24|||32|||3
n|||5|||24|||35|||3
den|||2|||24|||40|||3
1|||31|||24|||45|||3
num|||12|||24|||55|||3
den|||3|||24|||57|||3
num|||13|||25|||1|||3
123|||1|||25|||3|||3
sum|||5|||25|||5|||3
num|||14|||25|||12|||3
num|||15|||25|||16|||3
10|||10|||25|||18|||3
sum|||6|||25|||20|||3
num|||16|||25|||22|||3
10|||11|||25|||24|||3
str|||4|||26|||1|||3
Hello|||1|||26|||4|||3
world|||1|||26|||5|||3
Java|||1|||26|||6|||3
wc|||1|||26|||10|||3
1|||32|||26|||12|||3
str|||5|||26|||23|||3
str|||6|||26|||34|||3
wc|||2|||26|||44|||3
str|||7|||27|||1|||3
hello|||2|||27|||4|||3
str|||8|||27|||16|||3
str|||9|||27|||35|||3
32|||1|||27|||42|||3
2|||10|||28|||5|||3
50|||1|||28|||9|||3
f|||1|||28|||16|||3
1|||33|||28|||18|||3
2|||11|||28|||25|||3
2|||12|||28|||31|||3
f|||2|||28|||44|||3
f|||3|||28|||50|||3
1|||34|||28|||52|||3
a|||8|||29|||1|||3
12|||1|||29|||3|||3
b|||10|||29|||5|||3
18|||1|||29|||7|||3
lcm|||1|||29|||9|||3
a|||9|||29|||12|||3
b|||11|||29|||14|||3
a|||10|||29|||17|||3
b|||12|||29|||19|||3
lcm|||2|||29|||24|||3
a|||11|||29|||26|||3
lcm|||3|||29|||30|||3
b|||13|||29|||32|||3
lcm|||4|||29|||36|||3
lcm|||5|||29|||46|||3
1|||35|||30|||3|||3
5|||8|||30|||9|||3
sum|||7|||31|||1|||3
1|||36|||31|||7|||3
5|||9|||31|||13|||3
sum|||8|||31|||16|||3
2|||13|||32|||3|||3
10|||12|||32|||9|||3
2|||14|||32|||26|||3
1|||37|||33|||3|||3
10|||13|||33|||9|||3
2|||15|||33|||26|||3
fact|||3|||34|||1|||3
1|||38|||34|||3|||3
1|||39|||34|||7|||3
5|||10|||34|||13|||3
fact|||4|||34|||16|||3
arr|||45|||35|||3|||3
1|||40|||35|||6|||3
2|||16|||35|||8|||3
3|||3|||35|||10|||3
4|||2|||35|||12|||3
5|||11|||35|||14|||3
arr|||46|||35|||26|||3
arr|||47|||35|||37|||3
arr|||48|||36|||3|||3
arr|||49|||36|||22|||3
sum|||9|||37|||1|||3
arr|||50|||37|||13|||3
sum|||10|||37|||18|||3
arr|||51|||37|||20|||3
a|||12|||38|||1|||3
b|||14|||38|||5|||3
1|||42|||38|||7|||3
c|||8|||38|||9|||3
5|||12|||38|||19|||3
a|||13|||38|||28|||3
c|||9|||38|||34|||3
a|||14|||38|||36|||3
b|||15|||38|||38|||3
a|||15|||38|||40|||3
b|||16|||38|||42|||3
b|||17|||38|||44|||3
c|||10|||38|||46|||3
num|||17|||39|||1|||3
12345|||2|||39|||3|||3
count|||3|||39|||5|||3
num|||18|||39|||11|||3
count|||4|||39|||16|||3
num|||19|||39|||19|||3
10|||14|||39|||21|||3
rev|||7|||40|||1|||3
num|||20|||40|||5|||3
1234|||2|||40|||7|||3
num|||21|||40|||11|||3
rev|||8|||40|||16|||3
rev|||9|||40|||18|||3
10|||15|||40|||20|||3
num|||22|||40|||22|||3
10|||16|||40|||24|||3
num|||23|||40|||26|||3
10|||17|||40|||28|||3
max|||4|||41|||1|||3
arr|||52|||41|||3|||3
1|||43|||41|||10|||3
arr|||53|||41|||16|||3
arr|||54|||41|||23|||3
max|||5|||41|||28|||3
max|||6|||41|||30|||3
arr|||55|||41|||32|||3
min|||9|||42|||1|||3
arr|||56|||42|||3|||3
1|||44|||42|||10|||3
arr|||57|||42|||16|||3
arr|||58|||42|||23|||3
min|||10|||42|||28|||3
min|||11|||42|||30|||3
arr|||59|||42|||32|||3
a|||16|||43|||1|||3
24|||2|||43|||3|||3
b|||18|||43|||5|||3
36|||2|||43|||7|||3
t|||8|||43|||9|||3
b|||19|||43|||13|||3
t|||9|||43|||18|||3
b|||20|||43|||20|||3
b|||21|||43|||22|||3
a|||17|||43|||24|||3
b|||22|||43|||26|||3
a|||18|||43|||28|||3
t|||10|||43|||30|||3
n|||6|||44|||1|||3
17|||2|||44|||3|||3
flag|||3|||44|||5|||3
1|||45|||44|||7|||3
2|||17|||44|||11|||3
n|||7|||44|||17|||3
2|||18|||44|||19|||3
n|||8|||44|||24|||3
flag|||4|||44|||30|||3
temp|||8|||45|||5|||3
arr|||60|||45|||11|||3
2|||19|||45|||15|||3
temp|||9|||45|||18|||3
arr|||61|||45|||20|||3
arr|||62|||45|||25|||3
arr|||63|||45|||30|||3
arr|||64|||45|||32|||3
length|||24|||45|||34|||3
1|||46|||45|||38|||3
arr|||65|||45|||41|||3
arr|||66|||45|||43|||3
length|||25|||45|||45|||3
1|||47|||45|||49|||3
temp|||10|||45|||52|||3
str|||10|||46|||1|||3
"|||41|||46|||3|||3
hello|||3|||46|||4|||3
vc|||3|||46|||8|||3
str|||11|||46|||20|||3
aeiou|||2|||46|||30|||3
str|||12|||46|||35|||3
vc|||4|||46|||46|||3
num|||24|||47|||1|||3
121|||2|||47|||3|||3
rev|||10|||47|||5|||3
temp|||11|||47|||9|||3
num|||25|||47|||11|||3
temp|||12|||47|||15|||3
rev|||11|||47|||20|||3
rev|||12|||47|||22|||3
10|||18|||47|||24|||3
temp|||13|||47|||26|||3
10|||19|||47|||28|||3
10|||20|||47|||32|||3
x|||3|||48|||1|||3
2|||20|||48|||3|||3
y|||3|||48|||5|||3
3|||4|||48|||7|||3
res|||3|||48|||9|||3
1|||49|||48|||11|||3
y|||4|||48|||21|||3
res|||4|||48|||24|||3
x|||4|||48|||26|||3
s|||4|||49|||1|||3
abc|||2|||49|||4|||3
s|||5|||49|||16|||3
s|||6|||49|||32|||3
arr|||67|||50|||9|||3
arr|||68|||50|||25|||3
1|||51|||50|||31|||3
arr|||69|||50|||36|||3
arr|||70|||50|||41|||3
1|||52|||50|||45|||3
t|||11|||50|||50|||3
arr|||71|||50|||52|||3
arr|||72|||50|||57|||3
arr|||73|||50|||62|||3
1|||53|||50|||66|||3
arr|||74|||50|||69|||3
1|||54|||50|||73|||3
t|||12|||50|||76|||3
arr|||75|||51|||9|||3
min|||12|||51|||17|||3
1|||56|||51|||25|||3
arr|||76|||51|||31|||3
arr|||77|||51|||38|||3
arr|||78|||51|||43|||3
min|||13|||51|||45|||3
min|||14|||51|||48|||3
t|||13|||51|||57|||3
arr|||79|||51|||59|||3
arr|||80|||51|||64|||3
arr|||81|||51|||69|||3
min|||15|||51|||71|||3
arr|||82|||51|||74|||3
min|||16|||51|||76|||3
t|||14|||51|||79|||3
1|||57|||52|||3|||3
arr|||83|||52|||9|||3
key|||4|||52|||15|||3
arr|||84|||52|||17|||3
1|||58|||52|||26|||3
arr|||85|||52|||34|||3
key|||5|||52|||39|||3
arr|||86|||52|||42|||3
1|||59|||52|||46|||3
arr|||87|||52|||49|||3
arr|||88|||52|||58|||3
1|||60|||52|||62|||3
key|||6|||52|||65|||3
5|||13|||53|||9|||3
c|||11|||53|||13|||3
1|||61|||53|||15|||3
c|||12|||53|||34|||3
c|||13|||53|||40|||3
c|||14|||53|||42|||3
1|||62|||53|||53|||3
n|||9|||54|||1|||3
5|||14|||54|||3|||3
r|||3|||54|||5|||3
2|||21|||54|||7|||3
num|||26|||54|||9|||3
1|||63|||54|||11|||3
den|||4|||54|||13|||3
1|||64|||54|||15|||3
r|||4|||54|||25|||3
num|||27|||54|||28|||3
n|||10|||54|||31|||3
den|||5|||54|||36|||3
1|||65|||54|||41|||3
num|||28|||54|||54|||3
den|||6|||54|||56|||3
num|||29|||55|||1|||3
123|||2|||55|||3|||3
sum|||11|||55|||5|||3
num|||30|||55|||11|||3
sum|||12|||55|||16|||3
num|||31|||55|||18|||3
10|||21|||55|||20|||3
num|||32|||55|||22|||3
10|||22|||55|||24|||3
str|||13|||56|||1|||3
Hello|||2|||56|||4|||3
world|||2|||56|||5|||3
Java|||2|||56|||6|||3
wc|||3|||56|||10|||3
1|||66|||56|||12|||3
str|||14|||56|||22|||3
str|||15|||56|||31|||3
wc|||4|||56|||41|||3
str|||16|||57|||1|||3
hello|||4|||57|||4|||3
str|||17|||57|||16|||3
str|||18|||57|||33|||3
32|||2|||57|||40|||3
2|||22|||58|||3|||3
50|||2|||58|||9|||3
f|||4|||58|||13|||3
1|||67|||58|||15|||3
2|||23|||58|||19|||3
2|||24|||58|||27|||3
f|||5|||58|||38|||3
f|||6|||58|||48|||3
1|||68|||58|||50|||3
a|||19|||59|||1|||3
12|||2|||59|||3|||3
b|||23|||59|||5|||3
18|||2|||59|||7|||3
lcm|||6|||59|||9|||3
a|||20|||59|||12|||3
b|||24|||59|||14|||3
a|||21|||59|||17|||3
b|||25|||59|||19|||3
lcm|||7|||59|||23|||3
a|||22|||59|||25|||3
lcm|||8|||59|||29|||3
b|||26|||59|||31|||3
lcm|||9|||59|||35|||3
lcm|||10|||59|||44|||3
;|||3|||0|||25|||4
;|||7|||1|||22|||4
;|||10|||2|||26|||4
;|||13|||3|||26|||4
;|||17|||4|||22|||4
;|||21|||5|||47|||4
;|||24|||6|||32|||4
;|||28|||7|||27|||4
;|||35|||8|||51|||4
}|||2|||8|||52|||4
;|||39|||9|||22|||4
;|||43|||10|||29|||4
;|||47|||11|||39|||4
;|||51|||12|||39|||4
;|||55|||13|||32|||4
;|||59|||14|||36|||4
;|||64|||15|||56|||4
}|||3|||15|||57|||4
;|||69|||16|||51|||4
;|||73|||17|||33|||4
;|||77|||18|||30|||4
;|||81|||19|||44|||4
;|||88|||20|||81|||4
}|||4|||20|||82|||4
;|||94|||21|||57|||4
;|||97|||21|||82|||4
}|||5|||21|||83|||4
;|||101|||22|||56|||4
;|||102|||22|||65|||4
}|||6|||22|||66|||4
;|||109|||23|||62|||4
}|||7|||23|||63|||4
;|||110|||23|||71|||4
}|||8|||23|||72|||4
;|||115|||24|||47|||4
}|||9|||24|||48|||4
;|||116|||24|||59|||4
;|||120|||25|||25|||4
;|||125|||26|||46|||4
;|||129|||27|||45|||4
;|||135|||28|||47|||4
;|||136|||28|||65|||4
}|||10|||28|||66|||4
;|||141|||29|||48|||4
;|||143|||30|||23|||4
;|||144|||30|||26|||4
}|||11|||30|||27|||4
;|||147|||31|||22|||4
}|||12|||31|||23|||4
;|||149|||32|||23|||4
;|||150|||32|||27|||4
}|||13|||32|||28|||4
;|||152|||33|||23|||4
;|||153|||33|||27|||4
}|||14|||33|||28|||4
;|||156|||34|||22|||4
}|||15|||34|||23|||4
;|||159|||35|||45|||4
;|||160|||35|||48|||4
}|||17|||35|||49|||4
;|||162|||36|||30|||4
;|||163|||36|||33|||4
}|||18|||36|||34|||4
;|||165|||37|||24|||4
;|||166|||37|||27|||4
}|||19|||37|||28|||4
;|||171|||38|||47|||4
;|||172|||38|||50|||4
}|||20|||38|||51|||4
;|||175|||39|||22|||4
}|||21|||39|||23|||4
;|||178|||40|||29|||4
}|||22|||40|||30|||4
;|||180|||41|||36|||4
;|||181|||41|||39|||4
}|||23|||41|||40|||4
;|||183|||42|||36|||4
;|||184|||42|||39|||4
}|||24|||42|||40|||4
;|||187|||43|||27|||4
;|||188|||43|||31|||4
}|||25|||43|||32|||4
;|||190|||44|||33|||4
;|||191|||44|||36|||4
}|||26|||44|||37|||4
;|||195|||45|||53|||4
;|||196|||45|||56|||4
}|||27|||45|||57|||4
;|||199|||46|||48|||4
;|||200|||46|||51|||4
}|||28|||46|||52|||4
;|||203|||47|||33|||4
}|||29|||47|||34|||4
;|||206|||48|||30|||4
}|||30|||48|||31|||4
;|||209|||49|||42|||4
;|||210|||49|||45|||4
}|||31|||49|||46|||4
;|||215|||50|||77|||4
}|||32|||50|||78|||4
;|||216|||50|||81|||4
}|||33|||50|||82|||4
;|||217|||50|||85|||4
}|||34|||50|||86|||4
;|||221|||51|||54|||4
}|||35|||51|||55|||4
;|||224|||51|||80|||4
;|||225|||51|||83|||4
}|||36|||51|||84|||4
;|||229|||52|||56|||4
}|||37|||52|||57|||4
;|||230|||52|||66|||4
;|||231|||52|||69|||4
}|||38|||52|||70|||4
;|||236|||53|||58|||4
}|||39|||53|||59|||4
;|||237|||53|||67|||4
;|||238|||53|||70|||4
}|||40|||53|||71|||4
;|||242|||54|||46|||4
}|||41|||54|||47|||4
;|||243|||54|||58|||4
;|||246|||55|||25|||4
}|||42|||55|||26|||4
;|||249|||56|||43|||4
;|||250|||56|||46|||4
}|||43|||56|||47|||4
;|||253|||57|||43|||4
;|||254|||57|||46|||4
}|||44|||57|||47|||4
;|||258|||58|||44|||4
}|||45|||58|||45|||4
;|||259|||58|||63|||4
;|||260|||58|||66|||4
}|||46|||58|||67|||4
;|||262|||59|||37|||4
int|||1|||0|||2|||5
int|||2|||1|||0|||5
int|||3|||1|||7|||5
int|||4|||2|||2|||5
int|||5|||3|||2|||5
int|||6|||4|||0|||5
int|||7|||4|||7|||5
int|||8|||5|||0|||5
int|||9|||5|||19|||5
int|||10|||6|||2|||5
int|||11|||7|||0|||5
int|||12|||7|||7|||5
int|||13|||8|||0|||5
int|||14|||8|||13|||5
int|||15|||9|||0|||5
int|||16|||10|||0|||5
int|||17|||11|||0|||5
int|||18|||11|||10|||5
int|||19|||12|||0|||5
int|||20|||12|||10|||5
int|||21|||13|||0|||5
int|||22|||13|||11|||5
int|||23|||14|||0|||5
int|||24|||14|||11|||5
int|||25|||15|||2|||5
String|||1|||16|||0|||5
int|||26|||16|||7|||5
int|||27|||16|||14|||5
int|||28|||17|||0|||5
int|||29|||18|||0|||5
int|||30|||18|||15|||5
String|||2|||19|||0|||5
int|||31|||19|||9|||5
int|||32|||19|||32|||5
int|||33|||20|||2|||5
int|||34|||20|||20|||5
int|||35|||20|||53|||5
int|||36|||21|||2|||5
int|||37|||21|||19|||5
int|||38|||21|||26|||5
int|||39|||21|||58|||5
int|||40|||22|||2|||5
int|||41|||22|||17|||5
int|||42|||23|||2|||5
int|||43|||23|||15|||5
int|||44|||23|||22|||5
int|||45|||24|||0|||5
int|||46|||24|||19|||5
int|||47|||25|||0|||5
String|||3|||26|||0|||5
int|||48|||26|||9|||5
int|||49|||26|||16|||5
String|||4|||27|||0|||5
int|||50|||27|||9|||5
int|||51|||28|||2|||5
int|||52|||28|||15|||5
int|||53|||28|||22|||5
int|||54|||29|||0|||5
int|||55|||30|||0|||5
int|||56|||31|||0|||5
int|||57|||32|||0|||5
int|||58|||33|||0|||5
int|||59|||34|||0|||5
int|||60|||35|||0|||5
int|||61|||35|||17|||5
int|||62|||36|||0|||5
int|||63|||37|||0|||5
int|||64|||38|||0|||5
int|||65|||39|||0|||5
int|||66|||40|||0|||5
int|||67|||41|||0|||5
int|||68|||42|||0|||5
int|||69|||43|||0|||5
int|||70|||44|||0|||5
int|||71|||45|||0|||5
String|||5|||46|||0|||5
int|||72|||46|||7|||5
int|||73|||47|||0|||5
int|||74|||48|||0|||5
String|||6|||49|||0|||5
int|||75|||49|||7|||5
int|||76|||49|||30|||5
int|||77|||50|||0|||5
int|||78|||50|||16|||5
int|||79|||50|||49|||5
int|||80|||51|||0|||5
int|||81|||51|||16|||5
int|||82|||51|||56|||5
int|||83|||52|||0|||5
int|||84|||52|||14|||5
int|||85|||53|||0|||5
int|||86|||53|||12|||5
int|||87|||54|||0|||5
int|||88|||55|||0|||5
String|||7|||56|||0|||5
int|||89|||56|||9|||5
String|||8|||57|||0|||5
int|||90|||57|||7|||5
int|||91|||58|||0|||5
int|||92|||58|||12|||5
int|||93|||59|||0|||5
)|||1|||0|||13|||6
)|||3|||1|||18|||6
)|||4|||2|||14|||6
)|||6|||3|||14|||6
)|||8|||4|||18|||6
)|||9|||5|||32|||6
)|||11|||6|||17|||6
)|||13|||7|||20|||6
)|||14|||8|||24|||6
{|||2|||8|||25|||6
)|||16|||9|||19|||6
)|||17|||10|||19|||6
)|||18|||11|||23|||6
)|||20|||12|||23|||6
)|||23|||14|||24|||6
)|||25|||15|||19|||6
{|||3|||15|||20|||6
)|||27|||16|||29|||6
)|||31|||17|||23|||6
)|||32|||18|||26|||6
)|||34|||19|||24|||6
)|||38|||20|||17|||6
)|||39|||20|||37|||6
)|||40|||20|||51|||6
{|||4|||20|||52|||6
)|||41|||21|||17|||6
{|||5|||21|||18|||6
)|||42|||21|||41|||6
)|||44|||22|||15|||6
{|||6|||22|||16|||6
)|||45|||22|||43|||6
)|||46|||23|||13|||6
{|||7|||23|||14|||6
)|||47|||23|||33|||6
{|||8|||23|||34|||6
)|||52|||24|||30|||6
{|||9|||24|||31|||6
)|||56|||25|||19|||6
)|||58|||26|||31|||6
)|||62|||27|||24|||6
)|||67|||28|||13|||6
{|||10|||28|||14|||6
)|||68|||28|||35|||6
)|||73|||29|||38|||6
;|||140|||29|||39|||6
)|||75|||30|||10|||6
{|||11|||30|||11|||6
)|||77|||31|||14|||6
{|||12|||31|||15|||6
)|||78|||32|||10|||6
{|||13|||32|||11|||6
)|||80|||33|||10|||6
{|||14|||33|||11|||6
)|||82|||34|||14|||6
{|||15|||34|||15|||6
)|||83|||35|||29|||6
{|||17|||35|||30|||6
)|||85|||36|||14|||6
{|||18|||36|||15|||6
)|||87|||37|||16|||6
{|||19|||37|||17|||6
)|||88|||38|||20|||6
{|||20|||38|||21|||6
)|||90|||39|||14|||6
{|||21|||39|||15|||6
)|||91|||40|||14|||6
{|||22|||40|||15|||6
)|||92|||41|||19|||6
{|||23|||41|||20|||6
)|||94|||42|||19|||6
{|||24|||42|||20|||6
)|||96|||43|||16|||6
{|||25|||43|||17|||6
)|||97|||44|||20|||6
{|||26|||44|||21|||6
)|||99|||45|||16|||6
{|||27|||45|||17|||6
)|||101|||46|||25|||6
{|||28|||46|||26|||6
)|||105|||47|||18|||6
{|||29|||47|||19|||6
)|||106|||48|||22|||6
{|||30|||48|||23|||6
)|||108|||49|||21|||6
{|||31|||49|||22|||6
)|||112|||50|||14|||6
{|||32|||50|||15|||6
)|||113|||50|||32|||6
{|||33|||50|||33|||6
{|||34|||50|||48|||6
)|||115|||51|||14|||6
{|||35|||51|||15|||6
)|||116|||51|||34|||6
{|||36|||51|||35|||6
)|||118|||52|||12|||6
{|||37|||52|||13|||6
)|||119|||52|||40|||6
{|||38|||52|||41|||6
)|||120|||53|||10|||6
{|||39|||53|||11|||6
)|||121|||53|||26|||6
{|||40|||53|||27|||6
)|||126|||54|||26|||6
{|||41|||54|||27|||6
)|||130|||55|||14|||6
{|||42|||55|||15|||6
)|||132|||56|||27|||6
{|||43|||56|||28|||6
)|||136|||57|||21|||6
{|||44|||57|||22|||6
)|||141|||58|||10|||6
{|||45|||58|||11|||6
)|||142|||58|||28|||6
{|||46|||58|||29|||6
)|||147|||59|||34|||6
for|||1|||0|||0|||7
(|||1|||0|||1|||7
for|||2|||1|||5|||7
(|||3|||1|||6|||7
for|||3|||2|||0|||7
(|||4|||2|||1|||7
for|||4|||3|||0|||7
(|||6|||3|||1|||7
for|||5|||4|||5|||7
(|||8|||4|||6|||7
for|||6|||5|||17|||7
(|||9|||5|||18|||7
for|||7|||6|||0|||7
(|||11|||6|||1|||7
for|||8|||7|||5|||7
(|||13|||7|||6|||7
for|||9|||8|||11|||7
(|||14|||8|||12|||7
for|||10|||9|||9|||7
(|||16|||9|||10|||7
for|||11|||10|||9|||7
(|||17|||10|||10|||7
for|||12|||11|||8|||7
(|||18|||11|||9|||7
if|||1|||11|||24|||7
(|||19|||11|||25|||7
for|||13|||12|||8|||7
(|||20|||12|||9|||7
if|||2|||12|||24|||7
(|||21|||12|||25|||7
for|||14|||13|||9|||7
(|||22|||13|||10|||7
for|||15|||14|||9|||7
(|||23|||14|||10|||7
if|||3|||14|||25|||7
(|||24|||14|||26|||7
for|||16|||15|||0|||7
(|||25|||15|||1|||7
for|||17|||16|||12|||7
(|||26|||16|||13|||7
if|||4|||16|||30|||7
(|||28|||16|||31|||7
for|||18|||17|||13|||7
(|||31|||17|||14|||7
for|||19|||18|||13|||7
(|||32|||18|||14|||7
for|||20|||19|||7|||7
(|||33|||19|||8|||7
for|||21|||20|||0|||7
(|||38|||20|||1|||7
for|||22|||20|||18|||7
(|||39|||20|||19|||7
if|||5|||20|||38|||7
(|||40|||20|||39|||7
for|||23|||21|||0|||7
(|||41|||21|||1|||7
for|||24|||21|||24|||7
(|||42|||21|||25|||7
if|||6|||21|||42|||7
(|||43|||21|||43|||7
for|||25|||22|||0|||7
(|||44|||22|||1|||7
while|||1|||22|||31|||7
(|||45|||22|||32|||7
for|||26|||23|||0|||7
(|||46|||23|||1|||7
for|||27|||23|||20|||7
(|||47|||23|||21|||7
for|||28|||24|||17|||7
(|||52|||24|||18|||7
for|||29|||25|||9|||7
(|||56|||25|||10|||7
for|||30|||26|||14|||7
(|||57|||26|||15|||7
if|||7|||26|||32|||7
(|||59|||26|||33|||7
for|||31|||27|||7|||7
(|||61|||27|||8|||7
for|||32|||28|||0|||7
(|||67|||28|||1|||7
for|||33|||28|||20|||7
(|||68|||28|||21|||7
if|||8|||28|||36|||7
(|||69|||28|||37|||7
(|||70|||28|||49|||7
for|||34|||29|||21|||7
(|||73|||29|||22|||7
while|||2|||30|||5|||7
(|||75|||30|||6|||7
while|||3|||31|||9|||7
(|||77|||31|||10|||7
while|||4|||32|||5|||7
(|||78|||32|||6|||7
while|||5|||33|||5|||7
(|||80|||33|||6|||7
while|||6|||34|||9|||7
(|||82|||34|||10|||7
while|||7|||35|||22|||7
(|||83|||35|||23|||7
while|||8|||36|||9|||7
(|||85|||36|||10|||7
while|||9|||37|||9|||7
(|||87|||37|||10|||7
while|||10|||38|||15|||7
(|||88|||38|||16|||7
while|||11|||39|||9|||7
(|||90|||39|||10|||7
while|||12|||40|||9|||7
(|||91|||40|||10|||7
while|||13|||41|||12|||7
(|||92|||41|||13|||7
if|||10|||41|||21|||7
(|||93|||41|||22|||7
while|||14|||42|||12|||7
(|||94|||42|||13|||7
if|||11|||42|||21|||7
(|||95|||42|||22|||7
while|||15|||43|||11|||7
(|||96|||43|||12|||7
while|||16|||44|||13|||7
(|||97|||44|||14|||7
if|||12|||44|||22|||7
(|||98|||44|||23|||7
while|||17|||45|||7|||7
(|||99|||45|||8|||7
while|||18|||46|||16|||7
(|||100|||46|||17|||7
if|||13|||46|||27|||7
(|||102|||46|||28|||7
while|||19|||47|||13|||7
(|||105|||47|||14|||7
while|||20|||48|||17|||7
(|||106|||48|||18|||7
while|||21|||49|||12|||7
(|||107|||49|||13|||7
while|||22|||50|||5|||7
(|||112|||50|||6|||7
while|||23|||50|||21|||7
(|||113|||50|||22|||7
if|||14|||50|||34|||7
(|||114|||50|||35|||7
while|||24|||51|||5|||7
(|||115|||51|||6|||7
while|||25|||51|||27|||7
(|||116|||51|||28|||7
if|||15|||51|||36|||7
(|||117|||51|||37|||7
while|||26|||52|||5|||7
(|||118|||52|||6|||7
while|||27|||52|||28|||7
(|||119|||52|||29|||7
while|||28|||53|||5|||7
(|||120|||53|||6|||7
while|||29|||53|||21|||7
(|||121|||53|||22|||7
while|||30|||54|||21|||7
(|||126|||54|||22|||7
while|||31|||55|||9|||7
(|||130|||55|||10|||7
while|||32|||56|||18|||7
(|||131|||56|||19|||7
if|||16|||56|||29|||7
(|||133|||56|||30|||7
while|||33|||57|||12|||7
(|||135|||57|||13|||7
while|||34|||58|||5|||7
(|||141|||58|||6|||7
while|||35|||58|||21|||7
(|||142|||58|||22|||7
if|||17|||58|||30|||7
(|||143|||58|||31|||7
(|||144|||58|||47|||7
while|||36|||59|||21|||7
(|||147|||59|||22|||7
;|||1|||0|||6|||8
<=|||1|||0|||8|||8
;|||5|||1|||11|||8
<=|||2|||1|||13|||8
;|||8|||2|||6|||8
<=|||3|||2|||8|||8
;|||11|||3|||6|||8
<=|||4|||3|||8|||8
;|||15|||4|||11|||8
<=|||5|||4|||13|||8
;|||19|||5|||23|||8
<|||1|||5|||25|||8
;|||22|||6|||10|||8
>=|||1|||6|||12|||8
;|||26|||7|||11|||8
<|||2|||7|||13|||8
;|||30|||8|||17|||8
<|||3|||8|||19|||8
;|||37|||9|||11|||8
;|||41|||10|||11|||8
;|||45|||11|||14|||8
<|||4|||11|||16|||8
;|||49|||12|||14|||8
<|||5|||12|||16|||8
<|||6|||12|||30|||8
;|||53|||13|||13|||8
;|||57|||14|||15|||8
<=|||6|||14|||17|||8
;|||60|||15|||8|||8
<|||7|||15|||10|||8
;|||67|||16|||18|||8
<|||8|||16|||20|||8
;|||71|||17|||15|||8
;|||75|||18|||19|||8
<|||9|||18|||21|||8
;|||79|||19|||13|||8
<|||10|||19|||15|||8
;|||82|||20|||6|||8
<|||11|||20|||8|||8
;|||84|||20|||24|||8
<|||12|||20|||26|||8
;|||89|||21|||6|||8
<|||13|||21|||8|||8
;|||92|||21|||32|||8
<|||14|||21|||34|||8
;|||98|||22|||6|||8
<|||16|||22|||8|||8
;|||103|||23|||6|||8
<|||17|||23|||8|||8
;|||106|||23|||26|||8
<=|||7|||23|||28|||8
;|||112|||24|||23|||8
<|||18|||24|||25|||8
;|||118|||25|||11|||8
;|||123|||26|||20|||8
<|||19|||26|||22|||8
;|||127|||27|||13|||8
<|||20|||27|||15|||8
;|||130|||28|||6|||8
<=|||8|||28|||8|||8
;|||133|||28|||26|||8
<=|||9|||28|||28|||8
;|||138|||29|||23|||8
<=|||10|||30|||8|||8
<=|||11|||31|||12|||8
<=|||12|||32|||8|||8
<=|||13|||33|||8|||8
<=|||14|||34|||12|||8
<|||21|||35|||25|||8
<|||22|||37|||12|||8
<|||23|||38|||18|||8
<|||24|||41|||15|||8
<|||25|||42|||15|||8
<|||26|||42|||27|||8
<=|||15|||44|||16|||8
<|||27|||45|||10|||8
<|||28|||46|||19|||8
<|||29|||48|||20|||8
<|||30|||49|||15|||8
<|||31|||50|||8|||8
<|||32|||50|||24|||8
<|||33|||51|||8|||8
<|||34|||51|||30|||8
<|||36|||52|||8|||8
<|||37|||53|||8|||8
<=|||16|||53|||24|||8
<|||38|||54|||24|||8
<|||39|||56|||21|||8
<|||40|||57|||15|||8
<=|||17|||58|||8|||8
<=|||18|||58|||24|||8
;|||2|||0|||10|||9
++|||1|||0|||12|||9
;|||6|||1|||15|||9
++|||2|||1|||17|||9
;|||9|||2|||10|||9
+=|||2|||2|||12|||9
;|||12|||3|||10|||9
+=|||3|||3|||12|||9
;|||16|||4|||15|||9
++|||3|||4|||17|||9
;|||20|||5|||29|||9
++|||4|||5|||31|||9
;|||23|||6|||14|||9
--|||1|||6|||16|||9
;|||27|||7|||17|||9
++|||5|||7|||19|||9
;|||31|||8|||21|||9
++|||6|||8|||23|||9
;|||38|||9|||15|||9
++|||7|||9|||21|||9
;|||42|||10|||15|||9
;|||46|||11|||20|||9
++|||8|||11|||22|||9
;|||50|||12|||20|||9
++|||9|||12|||22|||9
;|||54|||13|||17|||9
;|||58|||14|||21|||9
++|||10|||14|||23|||9
;|||61|||15|||16|||9
++|||11|||15|||18|||9
;|||68|||16|||26|||9
++|||12|||16|||28|||9
++|||13|||16|||50|||9
;|||72|||17|||19|||9
;|||76|||18|||23|||9
++|||14|||18|||25|||9
;|||80|||19|||21|||9
++|||15|||19|||23|||9
;|||83|||20|||14|||9
++|||16|||20|||16|||9
;|||85|||20|||34|||9
++|||17|||20|||36|||9
;|||90|||21|||14|||9
++|||18|||21|||16|||9
;|||93|||21|||38|||9
++|||19|||21|||40|||9
;|||99|||22|||12|||9
++|||20|||22|||14|||9
--|||2|||22|||54|||9
;|||104|||23|||10|||9
++|||21|||23|||12|||9
;|||107|||23|||30|||9
++|||22|||23|||32|||9
;|||113|||24|||27|||9
++|||23|||24|||29|||9
;|||119|||25|||15|||9
;|||124|||26|||28|||9
++|||24|||26|||30|||9
++|||25|||26|||45|||9
;|||128|||27|||21|||9
++|||26|||27|||23|||9
;|||131|||28|||10|||9
++|||27|||28|||12|||9
;|||134|||28|||32|||9
++|||28|||28|||34|||9
;|||139|||29|||35|||9
++|||29|||29|||37|||9
++|||30|||30|||25|||9
++|||31|||31|||21|||9
+=|||7|||32|||25|||9
+=|||8|||33|||25|||9
++|||32|||34|||21|||9
++|||33|||35|||47|||9
--|||3|||36|||32|||9
++|||34|||37|||26|||9
++|||35|||38|||49|||9
++|||36|||39|||17|||9
++|||37|||41|||38|||9
++|||38|||42|||38|||9
++|||39|||44|||35|||9
++|||40|||45|||55|||9
++|||41|||46|||47|||9
++|||42|||46|||50|||9
++|||43|||48|||29|||9
++|||44|||49|||44|||9
++|||45|||50|||80|||9
++|||46|||50|||84|||9
++|||47|||51|||53|||9
++|||48|||51|||82|||9
--|||4|||52|||55|||9
++|||49|||52|||68|||9
++|||50|||53|||57|||9
++|||51|||53|||69|||9
++|||52|||54|||45|||9
++|||53|||56|||42|||9
++|||54|||56|||45|||9
++|||55|||57|||45|||9
++|||56|||58|||43|||9
++|||57|||58|||65|||9
++|||58|||59|||36|||9
