for|||1|||0|||0|||6
(|||1|||0|||1|||6
;|||1|||0|||6|||6
for|||2|||1|||5|||6
(|||3|||1|||6|||6
;|||5|||1|||11|||6
for|||3|||2|||0|||6
(|||4|||2|||1|||6
;|||8|||2|||6|||6
for|||4|||3|||0|||6
(|||6|||3|||1|||6
;|||11|||3|||6|||6
for|||5|||4|||5|||6
(|||8|||4|||6|||6
;|||15|||4|||11|||6
for|||6|||5|||17|||6
(|||9|||5|||18|||6
;|||19|||5|||23|||6
for|||7|||6|||0|||6
(|||11|||6|||1|||6
;|||22|||6|||10|||6
for|||8|||7|||5|||6
(|||13|||7|||6|||6
;|||26|||7|||11|||6
for|||9|||8|||11|||6
(|||14|||8|||12|||6
;|||30|||8|||17|||6
for|||10|||9|||9|||6
(|||16|||9|||10|||6
;|||37|||9|||11|||6
for|||11|||10|||9|||6
(|||17|||10|||10|||6
;|||41|||10|||11|||6
for|||12|||11|||8|||6
(|||18|||11|||9|||6
;|||45|||11|||14|||6
for|||13|||12|||8|||6
(|||20|||12|||9|||6
;|||49|||12|||14|||6
for|||14|||13|||9|||6
(|||22|||13|||10|||6
;|||53|||13|||13|||6
for|||15|||14|||9|||6
(|||23|||14|||10|||6
;|||57|||14|||15|||6
for|||16|||15|||0|||6
(|||25|||15|||1|||6
;|||60|||15|||8|||6
for|||17|||16|||12|||6
(|||26|||16|||13|||6
;|||67|||16|||18|||6
for|||18|||17|||13|||6
(|||31|||17|||14|||6
;|||71|||17|||15|||6
for|||19|||18|||13|||6
(|||32|||18|||14|||6
;|||75|||18|||19|||6
for|||20|||19|||7|||6
(|||33|||19|||8|||6
;|||79|||19|||13|||6
for|||21|||20|||0|||6
(|||38|||20|||1|||6
;|||82|||20|||6|||6
for|||22|||20|||18|||6
(|||39|||20|||19|||6
;|||84|||20|||24|||6
for|||23|||21|||0|||6
(|||41|||21|||1|||6
;|||89|||21|||6|||6
for|||24|||21|||24|||6
(|||42|||21|||25|||6
;|||92|||21|||32|||6
for|||25|||22|||0|||6
(|||44|||22|||1|||6
;|||98|||22|||6|||6
while|||1|||22|||31|||6
for|||26|||23|||0|||6
(|||46|||23|||1|||6
;|||103|||23|||6|||6
for|||27|||23|||20|||6
(|||47|||23|||21|||6
;|||106|||23|||26|||6
for|||28|||24|||17|||6
(|||52|||24|||18|||6
;|||112|||24|||23|||6
for|||29|||25|||9|||6
(|||56|||25|||10|||6
;|||118|||25|||11|||6
for|||30|||26|||14|||6
(|||57|||26|||15|||6
;|||123|||26|||20|||6
for|||31|||27|||7|||6
(|||61|||27|||8|||6
;|||127|||27|||13|||6
for|||32|||28|||0|||6
(|||67|||28|||1|||6
;|||130|||28|||6|||6
for|||33|||28|||20|||6
(|||68|||28|||21|||6
;|||133|||28|||26|||6
for|||34|||29|||21|||6
(|||73|||29|||22|||6
;|||138|||29|||23|||6
while|||2|||30|||5|||6
while|||3|||31|||9|||6
while|||4|||32|||5|||6
while|||5|||33|||5|||6
while|||6|||34|||9|||6
while|||7|||35|||22|||6
while|||8|||36|||9|||6
while|||9|||37|||9|||6
while|||10|||38|||15|||6
while|||11|||39|||9|||6
while|||12|||40|||9|||6
while|||13|||41|||12|||6
while|||14|||42|||12|||6
while|||15|||43|||11|||6
while|||16|||44|||13|||6
while|||17|||45|||7|||6
while|||18|||46|||16|||6
while|||19|||47|||13|||6
while|||20|||48|||17|||6
while|||21|||49|||12|||6
while|||22|||50|||5|||6
while|||23|||50|||21|||6
while|||24|||51|||5|||6
while|||25|||51|||27|||6
while|||26|||52|||5|||6
while|||27|||52|||28|||6
while|||28|||53|||5|||6
while|||29|||53|||21|||6
while|||30|||54|||21|||6
while|||31|||55|||9|||6
while|||32|||56|||18|||6
while|||33|||57|||12|||6
while|||34|||58|||5|||6
while|||35|||58|||21|||6
while|||36|||59|||21|||6
int|||1|||0|||2|||7
int|||2|||1|||0|||7
int|||3|||1|||7|||7
int|||4|||2|||2|||7
int|||5|||3|||2|||7
int|||6|||4|||0|||7
int|||7|||4|||7|||7
int|||8|||5|||0|||7
[|||1|||5|||1|||7
]|||1|||5|||2|||7
int|||9|||5|||19|||7
int|||10|||6|||2|||7
int|||11|||7|||0|||7
int|||12|||7|||7|||7
int|||13|||8|||0|||7
int|||14|||8|||13|||7
int|||15|||9|||0|||7
int|||16|||10|||0|||7
int|||17|||11|||0|||7
int|||18|||11|||10|||7
int|||19|||12|||0|||7
int|||20|||12|||10|||7
int|||21|||13|||0|||7
int|||22|||13|||11|||7
int|||23|||14|||0|||7
int|||24|||14|||11|||7
int|||25|||15|||2|||7
String|||1|||16|||0|||7
int|||26|||16|||7|||7
int|||27|||16|||14|||7
int|||28|||17|||0|||7
int|||29|||18|||0|||7
int|||30|||18|||15|||7
String|||2|||19|||0|||7
int|||31|||19|||9|||7
int|||33|||20|||2|||7
int|||34|||20|||20|||7
int|||35|||20|||53|||7
int|||36|||21|||2|||7
int|||37|||21|||19|||7
int|||38|||21|||26|||7
int|||39|||21|||58|||7
int|||40|||22|||2|||7
int|||41|||22|||17|||7
int|||42|||23|||2|||7
int|||43|||23|||15|||7
int|||44|||23|||22|||7
int|||45|||24|||0|||7
int|||46|||24|||19|||7
int|||47|||25|||0|||7
String|||3|||26|||0|||7
int|||48|||26|||9|||7
int|||49|||26|||16|||7
String|||4|||27|||0|||7
int|||50|||27|||9|||7
int|||51|||28|||2|||7
int|||52|||28|||15|||7
int|||53|||28|||22|||7
int|||54|||29|||0|||7
int|||55|||30|||0|||7
int|||56|||31|||0|||7
int|||57|||32|||0|||7
int|||58|||33|||0|||7
int|||59|||34|||0|||7
int|||60|||35|||0|||7
[|||32|||35|||1|||7
]|||32|||35|||2|||7
int|||61|||35|||17|||7
int|||62|||36|||0|||7
int|||63|||37|||0|||7
int|||64|||38|||0|||7
int|||65|||39|||0|||7
int|||66|||40|||0|||7
int|||67|||41|||0|||7
int|||68|||42|||0|||7
int|||69|||43|||0|||7
int|||70|||44|||0|||7
int|||71|||45|||0|||7
String|||5|||46|||0|||7
int|||72|||46|||7|||7
int|||73|||47|||0|||7
int|||74|||48|||0|||7
String|||6|||49|||0|||7
int|||75|||49|||7|||7
int|||77|||50|||0|||7
int|||78|||50|||16|||7
int|||79|||50|||49|||7
int|||80|||51|||0|||7
int|||81|||51|||16|||7
int|||82|||51|||56|||7
int|||83|||52|||0|||7
int|||84|||52|||14|||7
int|||85|||53|||0|||7
int|||86|||53|||12|||7
int|||87|||54|||0|||7
int|||88|||55|||0|||7
String|||7|||56|||0|||7
int|||89|||56|||9|||7
String|||8|||57|||0|||7
int|||90|||57|||7|||7
int|||91|||58|||0|||7
int|||92|||58|||12|||7
int|||93|||59|||0|||7
i|||1|||0|||3|||0
i|||2|||0|||7|||0
i|||3|||0|||11|||0
i|||4|||0|||20|||0
i|||5|||1|||8|||0
i|||6|||1|||12|||0
i|||7|||1|||16|||0
i|||8|||1|||21|||0
i|||9|||2|||3|||0
i|||10|||2|||7|||0
i|||11|||2|||11|||0
i|||12|||2|||21|||0
i|||13|||3|||3|||0
i|||14|||3|||7|||0
i|||15|||3|||11|||0
i|||16|||3|||21|||0
i|||17|||4|||8|||0
i|||18|||4|||12|||0
i|||19|||4|||16|||0
i|||20|||4|||21|||0
i|||21|||5|||20|||0
i|||22|||5|||24|||0
i|||23|||5|||30|||0
i|||24|||5|||41|||0
i|||25|||6|||3|||0
i|||26|||6|||11|||0
i|||27|||6|||15|||0
i|||28|||6|||26|||0
i|||29|||7|||8|||0
i|||30|||7|||12|||0
i|||31|||7|||18|||0
i|||32|||7|||25|||0
i|||33|||8|||14|||0
i|||34|||8|||18|||0
i|||35|||8|||22|||0
a|||4|||8|||44|||0
b|||4|||8|||48|||0
i|||36|||11|||11|||0
i|||37|||11|||15|||0
i|||38|||11|||21|||0
i|||39|||11|||28|||0
max|||3|||11|||33|||0
i|||40|||11|||37|||0
i|||41|||12|||11|||0
i|||42|||12|||15|||0
i|||43|||12|||21|||0
i|||44|||12|||28|||0
min|||3|||12|||33|||0
i|||45|||12|||37|||0
b|||8|||13|||22|||0
a|||7|||13|||28|||0
i|||46|||14|||12|||0
i|||47|||14|||16|||0
i|||48|||14|||22|||0
i|||49|||14|||29|||0
i|||50|||15|||3|||0
i|||51|||15|||9|||0
i|||52|||15|||17|||0
i|||53|||15|||25|||0
i|||54|||15|||30|||0
i|||55|||15|||39|||0
i|||56|||15|||50|||0
i|||57|||16|||15|||0
i|||58|||16|||19|||0
i|||59|||16|||27|||0
i|||60|||16|||42|||0
i|||61|||18|||16|||0
i|||62|||18|||20|||0
i|||63|||18|||24|||0
i|||64|||19|||10|||0
i|||65|||19|||14|||0
i|||66|||19|||22|||0
i|||67|||19|||38|||0
i|||68|||20|||3|||0
i|||69|||20|||7|||0
i|||70|||20|||15|||0
j|||1|||20|||21|||0
j|||2|||20|||25|||0
i|||71|||20|||31|||0
j|||3|||20|||35|||0
j|||4|||20|||42|||0
j|||5|||20|||47|||0
j|||6|||20|||58|||0
j|||7|||20|||63|||0
j|||8|||20|||68|||0
j|||9|||20|||75|||0
i|||72|||21|||3|||0
i|||73|||21|||7|||0
i|||74|||21|||15|||0
i|||75|||21|||22|||0
j|||10|||21|||27|||0
i|||76|||21|||29|||0
j|||11|||21|||33|||0
j|||12|||21|||39|||0
j|||13|||21|||46|||0
min|||6|||21|||54|||0
j|||14|||21|||56|||0
i|||77|||21|||63|||0
i|||78|||21|||68|||0
i|||79|||22|||3|||0
i|||80|||22|||7|||0
i|||81|||22|||13|||0
i|||82|||22|||22|||0
j|||15|||22|||25|||0
i|||83|||22|||27|||0
j|||16|||22|||33|||0
j|||17|||22|||39|||0
j|||18|||22|||46|||0
j|||19|||22|||53|||0
j|||20|||22|||59|||0
i|||84|||23|||3|||0
i|||85|||23|||7|||0
i|||86|||23|||11|||0
j|||21|||23|||23|||0
j|||22|||23|||27|||0
i|||87|||23|||29|||0
j|||23|||23|||31|||0
i|||88|||23|||52|||0
j|||24|||23|||54|||0
j|||25|||23|||58|||0
i|||89|||24|||20|||0
i|||90|||24|||24|||0
i|||91|||24|||28|||0
i|||92|||24|||37|||0
i|||93|||24|||43|||0
i|||94|||26|||17|||0
i|||95|||26|||21|||0
i|||96|||26|||29|||0
i|||97|||26|||38|||0
i|||98|||27|||10|||0
i|||99|||27|||14|||0
i|||100|||27|||22|||0
i|||101|||27|||39|||0
i|||102|||28|||3|||0
i|||103|||28|||7|||0
i|||104|||28|||11|||0
j|||26|||28|||23|||0
j|||27|||28|||27|||0
i|||105|||28|||29|||0
j|||28|||28|||33|||0
i|||106|||28|||38|||0
j|||29|||28|||40|||0
i|||107|||28|||60|||0
i|||108|||30|||1|||0
i|||109|||30|||7|||0
i|||110|||30|||18|||0
i|||111|||30|||24|||0
i|||112|||31|||5|||0
i|||113|||31|||11|||0
i|||114|||31|||18|||0
i|||115|||31|||20|||0
i|||116|||32|||1|||0
i|||117|||32|||7|||0
i|||118|||32|||18|||0
i|||119|||32|||24|||0
i|||120|||33|||1|||0
i|||121|||33|||7|||0
i|||122|||33|||18|||0
i|||123|||33|||24|||0
i|||124|||34|||5|||0
i|||125|||34|||11|||0
i|||126|||34|||18|||0
i|||127|||34|||20|||0
i|||128|||35|||18|||0
i|||129|||35|||24|||0
i|||130|||35|||39|||0
i|||131|||35|||46|||0
i|||132|||36|||1|||0
i|||133|||36|||11|||0
i|||134|||36|||24|||0
i|||135|||36|||31|||0
i|||136|||37|||5|||0
i|||137|||37|||11|||0
i|||138|||37|||22|||0
i|||139|||37|||25|||0
i|||140|||38|||11|||0
i|||141|||38|||17|||0
a|||15|||38|||40|||0
b|||17|||38|||44|||0
i|||142|||38|||48|||0
num|||19|||39|||19|||0
num|||23|||40|||26|||0
i|||143|||41|||8|||0
i|||144|||41|||14|||0
i|||145|||41|||25|||0
max|||6|||41|||30|||0
i|||146|||41|||34|||0
i|||147|||41|||37|||0
i|||148|||42|||8|||0
i|||149|||42|||14|||0
i|||150|||42|||25|||0
min|||11|||42|||30|||0
i|||151|||42|||34|||0
i|||152|||42|||37|||0
b|||21|||43|||22|||0
a|||18|||43|||28|||0
i|||153|||44|||9|||0
i|||154|||44|||15|||0
i|||155|||44|||26|||0
i|||156|||44|||34|||0
i|||157|||45|||1|||0
i|||158|||45|||9|||0
i|||159|||45|||22|||0
i|||160|||45|||27|||0
i|||161|||45|||36|||0
i|||162|||45|||47|||0
i|||163|||45|||54|||0
i|||164|||46|||12|||0
i|||165|||46|||18|||0
i|||166|||46|||39|||0
i|||167|||46|||49|||0
temp|||14|||47|||30|||0
i|||168|||48|||13|||0
i|||169|||48|||19|||0
i|||170|||48|||28|||0
i|||171|||49|||8|||0
i|||172|||49|||14|||0
i|||173|||49|||36|||0
i|||174|||49|||43|||0
i|||175|||50|||1|||0
i|||176|||50|||7|||0
j|||30|||50|||17|||0
j|||31|||50|||23|||0
i|||177|||50|||29|||0
j|||32|||50|||38|||0
j|||33|||50|||43|||0
j|||34|||50|||54|||0
j|||35|||50|||59|||0
j|||36|||50|||64|||0
j|||37|||50|||71|||0
j|||38|||50|||79|||0
i|||178|||50|||83|||0
i|||179|||51|||1|||0
i|||180|||51|||7|||0
i|||181|||51|||19|||0
j|||39|||51|||21|||0
i|||182|||51|||23|||0
j|||40|||51|||29|||0
j|||41|||51|||40|||0
min|||14|||51|||48|||0
j|||42|||51|||50|||0
j|||43|||51|||52|||0
i|||183|||51|||61|||0
i|||184|||51|||66|||0
i|||185|||51|||81|||0
i|||186|||52|||1|||0
i|||187|||52|||7|||0
i|||188|||52|||19|||0
j|||44|||52|||22|||0
i|||189|||52|||24|||0
j|||45|||52|||30|||0
j|||46|||52|||36|||0
j|||47|||52|||44|||0
j|||48|||52|||51|||0
j|||49|||52|||54|||0
j|||50|||52|||60|||0
i|||190|||52|||67|||0
i|||191|||53|||1|||0
i|||192|||53|||7|||0
j|||51|||53|||17|||0
j|||52|||53|||23|||0
i|||193|||53|||25|||0
i|||194|||53|||45|||0
j|||53|||53|||47|||0
j|||54|||53|||51|||0
j|||55|||53|||56|||0
i|||195|||53|||68|||0
i|||196|||54|||17|||0
i|||197|||54|||23|||0
i|||198|||54|||33|||0
i|||199|||54|||39|||0
i|||200|||54|||44|||0
num|||32|||55|||22|||0
i|||201|||56|||14|||0
i|||202|||56|||20|||0
i|||203|||56|||35|||0
i|||204|||56|||44|||0
i|||205|||57|||8|||0
i|||206|||57|||14|||0
i|||207|||57|||37|||0
i|||208|||57|||44|||0
i|||209|||58|||1|||0
i|||210|||58|||7|||0
j|||56|||58|||17|||0
j|||57|||58|||23|||0
i|||211|||58|||25|||0
i|||212|||58|||32|||0
j|||58|||58|||34|||0
j|||59|||58|||42|||0
i|||213|||58|||58|||0
i|||214|||58|||64|||0
=|||1|||0|||4|||3
=|||2|||1|||2|||3
=|||3|||1|||9|||3
=|||4|||2|||4|||3
=|||5|||3|||4|||3
=|||6|||4|||2|||3
=|||7|||4|||9|||3
=|||8|||5|||4|||3
=|||9|||5|||21|||3
=|||10|||6|||4|||3
=|||11|||7|||2|||3
=|||12|||7|||9|||3
=|||13|||8|||2|||3
=|||14|||8|||6|||3
=|||15|||8|||15|||3
=|||19|||9|||2|||3
=|||20|||9|||6|||3
=|||21|||10|||2|||3
=|||22|||10|||6|||3
=|||25|||11|||12|||3
=|||28|||12|||12|||3
=|||30|||13|||2|||3
=|||31|||13|||6|||3
=|||32|||13|||19|||3
=|||34|||13|||29|||3
=|||35|||14|||2|||3
=|||36|||14|||6|||3
=|||37|||14|||13|||3
=|||39|||15|||4|||3
=|||43|||16|||2|||3
=|||44|||16|||9|||3
=|||45|||16|||16|||3
=|||46|||17|||2|||3
=|||47|||17|||6|||3
=|||48|||17|||10|||3
=|||50|||18|||2|||3
=|||51|||18|||6|||3
=|||52|||18|||10|||3
=|||53|||18|||17|||3
=|||54|||19|||2|||3
=|||55|||19|||11|||3
=|||56|||20|||4|||3
=|||57|||20|||22|||3
=|||61|||21|||4|||3
=|||62|||21|||21|||3
=|||63|||21|||28|||3
=|||68|||22|||4|||3
=|||70|||22|||26|||3
=|||73|||23|||4|||3
=|||74|||23|||17|||3
=|||75|||23|||24|||3
=|||77|||24|||2|||3
=|||78|||24|||6|||3
=|||79|||24|||10|||3
=|||80|||24|||14|||3
=|||81|||24|||21|||3
=|||82|||25|||2|||3
=|||83|||25|||6|||3
=|||84|||26|||2|||3
=|||85|||26|||11|||3
=|||86|||26|||18|||3
=|||87|||27|||2|||3
=|||88|||27|||11|||3
=|||89|||28|||4|||3
=|||90|||28|||17|||3
=|||91|||28|||24|||3
=|||93|||29|||2|||3
=|||94|||29|||6|||3
=|||95|||29|||10|||3
=|||96|||30|||2|||3
=|||97|||31|||2|||3
=|||98|||31|||6|||3
=|||99|||32|||2|||3
=|||100|||33|||2|||3
=|||101|||34|||2|||3
=|||102|||34|||6|||3
=|||103|||35|||4|||3
=|||104|||35|||19|||3
=|||105|||36|||2|||3
=|||106|||37|||2|||3
=|||107|||37|||6|||3
=|||108|||38|||2|||3
=|||109|||38|||6|||3
=|||110|||38|||12|||3
=|||114|||39|||2|||3
=|||115|||39|||6|||3
=|||116|||40|||2|||3
=|||117|||40|||6|||3
=|||120|||41|||9|||3
=|||123|||42|||9|||3
=|||125|||43|||2|||3
=|||126|||43|||6|||3
=|||127|||43|||19|||3
=|||130|||44|||2|||3
=|||131|||44|||6|||3
=|||132|||44|||10|||3
=|||134|||45|||2|||3
=|||138|||46|||2|||3
=|||139|||46|||9|||3
=|||140|||46|||13|||3
=|||141|||47|||2|||3
=|||142|||47|||6|||3
=|||143|||47|||10|||3
=|||145|||48|||2|||3
=|||146|||48|||6|||3
=|||147|||48|||10|||3
=|||148|||48|||14|||3
=|||149|||49|||2|||3
=|||150|||49|||9|||3
=|||151|||50|||2|||3
=|||152|||50|||18|||3
=|||156|||51|||2|||3
=|||157|||51|||18|||3
=|||158|||51|||22|||3
=|||163|||52|||2|||3
=|||165|||52|||23|||3
=|||168|||53|||2|||3
=|||169|||53|||14|||3
=|||170|||53|||18|||3
=|||172|||54|||2|||3
=|||173|||54|||6|||3
=|||174|||54|||10|||3
=|||175|||54|||14|||3
=|||176|||54|||18|||3
=|||177|||55|||2|||3
=|||178|||55|||6|||3
=|||179|||56|||2|||3
=|||180|||56|||11|||3
=|||181|||56|||15|||3
=|||182|||57|||2|||3
=|||183|||57|||9|||3
=|||184|||58|||2|||3
=|||185|||58|||14|||3
=|||186|||58|||18|||3
=|||188|||59|||2|||3
=|||189|||59|||6|||3
=|||190|||59|||10|||3
1|||1|||0|||5|||9
5|||1|||0|||9|||9
"|||1|||0|||22|||9
"|||2|||0|||23|||9
0|||1|||1|||3|||9
1|||2|||1|||10|||9
5|||2|||1|||14|||9
2|||1|||2|||5|||9
10|||1|||2|||9|||9
2|||2|||2|||13|||9
"|||3|||2|||23|||9
"|||4|||2|||24|||9
1|||3|||3|||5|||9
10|||2|||3|||9|||9
2|||3|||3|||13|||9
"|||5|||3|||23|||9
"|||6|||3|||24|||9
1|||4|||4|||3|||9
1|||5|||4|||10|||9
5|||3|||4|||14|||9
1|||6|||5|||6|||9
0|||2|||5|||22|||9
"|||7|||5|||44|||9
"|||8|||5|||45|||9
1|||7|||6|||9|||9
0|||3|||6|||13|||9
"|||9|||6|||29|||9
"|||10|||6|||30|||9
0|||4|||7|||3|||9
0|||5|||7|||10|||9
0|||6|||8|||3|||9
1|||8|||8|||7|||9
0|||7|||8|||16|||9
5|||5|||8|||20|||9
"|||11|||8|||34|||9
"|||12|||8|||35|||9
12345|||1|||9|||3|||9
0|||8|||9|||7|||9
0|||9|||9|||14|||9
10|||3|||9|||18|||9
0|||10|||10|||3|||9
1234|||1|||10|||7|||9
0|||11|||10|||14|||9
10|||4|||10|||18|||9
10|||5|||10|||24|||9
10|||6|||10|||28|||9
0|||12|||11|||5|||9
1|||9|||11|||13|||9
0|||13|||12|||5|||9
1|||10|||12|||13|||9
24|||1|||13|||3|||9
36|||1|||13|||7|||9
0|||14|||13|||16|||9
17|||1|||14|||3|||9
1|||11|||14|||7|||9
2|||5|||14|||14|||9
2|||6|||14|||20|||9
0|||15|||14|||31|||9
0|||16|||14|||35|||9
0|||17|||15|||5|||9
2|||7|||15|||15|||9
1|||12|||15|||41|||9
1|||13|||15|||52|||9
"|||13|||16|||3|||9
hello|||1|||16|||4|||9
"|||14|||16|||5|||9
0|||18|||16|||10|||9
0|||19|||16|||17|||9
"|||15|||16|||32|||9
aeiou|||1|||16|||33|||9
"|||16|||16|||34|||9
121|||1|||17|||3|||9
0|||20|||17|||7|||9
0|||21|||17|||18|||9
10|||7|||17|||22|||9
10|||8|||17|||28|||9
10|||9|||17|||32|||9
2|||8|||18|||3|||9
1|||15|||18|||11|||9
0|||22|||18|||18|||9
"|||17|||19|||3|||9
abc|||1|||19|||4|||9
"|||18|||19|||5|||9
0|||23|||19|||12|||9
"|||19|||19|||41|||9
"|||20|||19|||42|||9
0|||24|||20|||5|||9
1|||16|||20|||13|||9
0|||25|||20|||23|||9
1|||17|||20|||33|||9
1|||18|||20|||49|||9
1|||19|||20|||70|||9
1|||20|||20|||77|||9
0|||26|||21|||5|||9
1|||21|||21|||13|||9
1|||22|||21|||31|||9
1|||23|||22|||5|||9
1|||24|||22|||29|||9
0|||27|||22|||35|||9
1|||25|||22|||48|||9
1|||26|||22|||61|||9
0|||28|||23|||5|||9
5|||6|||23|||9|||9
1|||27|||23|||18|||9
0|||29|||23|||25|||9
"|||21|||23|||43|||9
"|||22|||23|||44|||9
1|||28|||23|||60|||9
5|||7|||24|||3|||9
2|||9|||24|||7|||9
1|||29|||24|||11|||9
1|||30|||24|||15|||9
0|||30|||24|||22|||9
1|||31|||24|||45|||9
123|||1|||25|||3|||9
0|||31|||25|||7|||9
0|||32|||25|||14|||9
10|||10|||25|||18|||9
10|||11|||25|||24|||9
"|||23|||26|||3|||9
Hello|||1|||26|||4|||9
world|||1|||26|||5|||9
Java|||1|||26|||6|||9
"|||24|||26|||7|||9
1|||32|||26|||12|||9
0|||33|||26|||19|||9
"|||25|||27|||3|||9
hello|||2|||27|||4|||9
"|||26|||27|||5|||9
0|||34|||27|||12|||9
32|||1|||27|||42|||9
2|||10|||28|||5|||9
50|||1|||28|||9|||9
1|||33|||28|||18|||9
2|||11|||28|||25|||9
2|||12|||28|||31|||9
0|||35|||28|||42|||9
0|||36|||28|||46|||9
1|||34|||28|||52|||9
"|||27|||28|||62|||9
"|||28|||28|||63|||9
12|||1|||29|||3|||9
18|||1|||29|||7|||9
0|||37|||29|||28|||9
0|||38|||29|||34|||9
1|||35|||30|||3|||9
5|||8|||30|||9|||9
"|||29|||30|||20|||9
"|||30|||30|||21|||9
0|||39|||31|||3|||9
1|||36|||31|||7|||9
5|||9|||31|||13|||9
2|||13|||32|||3|||9
10|||12|||32|||9|||9
"|||31|||32|||20|||9
"|||32|||32|||21|||9
2|||14|||32|||26|||9
1|||37|||33|||3|||9
10|||13|||33|||9|||9
"|||33|||33|||20|||9
"|||34|||33|||21|||9
2|||15|||33|||26|||9
1|||38|||34|||3|||9
1|||39|||34|||7|||9
5|||10|||34|||13|||9
1|||40|||35|||6|||9
0|||40|||35|||20|||9
"|||35|||35|||42|||9
"|||36|||35|||43|||9
1|||41|||36|||7|||9
0|||41|||36|||13|||9
"|||37|||36|||27|||9
"|||38|||36|||28|||9
0|||42|||37|||3|||9
0|||43|||37|||7|||9
0|||44|||38|||3|||9
1|||42|||38|||7|||9
0|||45|||38|||13|||9
5|||12|||38|||19|||9
"|||39|||38|||30|||9
"|||40|||38|||31|||9
12345|||2|||39|||3|||9
0|||46|||39|||7|||9
0|||47|||39|||13|||9
10|||14|||39|||21|||9
0|||48|||40|||3|||9
1234|||2|||40|||7|||9
0|||49|||40|||13|||9
10|||15|||40|||20|||9
10|||16|||40|||24|||9
10|||17|||40|||28|||9
0|||50|||41|||5|||9
1|||43|||41|||10|||9
0|||51|||42|||5|||9
1|||44|||42|||10|||9
24|||2|||43|||3|||9
36|||2|||43|||7|||9
0|||52|||43|||15|||9
17|||2|||44|||3|||9
1|||45|||44|||7|||9
2|||17|||44|||11|||9
2|||18|||44|||19|||9
0|||53|||44|||28|||9
0|||54|||44|||32|||9
0|||55|||45|||3|||9
2|||19|||45|||15|||9
1|||46|||45|||38|||9
1|||47|||45|||49|||9
"|||41|||46|||3|||9
hello|||3|||46|||4|||9
"|||42|||46|||5|||9
0|||56|||46|||10|||9
0|||57|||46|||14|||9
"|||43|||46|||29|||9
aeiou|||2|||46|||30|||9
"|||44|||46|||31|||9
121|||2|||47|||3|||9
0|||58|||47|||7|||9
0|||59|||47|||17|||9
10|||18|||47|||24|||9
10|||19|||47|||28|||9
10|||20|||47|||32|||9
2|||20|||48|||3|||9
1|||49|||48|||11|||9
0|||60|||48|||15|||9
"|||45|||49|||3|||9
abc|||2|||49|||4|||9
"|||46|||49|||5|||9
0|||61|||49|||10|||9
"|||47|||49|||39|||9
"|||48|||49|||40|||9
0|||62|||50|||3|||9
1|||50|||50|||13|||9
0|||63|||50|||19|||9
1|||51|||50|||31|||9
1|||52|||50|||45|||9
1|||53|||50|||66|||9
1|||54|||50|||73|||9
0|||64|||51|||3|||9
1|||55|||51|||13|||9
1|||56|||51|||25|||9
1|||57|||52|||3|||9
1|||58|||52|||26|||9
0|||65|||52|||32|||9
1|||59|||52|||46|||9
1|||60|||52|||62|||9
0|||66|||53|||3|||9
5|||13|||53|||9|||9
1|||61|||53|||15|||9
0|||67|||53|||19|||9
"|||49|||53|||36|||9
"|||50|||53|||37|||9
1|||62|||53|||53|||9
5|||14|||54|||3|||9
2|||21|||54|||7|||9
1|||63|||54|||11|||9
1|||64|||54|||15|||9
0|||68|||54|||19|||9
1|||65|||54|||41|||9
123|||2|||55|||3|||9
0|||69|||55|||7|||9
0|||70|||55|||13|||9
10|||21|||55|||20|||9
10|||22|||55|||24|||9
"|||51|||56|||3|||9
Hello|||2|||56|||4|||9
world|||2|||56|||5|||9
Java|||2|||56|||6|||9
"|||52|||56|||7|||9
1|||66|||56|||12|||9
0|||71|||56|||16|||9
"|||53|||57|||3|||9
hello|||4|||57|||4|||9
"|||54|||57|||5|||9
0|||72|||57|||10|||9
32|||2|||57|||40|||9
2|||22|||58|||3|||9
50|||2|||58|||9|||9
1|||67|||58|||15|||9
2|||23|||58|||19|||9
2|||24|||58|||27|||9
0|||73|||58|||36|||9
0|||74|||58|||40|||9
1|||68|||58|||50|||9
"|||55|||58|||60|||9
"|||56|||58|||61|||9
12|||2|||59|||3|||9
18|||2|||59|||7|||9
0|||75|||59|||27|||9
0|||76|||59|||33|||9
<=|||1|||0|||8|||4
(|||2|||0|||19|||4
+|||1|||0|||21|||4
<=|||2|||1|||13|||4
+=|||1|||1|||20|||4
<=|||3|||2|||8|||4
+=|||2|||2|||12|||4
(|||5|||2|||20|||4
+|||2|||2|||22|||4
<=|||4|||3|||8|||4
+=|||3|||3|||12|||4
(|||7|||3|||20|||4
+|||3|||3|||22|||4
<=|||5|||4|||13|||4
*=|||1|||4|||20|||4
{|||1|||5|||5|||4
,|||1|||5|||7|||4
,|||2|||5|||9|||4
,|||3|||5|||11|||4
,|||4|||5|||13|||4
<|||1|||5|||25|||4
.|||7|||5|||27|||4
length|||1|||5|||28|||4
(|||10|||5|||38|||4
[|||2|||5|||40|||4
]|||2|||5|||42|||4
+|||4|||5|||43|||4
.|||10|||6|||6|||4
length|||2|||6|||7|||4
-|||1|||6|||8|||4
>=|||1|||6|||12|||4
(|||12|||6|||23|||4
[|||3|||6|||25|||4
]|||3|||6|||27|||4
+|||5|||6|||28|||4
<|||2|||7|||13|||4
.|||13|||7|||15|||4
length|||3|||7|||16|||4
+=|||4|||7|||22|||4
[|||4|||7|||24|||4
]|||4|||7|||26|||4
<|||3|||8|||19|||4
(|||15|||8|||31|||4
+|||6|||8|||33|||4
=|||16|||8|||39|||4
+|||7|||8|||41|||4
=|||17|||8|||45|||4
=|||18|||8|||49|||4
>|||1|||9|||13|||4
/=|||1|||9|||17|||4
>|||2|||10|||13|||4
/=|||2|||10|||17|||4
=|||23|||10|||21|||4
*|||1|||10|||23|||4
+|||8|||10|||25|||4
%|||1|||10|||27|||4
=|||24|||11|||2|||4
[|||5|||11|||4|||4
]|||5|||11|||6|||4
<|||4|||11|||16|||4
.|||16|||11|||18|||4
length|||4|||11|||19|||4
if|||1|||11|||24|||4
(|||19|||11|||25|||4
[|||6|||11|||27|||4
]|||6|||11|||29|||4
>|||3|||11|||30|||4
=|||26|||11|||34|||4
[|||7|||11|||36|||4
]|||7|||11|||38|||4
=|||27|||12|||2|||4
[|||8|||12|||4|||4
]|||8|||12|||6|||4
<|||5|||12|||16|||4
.|||17|||12|||18|||4
length|||5|||12|||19|||4
if|||2|||12|||24|||4
(|||21|||12|||25|||4
[|||9|||12|||27|||4
]|||9|||12|||29|||4
<|||6|||12|||30|||4
=|||29|||12|||34|||4
[|||10|||12|||36|||4
]|||10|||12|||38|||4
!=|||1|||13|||15|||4
,|||10|||13|||21|||4
=|||33|||13|||23|||4
%|||2|||13|||25|||4
,|||11|||13|||27|||4
<=|||6|||14|||17|||4
/|||1|||14|||19|||4
if|||3|||14|||25|||4
(|||24|||14|||26|||4
%|||3|||14|||28|||4
==|||1|||14|||30|||4
=|||38|||14|||34|||4
<|||7|||15|||10|||4
.|||18|||15|||12|||4
length|||6|||15|||13|||4
/|||2|||15|||14|||4
=|||40|||15|||22|||4
[|||11|||15|||24|||4
]|||11|||15|||26|||4
[|||12|||15|||29|||4
]|||12|||15|||31|||4
=|||41|||15|||32|||4
[|||13|||15|||34|||4
.|||19|||15|||36|||4
length|||7|||15|||37|||4
-|||2|||15|||38|||4
-|||3|||15|||40|||4
]|||13|||15|||42|||4
[|||14|||15|||45|||4
.|||20|||15|||47|||4
length|||8|||15|||48|||4
-|||4|||15|||49|||4
-|||5|||15|||51|||4
]|||14|||15|||53|||4
=|||42|||15|||54|||4
<|||8|||16|||20|||4
.|||21|||16|||22|||4
length|||9|||16|||23|||4
(|||27|||16|||24|||4
if|||4|||16|||30|||4
(|||28|||16|||31|||4
.|||22|||16|||35|||4
indexOf|||1|||16|||36|||4
(|||29|||16|||37|||4
.|||23|||16|||39|||4
charAt|||1|||16|||40|||4
(|||30|||16|||41|||4
!=|||2|||16|||45|||4
-|||6|||16|||46|||4
1|||14|||16|||47|||4
>|||4|||17|||17|||4
/=|||3|||17|||21|||4
=|||49|||17|||25|||4
*|||2|||17|||27|||4
+|||9|||17|||29|||4
%|||4|||17|||31|||4
<|||9|||18|||21|||4
*=|||2|||18|||28|||4
<|||10|||19|||15|||4
.|||24|||19|||17|||4
length|||10|||19|||18|||4
(|||34|||19|||19|||4
(|||35|||19|||30|||4
(|||36|||19|||31|||4
int|||32|||19|||32|||4
)|||35|||19|||33|||4
.|||27|||19|||35|||4
charAt|||2|||19|||36|||4
(|||37|||19|||37|||4
+|||10|||19|||40|||4
<|||11|||20|||8|||4
.|||28|||20|||10|||4
length|||11|||20|||11|||4
-|||7|||20|||12|||4
<|||12|||20|||26|||4
.|||29|||20|||28|||4
length|||12|||20|||29|||4
-|||8|||20|||30|||4
-|||9|||20|||32|||4
if|||5|||20|||38|||4
(|||40|||20|||39|||4
[|||15|||20|||41|||4
]|||15|||20|||43|||4
>|||5|||20|||44|||4
[|||16|||20|||46|||4
+|||11|||20|||48|||4
]|||16|||20|||50|||4
=|||58|||20|||55|||4
[|||17|||20|||57|||4
]|||17|||20|||59|||4
[|||18|||20|||62|||4
]|||18|||20|||64|||4
=|||59|||20|||65|||4
[|||19|||20|||67|||4
+|||12|||20|||69|||4
]|||19|||20|||71|||4
[|||20|||20|||74|||4
+|||13|||20|||76|||4
]|||20|||20|||78|||4
=|||60|||20|||79|||4
<|||13|||21|||8|||4
.|||30|||21|||10|||4
length|||13|||21|||11|||4
-|||10|||21|||12|||4
+|||14|||21|||30|||4
<|||14|||21|||34|||4
.|||31|||21|||36|||4
length|||14|||21|||37|||4
if|||6|||21|||42|||4
(|||43|||21|||43|||4
[|||21|||21|||45|||4
]|||21|||21|||47|||4
<|||15|||21|||48|||4
[|||22|||21|||50|||4
]|||22|||21|||52|||4
=|||64|||21|||55|||4
=|||65|||21|||60|||4
[|||23|||21|||62|||4
]|||23|||21|||64|||4
[|||24|||21|||67|||4
]|||24|||21|||69|||4
=|||66|||21|||70|||4
[|||25|||21|||72|||4
]|||25|||21|||74|||4
[|||26|||21|||77|||4
]|||26|||21|||79|||4
=|||67|||21|||80|||4
<|||16|||22|||8|||4
.|||32|||22|||10|||4
length|||15|||22|||11|||4
=|||69|||22|||19|||4
[|||27|||22|||21|||4
]|||27|||22|||23|||4
-|||11|||22|||28|||4
(|||45|||22|||32|||4
>=|||2|||22|||34|||4
&&|||1|||22|||36|||4
[|||28|||22|||38|||4
]|||28|||22|||40|||4
>|||6|||22|||41|||4
[|||29|||22|||45|||4
+|||15|||22|||47|||4
]|||29|||22|||49|||4
=|||71|||22|||50|||4
[|||30|||22|||52|||4
]|||30|||22|||55|||4
[|||31|||22|||58|||4
+|||16|||22|||60|||4
]|||31|||22|||62|||4
=|||72|||22|||63|||4
<|||17|||23|||8|||4
<=|||7|||23|||28|||4
(|||48|||23|||40|||4
+|||17|||23|||42|||4
=|||76|||23|||48|||4
*|||3|||23|||50|||4
(|||49|||23|||51|||4
-|||12|||23|||53|||4
/|||3|||23|||56|||4
(|||50|||23|||57|||4
+|||18|||23|||59|||4
(|||51|||23|||69|||4
<|||18|||24|||25|||4
*=|||3|||24|||33|||4
(|||53|||24|||34|||4
-|||13|||24|||36|||4
*=|||4|||24|||41|||4
(|||54|||24|||42|||4
+|||19|||24|||44|||4
(|||55|||24|||54|||4
/|||4|||24|||56|||4
>|||7|||25|||13|||4
/=|||4|||25|||17|||4
+=|||5|||25|||21|||4
%|||5|||25|||23|||4
<|||19|||26|||22|||4
.|||39|||26|||24|||4
length|||16|||26|||25|||4
(|||58|||26|||26|||4
if|||7|||26|||32|||4
(|||59|||26|||33|||4
.|||40|||26|||35|||4
charAt|||3|||26|||36|||4
(|||60|||26|||37|||4
==|||2|||26|||40|||4
'|||1|||26|||41|||4
'|||2|||26|||42|||4
<|||20|||27|||15|||4
.|||41|||27|||17|||4
length|||17|||27|||18|||4
(|||62|||27|||19|||4
(|||63|||27|||30|||4
(|||64|||27|||31|||4
char|||1|||27|||32|||4
)|||63|||27|||33|||4
(|||65|||27|||34|||4
.|||44|||27|||36|||4
charAt|||4|||27|||37|||4
(|||66|||27|||38|||4
-|||14|||27|||41|||4
<=|||8|||28|||8|||4
<=|||9|||28|||28|||4
/|||5|||28|||30|||4
if|||8|||28|||36|||4
(|||69|||28|||37|||4
%|||6|||28|||39|||4
==|||3|||28|||41|||4
=|||92|||28|||45|||4
if|||9|||28|||48|||4
(|||70|||28|||49|||4
==|||4|||28|||51|||4
(|||71|||28|||59|||4
+|||20|||28|||61|||4
(|||72|||29|||11|||4
>|||8|||29|||13|||4
?|||1|||29|||16|||4
:|||1|||29|||18|||4
%|||7|||29|||25|||4
!=|||3|||29|||27|||4
|||||1|||29|||29|||4
%|||8|||29|||31|||4
!=|||4|||29|||33|||4
(|||74|||29|||45|||4
(|||75|||30|||6|||4
<=|||10|||30|||8|||4
(|||76|||30|||17|||4
+|||21|||30|||19|||4
(|||77|||31|||10|||4
<=|||11|||31|||12|||4
+=|||6|||31|||17|||4
(|||78|||32|||6|||4
<=|||12|||32|||8|||4
(|||79|||32|||17|||4
+|||22|||32|||19|||4
+=|||7|||32|||25|||4
(|||80|||33|||6|||4
<=|||13|||33|||8|||4
(|||81|||33|||17|||4
+|||23|||33|||19|||4
+=|||8|||33|||25|||4
(|||82|||34|||10|||4
<=|||14|||34|||12|||4
*=|||5|||34|||17|||4
{|||16|||35|||5|||4
,|||27|||35|||7|||4
,|||28|||35|||9|||4
,|||29|||35|||11|||4
,|||30|||35|||13|||4
(|||83|||35|||23|||4
<|||21|||35|||25|||4
.|||55|||35|||27|||4
length|||18|||35|||28|||4
(|||84|||35|||36|||4
[|||33|||35|||38|||4
]|||33|||35|||40|||4
+|||24|||35|||41|||4
.|||58|||36|||4|||4
length|||19|||36|||5|||4
-|||15|||36|||6|||4
(|||85|||36|||10|||4
>=|||3|||36|||12|||4
(|||86|||36|||21|||4
[|||34|||36|||23|||4
]|||34|||36|||25|||4
+|||25|||36|||26|||4
(|||87|||37|||10|||4
<|||22|||37|||12|||4
.|||61|||37|||14|||4
length|||20|||37|||15|||4
+=|||9|||37|||19|||4
[|||35|||37|||21|||4
]|||35|||37|||23|||4
(|||88|||38|||16|||4
<|||23|||38|||18|||4
(|||89|||38|||27|||4
+|||26|||38|||29|||4
=|||111|||38|||35|||4
+|||27|||38|||37|||4
=|||112|||38|||41|||4
=|||113|||38|||45|||4
(|||90|||39|||10|||4
>|||9|||39|||12|||4
/=|||5|||39|||20|||4
(|||91|||40|||10|||4
>|||10|||40|||12|||4
=|||118|||40|||17|||4
*|||4|||40|||19|||4
+|||28|||40|||21|||4
%|||9|||40|||23|||4
/=|||6|||40|||27|||4
=|||119|||41|||2|||4
[|||36|||41|||4|||4
]|||36|||41|||6|||4
(|||92|||41|||13|||4
<|||24|||41|||15|||4
.|||64|||41|||17|||4
length|||21|||41|||18|||4
if|||10|||41|||21|||4
(|||93|||41|||22|||4
[|||37|||41|||24|||4
]|||37|||41|||26|||4
>|||11|||41|||27|||4
=|||121|||41|||31|||4
[|||38|||41|||33|||4
]|||38|||41|||35|||4
=|||122|||42|||2|||4
[|||39|||42|||4|||4
]|||39|||42|||6|||4
(|||94|||42|||13|||4
<|||25|||42|||15|||4
.|||65|||42|||17|||4
length|||22|||42|||18|||4
if|||11|||42|||21|||4
(|||95|||42|||22|||4
[|||40|||42|||24|||4
]|||40|||42|||26|||4
<|||26|||42|||27|||4
=|||124|||42|||31|||4
[|||41|||42|||33|||4
]|||41|||42|||35|||4
(|||96|||43|||12|||4
!=|||5|||43|||14|||4
=|||128|||43|||23|||4
%|||10|||43|||25|||4
=|||129|||43|||29|||4
(|||97|||44|||14|||4
<=|||15|||44|||16|||4
/|||6|||44|||18|||4
if|||12|||44|||22|||4
(|||98|||44|||23|||4
%|||11|||44|||25|||4
==|||5|||44|||27|||4
=|||133|||44|||31|||4
(|||99|||45|||8|||4
<|||27|||45|||10|||4
.|||66|||45|||12|||4
length|||23|||45|||13|||4
/|||7|||45|||14|||4
=|||135|||45|||19|||4
[|||42|||45|||21|||4
]|||42|||45|||23|||4
[|||43|||45|||26|||4
]|||43|||45|||28|||4
=|||136|||45|||29|||4
[|||44|||45|||31|||4
.|||67|||45|||33|||4
length|||24|||45|||34|||4
-|||16|||45|||35|||4
-|||17|||45|||37|||4
]|||44|||45|||39|||4
[|||45|||45|||42|||4
.|||68|||45|||44|||4
length|||25|||45|||45|||4
-|||18|||45|||46|||4
-|||19|||45|||48|||4
]|||45|||45|||50|||4
=|||137|||45|||51|||4
(|||100|||46|||17|||4
<|||28|||46|||19|||4
.|||69|||46|||21|||4
length|||26|||46|||22|||4
(|||101|||46|||23|||4
if|||13|||46|||27|||4
(|||102|||46|||28|||4
.|||70|||46|||32|||4
indexOf|||2|||46|||33|||4
(|||103|||46|||34|||4
.|||71|||46|||36|||4
charAt|||5|||46|||37|||4
(|||104|||46|||38|||4
!=|||6|||46|||42|||4
-|||20|||46|||43|||4
1|||48|||46|||44|||4
(|||105|||47|||14|||4
>|||12|||47|||16|||4
=|||144|||47|||21|||4
*|||5|||47|||23|||4
+|||29|||47|||25|||4
%|||12|||47|||27|||4
/=|||7|||47|||31|||4
(|||106|||48|||18|||4
<|||29|||48|||20|||4
*=|||6|||48|||25|||4
(|||107|||49|||13|||4
<|||30|||49|||15|||4
.|||72|||49|||17|||4
length|||27|||49|||18|||4
(|||108|||49|||19|||4
(|||109|||49|||28|||4
(|||110|||49|||29|||4
int|||76|||49|||30|||4
)|||109|||49|||31|||4
.|||75|||49|||33|||4
charAt|||6|||49|||34|||4
(|||111|||49|||35|||4
+|||30|||49|||38|||4
(|||112|||50|||6|||4
<|||31|||50|||8|||4
.|||76|||50|||10|||4
length|||28|||50|||11|||4
-|||21|||50|||12|||4
(|||113|||50|||22|||4
<|||32|||50|||24|||4
.|||77|||50|||26|||4
length|||29|||50|||27|||4
-|||22|||50|||28|||4
-|||23|||50|||30|||4
if|||14|||50|||34|||4
(|||114|||50|||35|||4
[|||46|||50|||37|||4
]|||46|||50|||39|||4
>|||13|||50|||40|||4
[|||47|||50|||42|||4
+|||31|||50|||44|||4
]|||47|||50|||46|||4
=|||153|||50|||51|||4
[|||48|||50|||53|||4
]|||48|||50|||55|||4
[|||49|||50|||58|||4
]|||49|||50|||60|||4
=|||154|||50|||61|||4
[|||50|||50|||63|||4
+|||32|||50|||65|||4
]|||50|||50|||67|||4
[|||51|||50|||70|||4
+|||33|||50|||72|||4
]|||51|||50|||74|||4
=|||155|||50|||75|||4
(|||115|||51|||6|||4
<|||33|||51|||8|||4
.|||78|||51|||10|||4
length|||30|||51|||11|||4
-|||24|||51|||12|||4
+|||34|||51|||24|||4
(|||116|||51|||28|||4
<|||34|||51|||30|||4
.|||79|||51|||32|||4
length|||31|||51|||33|||4
if|||15|||51|||36|||4
(|||117|||51|||37|||4
[|||52|||51|||39|||4
]|||52|||51|||41|||4
<|||35|||51|||42|||4
[|||53|||51|||44|||4
]|||53|||51|||46|||4
=|||159|||51|||49|||4
=|||160|||51|||58|||4
[|||54|||51|||60|||4
]|||54|||51|||62|||4
[|||55|||51|||65|||4
]|||55|||51|||67|||4
=|||161|||51|||68|||4
[|||56|||51|||70|||4
]|||56|||51|||72|||4
[|||57|||51|||75|||4
]|||57|||51|||77|||4
=|||162|||51|||78|||4
(|||118|||52|||6|||4
<|||36|||52|||8|||4
.|||80|||52|||10|||4
length|||32|||52|||11|||4
=|||164|||52|||16|||4
[|||58|||52|||18|||4
]|||58|||52|||20|||4
-|||25|||52|||25|||4
(|||119|||52|||29|||4
>=|||4|||52|||31|||4
&&|||2|||52|||33|||4
[|||59|||52|||35|||4
]|||59|||52|||37|||4
>|||14|||52|||38|||4
[|||60|||52|||43|||4
+|||35|||52|||45|||4
]|||60|||52|||47|||4
=|||166|||52|||48|||4
[|||61|||52|||50|||4
]|||61|||52|||52|||4
[|||62|||52|||59|||4
+|||36|||52|||61|||4
]|||62|||52|||63|||4
=|||167|||52|||64|||4
(|||120|||53|||6|||4
<|||37|||53|||8|||4
(|||121|||53|||22|||4
<=|||16|||53|||24|||4
(|||122|||53|||33|||4
+|||37|||53|||35|||4
=|||171|||53|||41|||4
*|||6|||53|||43|||4
(|||123|||53|||44|||4
-|||26|||53|||46|||4
/|||8|||53|||49|||4
(|||124|||53|||50|||4
+|||38|||53|||52|||4
(|||125|||53|||65|||4
(|||126|||54|||22|||4
<|||38|||54|||24|||4
*=|||7|||54|||29|||4
(|||127|||54|||30|||4
-|||27|||54|||32|||4
*=|||8|||54|||37|||4
(|||128|||54|||38|||4
+|||39|||54|||40|||4
(|||129|||54|||53|||4
/|||9|||54|||55|||4
(|||130|||55|||10|||4
>|||15|||55|||12|||4
+=|||10|||55|||17|||4
%|||13|||55|||19|||4
/=|||8|||55|||23|||4
(|||131|||56|||19|||4
<|||39|||56|||21|||4
.|||87|||56|||23|||4
length|||33|||56|||24|||4
(|||132|||56|||25|||4
if|||16|||56|||29|||4
(|||133|||56|||30|||4
.|||88|||56|||32|||4
charAt|||7|||56|||33|||4
(|||134|||56|||34|||4
==|||6|||56|||37|||4
'|||3|||56|||38|||4
'|||4|||56|||39|||4
(|||135|||57|||13|||4
<|||40|||57|||15|||4
.|||89|||57|||17|||4
length|||34|||57|||18|||4
(|||136|||57|||19|||4
(|||137|||57|||28|||4
(|||138|||57|||29|||4
char|||2|||57|||30|||4
)|||137|||57|||31|||4
(|||139|||57|||32|||4
.|||92|||57|||34|||4
charAt|||8|||57|||35|||4
(|||140|||57|||36|||4
-|||28|||57|||39|||4
(|||141|||58|||6|||4
<=|||17|||58|||8|||4
(|||142|||58|||22|||4
<=|||18|||58|||24|||4
/|||10|||58|||26|||4
if|||17|||58|||30|||4
(|||143|||58|||31|||4
%|||14|||58|||33|||4
==|||7|||58|||35|||4
=|||187|||58|||39|||4
if|||18|||58|||46|||4
(|||144|||58|||47|||4
==|||8|||58|||49|||4
(|||145|||58|||57|||4
+|||40|||58|||59|||4
(|||146|||59|||11|||4
>|||16|||59|||13|||4
?|||2|||59|||16|||4
:|||2|||59|||18|||4
(|||147|||59|||22|||4
%|||15|||59|||24|||4
!=|||7|||59|||26|||4
|||||2|||59|||28|||4
%|||16|||59|||30|||4
!=|||8|||59|||32|||4
(|||148|||59|||43|||4
;|||2|||0|||10|||5
++|||1|||0|||12|||5
;|||6|||1|||15|||5
++|||2|||1|||17|||5
;|||9|||2|||10|||5
;|||12|||3|||10|||5
;|||16|||4|||15|||5
++|||3|||4|||17|||5
;|||20|||5|||29|||5
++|||4|||5|||31|||5
;|||23|||6|||14|||5
--|||1|||6|||16|||5
;|||27|||7|||17|||5
++|||5|||7|||19|||5
;|||31|||8|||21|||5
++|||6|||8|||23|||5
;|||38|||9|||15|||5
++|||7|||9|||21|||5
;|||42|||10|||15|||5
;|||46|||11|||20|||5
++|||8|||11|||22|||5
;|||50|||12|||20|||5
++|||9|||12|||22|||5
;|||54|||13|||17|||5
;|||58|||14|||21|||5
++|||10|||14|||23|||5
;|||61|||15|||16|||5
++|||11|||15|||18|||5
;|||68|||16|||26|||5
++|||12|||16|||28|||5
++|||13|||16|||50|||5
;|||72|||17|||19|||5
;|||76|||18|||23|||5
++|||14|||18|||25|||5
;|||80|||19|||21|||5
++|||15|||19|||23|||5
;|||83|||20|||14|||5
++|||16|||20|||16|||5
;|||85|||20|||34|||5
++|||17|||20|||36|||5
;|||90|||21|||14|||5
++|||18|||21|||16|||5
;|||93|||21|||38|||5
++|||19|||21|||40|||5
;|||99|||22|||12|||5
++|||20|||22|||14|||5
--|||2|||22|||54|||5
;|||104|||23|||10|||5
++|||21|||23|||12|||5
;|||107|||23|||30|||5
++|||22|||23|||32|||5
;|||113|||24|||27|||5
++|||23|||24|||29|||5
;|||119|||25|||15|||5
;|||124|||26|||28|||5
++|||24|||26|||30|||5
++|||25|||26|||45|||5
;|||128|||27|||21|||5
++|||26|||27|||23|||5
;|||131|||28|||10|||5
++|||27|||28|||12|||5
;|||134|||28|||32|||5
++|||28|||28|||34|||5
;|||139|||29|||35|||5
++|||29|||29|||37|||5
++|||30|||30|||25|||5
++|||31|||31|||21|||5
++|||32|||34|||21|||5
++|||33|||35|||47|||5
--|||3|||36|||32|||5
++|||34|||37|||26|||5
++|||35|||38|||49|||5
++|||36|||39|||17|||5
++|||37|||41|||38|||5
++|||38|||42|||38|||5
++|||39|||44|||35|||5
++|||40|||45|||55|||5
++|||41|||46|||47|||5
++|||42|||46|||50|||5
++|||43|||48|||29|||5
++|||44|||49|||44|||5
++|||45|||50|||80|||5
++|||46|||50|||84|||5
++|||47|||51|||53|||5
++|||48|||51|||82|||5
--|||4|||52|||55|||5
++|||49|||52|||68|||5
++|||50|||53|||57|||5
++|||51|||53|||69|||5
++|||52|||54|||45|||5
++|||53|||56|||42|||5
++|||54|||56|||45|||5
++|||55|||57|||45|||5
++|||56|||58|||43|||5
++|||57|||58|||65|||5
++|||58|||59|||36|||5
)|||1|||0|||13|||2
)|||2|||0|||24|||2
;|||3|||0|||25|||2
;|||4|||1|||4|||2
)|||3|||1|||18|||2
;|||7|||1|||22|||2
)|||4|||2|||14|||2
)|||5|||2|||25|||2
;|||10|||2|||26|||2
)|||6|||3|||14|||2
)|||7|||3|||25|||2
;|||13|||3|||26|||2
;|||14|||4|||4|||2
)|||8|||4|||18|||2
;|||17|||4|||22|||2
}|||1|||5|||15|||2
;|||18|||5|||16|||2
)|||9|||5|||32|||2
)|||10|||5|||46|||2
;|||21|||5|||47|||2
)|||11|||6|||17|||2
)|||12|||6|||31|||2
;|||24|||6|||32|||2
;|||25|||7|||4|||2
)|||13|||7|||20|||2
;|||28|||7|||27|||2
,|||5|||8|||4|||2
,|||6|||8|||8|||2
;|||29|||8|||10|||2
)|||14|||8|||24|||2
{|||2|||8|||25|||2
)|||15|||8|||36|||2
;|||32|||8|||37|||2
;|||33|||8|||43|||2
;|||34|||8|||47|||2
;|||35|||8|||51|||2
}|||2|||8|||52|||2
,|||7|||9|||4|||2
;|||36|||9|||8|||2
)|||16|||9|||19|||2
;|||39|||9|||22|||2
,|||8|||10|||4|||2
;|||40|||10|||8|||2
)|||17|||10|||19|||2
;|||43|||10|||29|||2
;|||44|||11|||7|||2
)|||18|||11|||23|||2
)|||19|||11|||32|||2
;|||47|||11|||39|||2
;|||48|||12|||7|||2
)|||20|||12|||23|||2
)|||21|||12|||32|||2
;|||51|||12|||39|||2
,|||9|||13|||4|||2
;|||52|||13|||8|||2
)|||22|||13|||31|||2
;|||55|||13|||32|||2
,|||12|||14|||4|||2
;|||56|||14|||8|||2
)|||23|||14|||24|||2
)|||24|||14|||32|||2
;|||59|||14|||36|||2
,|||13|||15|||6|||2
)|||25|||15|||19|||2
{|||3|||15|||20|||2
;|||62|||15|||27|||2
;|||63|||15|||43|||2
;|||64|||15|||56|||2
}|||3|||15|||57|||2
;|||65|||16|||6|||2
;|||66|||16|||11|||2
)|||26|||16|||25|||2
)|||27|||16|||29|||2
)|||28|||16|||43|||2
)|||29|||16|||44|||2
)|||30|||16|||48|||2
;|||69|||16|||51|||2
,|||14|||17|||4|||2
,|||15|||17|||8|||2
;|||70|||17|||12|||2
)|||31|||17|||23|||2
;|||73|||17|||33|||2
,|||16|||18|||4|||2
,|||17|||18|||8|||2
;|||74|||18|||12|||2
)|||32|||18|||26|||2
;|||77|||18|||30|||2
;|||78|||19|||6|||2
)|||33|||19|||20|||2
)|||34|||19|||24|||2
)|||36|||19|||39|||2
)|||37|||19|||43|||2
;|||81|||19|||44|||2
)|||38|||20|||17|||2
)|||39|||20|||37|||2
)|||40|||20|||51|||2
{|||4|||20|||52|||2
;|||86|||20|||60|||2
;|||87|||20|||72|||2
;|||88|||20|||81|||2
}|||4|||20|||82|||2
)|||41|||21|||17|||2
{|||5|||21|||18|||2
;|||91|||21|||23|||2
)|||42|||21|||41|||2
)|||43|||21|||53|||2
;|||94|||21|||57|||2
;|||95|||21|||65|||2
;|||96|||21|||75|||2
;|||97|||21|||82|||2
}|||5|||21|||83|||2
)|||44|||22|||15|||2
{|||6|||22|||16|||2
,|||18|||22|||24|||2
;|||100|||22|||30|||2
)|||45|||22|||43|||2
;|||101|||22|||56|||2
;|||102|||22|||65|||2
}|||6|||22|||66|||2
)|||46|||23|||13|||2
{|||7|||23|||14|||2
;|||105|||23|||19|||2
)|||47|||23|||33|||2
{|||8|||23|||34|||2
)|||48|||23|||45|||2
;|||108|||23|||46|||2
)|||49|||23|||55|||2
)|||50|||23|||61|||2
;|||109|||23|||62|||2
}|||7|||23|||63|||2
)|||51|||23|||70|||2
;|||110|||23|||71|||2
}|||8|||23|||72|||2
,|||19|||24|||4|||2
,|||20|||24|||8|||2
,|||21|||24|||12|||2
;|||111|||24|||16|||2
)|||52|||24|||30|||2
{|||9|||24|||31|||2
)|||53|||24|||38|||2
;|||114|||24|||39|||2
)|||54|||24|||46|||2
;|||115|||24|||47|||2
}|||9|||24|||48|||2
)|||55|||24|||58|||2
;|||116|||24|||59|||2
,|||22|||25|||4|||2
;|||117|||25|||8|||2
)|||56|||25|||19|||2
;|||120|||25|||25|||2
;|||121|||26|||8|||2
;|||122|||26|||13|||2
)|||57|||26|||27|||2
)|||58|||26|||31|||2
)|||59|||26|||39|||2
)|||60|||26|||43|||2
;|||125|||26|||46|||2
;|||126|||27|||6|||2
)|||61|||27|||20|||2
)|||62|||27|||24|||2
)|||64|||27|||40|||2
)|||65|||27|||43|||2
)|||66|||27|||44|||2
;|||129|||27|||45|||2
)|||67|||28|||13|||2
{|||10|||28|||14|||2
;|||132|||28|||19|||2
)|||68|||28|||35|||2
)|||69|||28|||43|||2
;|||135|||28|||47|||2
)|||70|||28|||53|||2
)|||71|||28|||64|||2
;|||136|||28|||65|||2
}|||10|||28|||66|||2
,|||23|||29|||4|||2
,|||24|||29|||8|||2
)|||72|||29|||15|||2
;|||137|||29|||20|||2
)|||73|||29|||38|||2
;|||140|||29|||39|||2
)|||74|||29|||47|||2
;|||141|||29|||48|||2
;|||142|||30|||4|||2
)|||75|||30|||10|||2
{|||11|||30|||11|||2
)|||76|||30|||22|||2
;|||143|||30|||23|||2
;|||144|||30|||26|||2
}|||11|||30|||27|||2
,|||25|||31|||4|||2
;|||145|||31|||8|||2
)|||77|||31|||14|||2
{|||12|||31|||15|||2
;|||146|||31|||19|||2
;|||147|||31|||22|||2
}|||12|||31|||23|||2
;|||148|||32|||4|||2
)|||78|||32|||10|||2
{|||13|||32|||11|||2
)|||79|||32|||22|||2
;|||149|||32|||23|||2
;|||150|||32|||27|||2
}|||13|||32|||28|||2
;|||151|||33|||4|||2
)|||80|||33|||10|||2
{|||14|||33|||11|||2
)|||81|||33|||22|||2
;|||152|||33|||23|||2
;|||153|||33|||27|||2
}|||14|||33|||28|||2
,|||26|||34|||4|||2
;|||154|||34|||8|||2
)|||82|||34|||14|||2
{|||15|||34|||15|||2
;|||155|||34|||19|||2
;|||156|||34|||22|||2
}|||15|||34|||23|||2
}|||16|||35|||15|||2
;|||157|||35|||16|||2
;|||158|||35|||21|||2
)|||83|||35|||29|||2
{|||17|||35|||30|||2
)|||84|||35|||44|||2
;|||159|||35|||45|||2
;|||160|||35|||48|||2
}|||17|||35|||49|||2
;|||161|||36|||8|||2
)|||85|||36|||14|||2
{|||18|||36|||15|||2
)|||86|||36|||29|||2
;|||162|||36|||30|||2
;|||163|||36|||33|||2
}|||18|||36|||34|||2
,|||31|||37|||4|||2
;|||164|||37|||8|||2
)|||87|||37|||16|||2
{|||19|||37|||17|||2
;|||165|||37|||24|||2
;|||166|||37|||27|||2
}|||19|||37|||28|||2
,|||32|||38|||4|||2
,|||33|||38|||8|||2
,|||34|||38|||10|||2
;|||167|||38|||14|||2
)|||88|||38|||20|||2
{|||20|||38|||21|||2
)|||89|||38|||32|||2
;|||168|||38|||33|||2
;|||169|||38|||39|||2
;|||170|||38|||43|||2
;|||171|||38|||47|||2
;|||172|||38|||50|||2
}|||20|||38|||51|||2
,|||35|||39|||4|||2
;|||173|||39|||8|||2
)|||90|||39|||14|||2
{|||21|||39|||15|||2
;|||174|||39|||18|||2
;|||175|||39|||22|||2
}|||21|||39|||23|||2
,|||36|||40|||4|||2
;|||176|||40|||8|||2
)|||91|||40|||14|||2
{|||22|||40|||15|||2
;|||177|||40|||25|||2
;|||178|||40|||29|||2
}|||22|||40|||30|||2
,|||37|||41|||7|||2
;|||179|||41|||11|||2
)|||92|||41|||19|||2
{|||23|||41|||20|||2
)|||93|||41|||29|||2
;|||180|||41|||36|||2
;|||181|||41|||39|||2
}|||23|||41|||40|||2
,|||38|||42|||7|||2
;|||182|||42|||11|||2
)|||94|||42|||19|||2
{|||24|||42|||20|||2
)|||95|||42|||29|||2
;|||183|||42|||36|||2
;|||184|||42|||39|||2
}|||24|||42|||40|||2
,|||39|||43|||4|||2
,|||40|||43|||8|||2
;|||185|||43|||10|||2
)|||96|||43|||16|||2
{|||25|||43|||17|||2
;|||186|||43|||21|||2
;|||187|||43|||27|||2
;|||188|||43|||31|||2
}|||25|||43|||32|||2
,|||41|||44|||4|||2
,|||42|||44|||8|||2
;|||189|||44|||12|||2
)|||97|||44|||20|||2
{|||26|||44|||21|||2
)|||98|||44|||29|||2
;|||190|||44|||33|||2
;|||191|||44|||36|||2
}|||26|||44|||37|||2
,|||43|||45|||4|||2
;|||192|||45|||6|||2
)|||99|||45|||16|||2
{|||27|||45|||17|||2
;|||193|||45|||24|||2
;|||194|||45|||40|||2
;|||195|||45|||53|||2
;|||196|||45|||56|||2
}|||27|||45|||57|||2
;|||197|||46|||6|||2
,|||44|||46|||11|||2
;|||198|||46|||15|||2
)|||100|||46|||24|||2
)|||101|||46|||25|||2
{|||28|||46|||26|||2
)|||102|||46|||40|||2
)|||103|||46|||41|||2
)|||104|||46|||45|||2
;|||199|||46|||48|||2
;|||200|||46|||51|||2
}|||28|||46|||52|||2
,|||45|||47|||4|||2
,|||46|||47|||8|||2
;|||201|||47|||12|||2
)|||105|||47|||18|||2
{|||29|||47|||19|||2
;|||202|||47|||29|||2
;|||203|||47|||33|||2
}|||29|||47|||34|||2
,|||47|||48|||4|||2
,|||48|||48|||8|||2
,|||49|||48|||12|||2
;|||204|||48|||16|||2
)|||106|||48|||22|||2
{|||30|||48|||23|||2
;|||205|||48|||27|||2
;|||206|||48|||30|||2
}|||30|||48|||31|||2
;|||207|||49|||6|||2
;|||208|||49|||11|||2
)|||107|||49|||20|||2
)|||108|||49|||21|||2
{|||31|||49|||22|||2
)|||110|||49|||37|||2
)|||111|||49|||41|||2
;|||209|||49|||42|||2
;|||210|||49|||45|||2
}|||31|||49|||46|||2
;|||211|||50|||4|||2
)|||112|||50|||14|||2
{|||32|||50|||15|||2
;|||212|||50|||20|||2
)|||113|||50|||32|||2
{|||33|||50|||33|||2
)|||114|||50|||47|||2
{|||34|||50|||48|||2
;|||213|||50|||56|||2
;|||214|||50|||68|||2
;|||215|||50|||77|||2
}|||32|||50|||78|||2
;|||216|||50|||81|||2
}|||33|||50|||82|||2
;|||217|||50|||85|||2
}|||34|||50|||86|||2
;|||218|||51|||4|||2
)|||115|||51|||14|||2
{|||35|||51|||15|||2
,|||50|||51|||20|||2
;|||219|||51|||26|||2
)|||116|||51|||34|||2
{|||36|||51|||35|||2
)|||117|||51|||47|||2
;|||220|||51|||51|||2
;|||221|||51|||54|||2
}|||35|||51|||55|||2
;|||222|||51|||63|||2
;|||223|||51|||73|||2
;|||224|||51|||80|||2
;|||225|||51|||83|||2
}|||36|||51|||84|||2
;|||226|||52|||4|||2
)|||118|||52|||12|||2
{|||37|||52|||13|||2
,|||51|||52|||21|||2
;|||227|||52|||27|||2
)|||119|||52|||40|||2
{|||38|||52|||41|||2
;|||228|||52|||53|||2
;|||229|||52|||56|||2
}|||37|||52|||57|||2
;|||230|||52|||66|||2
;|||231|||52|||69|||2
}|||38|||52|||70|||2
;|||232|||53|||4|||2
)|||120|||53|||10|||2
{|||39|||53|||11|||2
,|||52|||53|||16|||2
;|||233|||53|||20|||2
)|||121|||53|||26|||2
{|||40|||53|||27|||2
)|||122|||53|||38|||2
;|||234|||53|||39|||2
)|||123|||53|||48|||2
)|||124|||53|||54|||2
;|||235|||53|||55|||2
;|||236|||53|||58|||2
}|||39|||53|||59|||2
)|||125|||53|||66|||2
;|||237|||53|||67|||2
;|||238|||53|||70|||2
}|||40|||53|||71|||2
,|||53|||54|||4|||2
,|||54|||54|||8|||2
,|||55|||54|||12|||2
,|||56|||54|||16|||2
;|||239|||54|||20|||2
)|||126|||54|||26|||2
{|||41|||54|||27|||2
)|||127|||54|||34|||2
;|||240|||54|||35|||2
)|||128|||54|||42|||2
;|||241|||54|||43|||2
;|||242|||54|||46|||2
}|||41|||54|||47|||2
)|||129|||54|||57|||2
;|||243|||54|||58|||2
,|||57|||55|||4|||2
;|||244|||55|||8|||2
)|||130|||55|||14|||2
{|||42|||55|||15|||2
;|||245|||55|||21|||2
;|||246|||55|||25|||2
}|||42|||55|||26|||2
;|||247|||56|||8|||2
,|||58|||56|||13|||2
;|||248|||56|||17|||2
)|||131|||56|||26|||2
)|||132|||56|||27|||2
{|||43|||56|||28|||2
)|||133|||56|||36|||2
)|||134|||56|||40|||2
;|||249|||56|||43|||2
;|||250|||56|||46|||2
}|||43|||56|||47|||2
;|||251|||57|||6|||2
;|||252|||57|||11|||2
)|||135|||57|||20|||2
)|||136|||57|||21|||2
{|||44|||57|||22|||2
)|||138|||57|||38|||2
)|||139|||57|||41|||2
)|||140|||57|||42|||2
;|||253|||57|||43|||2
;|||254|||57|||46|||2
}|||44|||57|||47|||2
;|||255|||58|||4|||2
)|||141|||58|||10|||2
{|||45|||58|||11|||2
,|||59|||58|||16|||2
;|||256|||58|||20|||2
)|||142|||58|||28|||2
{|||46|||58|||29|||2
)|||143|||58|||37|||2
;|||257|||58|||41|||2
;|||258|||58|||44|||2
}|||45|||58|||45|||2
)|||144|||58|||51|||2
)|||145|||58|||62|||2
;|||259|||58|||63|||2
;|||260|||58|||66|||2
}|||46|||58|||67|||2
,|||60|||59|||4|||2
,|||61|||59|||8|||2
)|||146|||59|||15|||2
;|||261|||59|||20|||2
)|||147|||59|||34|||2
;|||262|||59|||37|||2
)|||148|||59|||45|||2
;|||263|||59|||46|||2
System|||1|||0|||14|||8
.|||1|||0|||15|||8
out|||1|||0|||16|||8
.|||2|||0|||17|||8
print|||1|||0|||18|||8
System|||2|||2|||15|||8
.|||3|||2|||16|||8
out|||2|||2|||17|||8
.|||4|||2|||18|||8
print|||2|||2|||19|||8
System|||3|||3|||15|||8
.|||5|||3|||16|||8
out|||3|||3|||17|||8
.|||6|||3|||18|||8
print|||3|||3|||19|||8
System|||4|||5|||33|||8
.|||8|||5|||34|||8
out|||4|||5|||35|||8
.|||9|||5|||36|||8
print|||4|||5|||37|||8
System|||5|||6|||18|||8
.|||11|||6|||19|||8
out|||5|||6|||20|||8
.|||12|||6|||21|||8
print|||5|||6|||22|||8
System|||6|||8|||26|||8
.|||14|||8|||27|||8
out|||6|||8|||28|||8
.|||15|||8|||29|||8
print|||6|||8|||30|||8
System|||7|||19|||25|||8
.|||25|||19|||26|||8
out|||7|||19|||27|||8
.|||26|||19|||28|||8
print|||7|||19|||29|||8
System|||8|||23|||35|||8
.|||33|||23|||36|||8
out|||8|||23|||37|||8
.|||34|||23|||38|||8
print|||8|||23|||39|||8
System|||9|||23|||64|||8
.|||35|||23|||65|||8
out|||9|||23|||66|||8
.|||36|||23|||67|||8
println|||1|||23|||68|||8
System|||10|||24|||49|||8
.|||37|||24|||50|||8
out|||10|||24|||51|||8
.|||38|||24|||52|||8
print|||9|||24|||53|||8
System|||11|||27|||25|||8
.|||42|||27|||26|||8
out|||11|||27|||27|||8
.|||43|||27|||28|||8
print|||10|||27|||29|||8
System|||12|||28|||54|||8
.|||45|||28|||55|||8
out|||12|||28|||56|||8
.|||46|||28|||57|||8
print|||11|||28|||58|||8
System|||13|||29|||40|||8
.|||47|||29|||41|||8
out|||13|||29|||42|||8
.|||48|||29|||43|||8
print|||12|||29|||44|||8
System|||14|||30|||12|||8
.|||49|||30|||13|||8
out|||14|||30|||14|||8
.|||50|||30|||15|||8
print|||13|||30|||16|||8
System|||15|||32|||12|||8
.|||51|||32|||13|||8
out|||15|||32|||14|||8
.|||52|||32|||15|||8
print|||14|||32|||16|||8
System|||16|||33|||12|||8
.|||53|||33|||13|||8
out|||16|||33|||14|||8
.|||54|||33|||15|||8
print|||15|||33|||16|||8
System|||17|||35|||31|||8
.|||56|||35|||32|||8
out|||17|||35|||33|||8
.|||57|||35|||34|||8
print|||16|||35|||35|||8
System|||18|||36|||16|||8
.|||59|||36|||17|||8
out|||18|||36|||18|||8
.|||60|||36|||19|||8
print|||17|||36|||20|||8
System|||19|||38|||22|||8
.|||62|||38|||23|||8
out|||19|||38|||24|||8
.|||63|||38|||25|||8
print|||18|||38|||26|||8
System|||20|||49|||23|||8
.|||73|||49|||24|||8
out|||20|||49|||25|||8
.|||74|||49|||26|||8
print|||19|||49|||27|||8
System|||21|||53|||28|||8
.|||81|||53|||29|||8
out|||21|||53|||30|||8
.|||82|||53|||31|||8
print|||20|||53|||32|||8
System|||22|||53|||60|||8
.|||83|||53|||61|||8
out|||22|||53|||62|||8
.|||84|||53|||63|||8
println|||2|||53|||64|||8
System|||23|||54|||48|||8
.|||85|||54|||49|||8
out|||23|||54|||50|||8
.|||86|||54|||51|||8
print|||21|||54|||52|||8
System|||24|||57|||23|||8
.|||90|||57|||24|||8
out|||24|||57|||25|||8
.|||91|||57|||26|||8
print|||22|||57|||27|||8
System|||25|||58|||52|||8
.|||93|||58|||53|||8
out|||25|||58|||54|||8
.|||94|||58|||55|||8
print|||23|||58|||56|||8
System|||26|||59|||38|||8
.|||95|||59|||39|||8
out|||26|||59|||40|||8
.|||96|||59|||41|||8
print|||24|||59|||42|||8
sum|||1|||1|||1|||1
sum|||2|||1|||19|||1
fact|||1|||4|||1|||1
fact|||2|||4|||19|||1
arr|||1|||5|||3|||1
2|||4|||5|||8|||1
3|||1|||5|||10|||1
4|||1|||5|||12|||1
5|||4|||5|||14|||1
arr|||2|||5|||26|||1
arr|||3|||5|||39|||1
arr|||4|||6|||5|||1
arr|||5|||6|||24|||1
sum|||3|||7|||1|||1
arr|||6|||7|||14|||1
sum|||4|||7|||21|||1
arr|||7|||7|||23|||1
a|||1|||8|||1|||1
b|||1|||8|||5|||1
c|||1|||8|||9|||1
a|||2|||8|||32|||1
c|||2|||8|||38|||1
a|||3|||8|||40|||1
b|||2|||8|||42|||1
b|||3|||8|||46|||1
c|||3|||8|||50|||1
num|||1|||9|||1|||1
count|||1|||9|||5|||1
num|||2|||9|||12|||1
num|||3|||9|||16|||1
count|||2|||9|||20|||1
rev|||1|||10|||1|||1
num|||4|||10|||5|||1
num|||5|||10|||12|||1
num|||6|||10|||16|||1
rev|||2|||10|||20|||1
rev|||3|||10|||22|||1
num|||7|||10|||26|||1
max|||1|||11|||1|||1
arr|||8|||11|||3|||1
arr|||9|||11|||17|||1
arr|||10|||11|||26|||1
max|||2|||11|||31|||1
arr|||11|||11|||35|||1
min|||1|||12|||1|||1
arr|||12|||12|||3|||1
arr|||13|||12|||17|||1
arr|||14|||12|||26|||1
min|||2|||12|||31|||1
arr|||15|||12|||35|||1
a|||5|||13|||1|||1
b|||5|||13|||5|||1
t|||1|||13|||12|||1
b|||6|||13|||14|||1
t|||2|||13|||18|||1
b|||7|||13|||20|||1
a|||6|||13|||24|||1
b|||9|||13|||26|||1
t|||3|||13|||30|||1
n|||1|||14|||1|||1
flag|||1|||14|||5|||1
n|||2|||14|||18|||1
n|||3|||14|||27|||1
flag|||2|||14|||33|||1
temp|||1|||15|||7|||1
arr|||16|||15|||11|||1
temp|||2|||15|||21|||1
arr|||17|||15|||23|||1
arr|||18|||15|||28|||1
arr|||19|||15|||33|||1
arr|||20|||15|||35|||1
arr|||21|||15|||44|||1
arr|||22|||15|||46|||1
temp|||3|||15|||55|||1
str|||1|||16|||1|||1
vc|||1|||16|||8|||1
str|||2|||16|||21|||1
str|||3|||16|||38|||1
vc|||2|||16|||49|||1
num|||8|||17|||1|||1
rev|||4|||17|||5|||1
temp|||4|||17|||9|||1
num|||9|||17|||11|||1
temp|||5|||17|||16|||1
temp|||6|||17|||20|||1
rev|||5|||17|||24|||1
rev|||6|||17|||26|||1
temp|||7|||17|||30|||1
x|||1|||18|||1|||1
y|||1|||18|||5|||1
3|||2|||18|||7|||1
res|||1|||18|||9|||1
y|||2|||18|||22|||1
res|||2|||18|||27|||1
x|||2|||18|||29|||1
s|||1|||19|||1|||1
s|||2|||19|||16|||1
s|||3|||19|||34|||1
arr|||23|||20|||9|||1
arr|||24|||20|||27|||1
arr|||25|||20|||40|||1
arr|||26|||20|||45|||1
t|||4|||20|||54|||1
arr|||27|||20|||56|||1
arr|||28|||20|||61|||1
arr|||29|||20|||66|||1
arr|||30|||20|||73|||1
t|||5|||20|||80|||1
arr|||31|||21|||9|||1
min|||4|||21|||20|||1
arr|||32|||21|||35|||1
arr|||33|||21|||44|||1
arr|||34|||21|||49|||1
min|||5|||21|||51|||1
t|||6|||21|||59|||1
arr|||35|||21|||61|||1
arr|||36|||21|||66|||1
arr|||37|||21|||71|||1
min|||7|||21|||73|||1
arr|||38|||21|||76|||1
min|||8|||21|||78|||1
t|||7|||21|||81|||1
arr|||39|||22|||9|||1
key|||1|||22|||18|||1
arr|||40|||22|||20|||1
arr|||41|||22|||37|||1
key|||2|||22|||42|||1
arr|||42|||22|||44|||1
arr|||43|||22|||51|||1
arr|||44|||22|||57|||1
key|||3|||22|||64|||1
c|||4|||23|||16|||1
c|||5|||23|||41|||1
c|||6|||23|||47|||1
c|||7|||23|||49|||1
n|||4|||24|||1|||1
r|||1|||24|||5|||1
num|||10|||24|||9|||1
den|||1|||24|||13|||1
r|||2|||24|||26|||1
num|||11|||24|||32|||1
n|||5|||24|||35|||1
den|||2|||24|||40|||1
num|||12|||24|||55|||1
den|||3|||24|||57|||1
num|||13|||25|||1|||1
sum|||5|||25|||5|||1
num|||14|||25|||12|||1
num|||15|||25|||16|||1
sum|||6|||25|||20|||1
num|||16|||25|||22|||1
str|||4|||26|||1|||1
wc|||1|||26|||10|||1
str|||5|||26|||23|||1
str|||6|||26|||34|||1
wc|||2|||26|||44|||1
str|||7|||27|||1|||1
str|||8|||27|||16|||1
str|||9|||27|||35|||1
f|||1|||28|||16|||1
f|||2|||28|||44|||1
f|||3|||28|||50|||1
a|||8|||29|||1|||1
b|||10|||29|||5|||1
lcm|||1|||29|||9|||1
a|||9|||29|||12|||1
b|||11|||29|||14|||1
a|||10|||29|||17|||1
b|||12|||29|||19|||1
lcm|||2|||29|||24|||1
a|||11|||29|||26|||1
lcm|||3|||29|||30|||1
b|||13|||29|||32|||1
lcm|||4|||29|||36|||1
lcm|||5|||29|||46|||1
sum|||7|||31|||1|||1
sum|||8|||31|||16|||1
fact|||3|||34|||1|||1
fact|||4|||34|||16|||1
arr|||45|||35|||3|||1
2|||16|||35|||8|||1
3|||3|||35|||10|||1
4|||2|||35|||12|||1
5|||11|||35|||14|||1
arr|||46|||35|||26|||1
arr|||47|||35|||37|||1
arr|||48|||36|||3|||1
arr|||49|||36|||22|||1
sum|||9|||37|||1|||1
arr|||50|||37|||13|||1
sum|||10|||37|||18|||1
arr|||51|||37|||20|||1
a|||12|||38|||1|||1
b|||14|||38|||5|||1
c|||8|||38|||9|||1
a|||13|||38|||28|||1
c|||9|||38|||34|||1
a|||14|||38|||36|||1
b|||15|||38|||38|||1
b|||16|||38|||42|||1
c|||10|||38|||46|||1
num|||17|||39|||1|||1
count|||3|||39|||5|||1
num|||18|||39|||11|||1
count|||4|||39|||16|||1
rev|||7|||40|||1|||1
num|||20|||40|||5|||1
num|||21|||40|||11|||1
rev|||8|||40|||16|||1
rev|||9|||40|||18|||1
num|||22|||40|||22|||1
max|||4|||41|||1|||1
arr|||52|||41|||3|||1
arr|||53|||41|||16|||1
arr|||54|||41|||23|||1
max|||5|||41|||28|||1
arr|||55|||41|||32|||1
min|||9|||42|||1|||1
arr|||56|||42|||3|||1
arr|||57|||42|||16|||1
arr|||58|||42|||23|||1
min|||10|||42|||28|||1
arr|||59|||42|||32|||1
a|||16|||43|||1|||1
b|||18|||43|||5|||1
t|||8|||43|||9|||1
b|||19|||43|||13|||1
t|||9|||43|||18|||1
b|||20|||43|||20|||1
a|||17|||43|||24|||1
b|||22|||43|||26|||1
t|||10|||43|||30|||1
n|||6|||44|||1|||1
flag|||3|||44|||5|||1
n|||7|||44|||17|||1
n|||8|||44|||24|||1
flag|||4|||44|||30|||1
temp|||8|||45|||5|||1
arr|||60|||45|||11|||1
temp|||9|||45|||18|||1
arr|||61|||45|||20|||1
arr|||62|||45|||25|||1
arr|||63|||45|||30|||1
arr|||64|||45|||32|||1
arr|||65|||45|||41|||1
arr|||66|||45|||43|||1
temp|||10|||45|||52|||1
str|||10|||46|||1|||1
vc|||3|||46|||8|||1
str|||11|||46|||20|||1
str|||12|||46|||35|||1
vc|||4|||46|||46|||1
num|||24|||47|||1|||1
rev|||10|||47|||5|||1
temp|||11|||47|||9|||1
num|||25|||47|||11|||1
temp|||12|||47|||15|||1
rev|||11|||47|||20|||1
rev|||12|||47|||22|||1
temp|||13|||47|||26|||1
x|||3|||48|||1|||1
y|||3|||48|||5|||1
3|||4|||48|||7|||1
res|||3|||48|||9|||1
y|||4|||48|||21|||1
res|||4|||48|||24|||1
x|||4|||48|||26|||1
s|||4|||49|||1|||1
s|||5|||49|||16|||1
s|||6|||49|||32|||1
arr|||67|||50|||9|||1
arr|||68|||50|||25|||1
arr|||69|||50|||36|||1
arr|||70|||50|||41|||1
t|||11|||50|||50|||1
arr|||71|||50|||52|||1
arr|||72|||50|||57|||1
arr|||73|||50|||62|||1
arr|||74|||50|||69|||1
t|||12|||50|||76|||1
arr|||75|||51|||9|||1
min|||12|||51|||17|||1
arr|||76|||51|||31|||1
arr|||77|||51|||38|||1
arr|||78|||51|||43|||1
min|||13|||51|||45|||1
t|||13|||51|||57|||1
arr|||79|||51|||59|||1
arr|||80|||51|||64|||1
arr|||81|||51|||69|||1
min|||15|||51|||71|||1
arr|||82|||51|||74|||1
min|||16|||51|||76|||1
t|||14|||51|||79|||1
arr|||83|||52|||9|||1
key|||4|||52|||15|||1
arr|||84|||52|||17|||1
arr|||85|||52|||34|||1
key|||5|||52|||39|||1
arr|||86|||52|||42|||1
arr|||87|||52|||49|||1
arr|||88|||52|||58|||1
key|||6|||52|||65|||1
c|||11|||53|||13|||1
c|||12|||53|||34|||1
c|||13|||53|||40|||1
c|||14|||53|||42|||1
n|||9|||54|||1|||1
r|||3|||54|||5|||1
num|||26|||54|||9|||1
den|||4|||54|||13|||1
r|||4|||54|||25|||1
num|||27|||54|||28|||1
n|||10|||54|||31|||1
den|||5|||54|||36|||1
num|||28|||54|||54|||1
den|||6|||54|||56|||1
num|||29|||55|||1|||1
sum|||11|||55|||5|||1
num|||30|||55|||11|||1
sum|||12|||55|||16|||1
num|||31|||55|||18|||1
str|||13|||56|||1|||1
wc|||3|||56|||10|||1
str|||14|||56|||22|||1
str|||15|||56|||31|||1
wc|||4|||56|||41|||1
str|||16|||57|||1|||1
str|||17|||57|||16|||1
str|||18|||57|||33|||1
f|||4|||58|||13|||1
f|||5|||58|||38|||1
f|||6|||58|||48|||1
a|||19|||59|||1|||1
b|||23|||59|||5|||1
lcm|||6|||59|||9|||1
a|||20|||59|||12|||1
b|||24|||59|||14|||1
a|||21|||59|||17|||1
b|||25|||59|||19|||1
lcm|||7|||59|||23|||1
a|||22|||59|||25|||1
lcm|||8|||59|||29|||1
b|||26|||59|||31|||1
lcm|||9|||59|||35|||1
lcm|||10|||59|||44|||1
