AlgorithmicBase|||1|||0|||2|||0
float|||1|||0|||15|||0
int|||1|||0|||22|||0
}|||1|||0|||44|||0
}|||2|||0|||45|||0
}|||3|||0|||46|||0
RepeatMechanism|||1|||1|||2|||0
float|||2|||1|||15|||0
int|||2|||1|||22|||0
}|||4|||1|||44|||0
}|||5|||1|||45|||0
}|||6|||1|||46|||0
NumberRange|||1|||2|||2|||0
float|||3|||2|||15|||0
}|||7|||2|||42|||0
}|||8|||2|||43|||0
LoopProcess|||1|||3|||2|||0
float|||4|||3|||15|||0
}|||10|||3|||39|||0
}|||11|||3|||40|||0
}|||12|||3|||41|||0
DecisionGate|||1|||4|||2|||0
int|||4|||4|||15|||0
int|||5|||4|||20|||0
if|||1|||4|||25|||0
}|||13|||4|||44|||0
}|||14|||4|||45|||0
ConditionFail|||1|||5|||2|||0
if|||2|||5|||25|||0
}|||16|||5|||47|||0
}|||17|||5|||48|||0
ArrayModify|||1|||6|||2|||0
+|||1|||6|||35|||0
100.0f|||1|||6|||39|||0
0|||7|||6|||49|||0
}|||19|||6|||53|||0
}|||20|||6|||54|||0
DataStore|||1|||7|||2|||0
+=|||1|||7|||30|||0
100.0f|||2|||7|||34|||0
0|||9|||7|||44|||0
}|||21|||7|||48|||0
IterateAction|||1|||8|||2|||0
float|||8|||8|||15|||0
}|||23|||8|||44|||0
}|||24|||8|||45|||0
LimitAchieved|||1|||9|||2|||0
float|||9|||9|||15|||0
0|||11|||9|||18|||0
}|||26|||9|||42|||0
}|||27|||9|||43|||0
StartState|||1|||10|||2|||0
float|||10|||10|||15|||0
0|||12|||10|||18|||0
}|||29|||10|||32|||0
InitializeVal|||1|||11|||2|||0
float|||11|||11|||15|||0
=|||17|||11|||17|||0
}|||31|||11|||32|||0
SpanRun|||1|||12|||2|||0
int|||17|||12|||15|||0
}|||33|||12|||44|||0
}|||34|||12|||45|||0
BoundCheck|||1|||13|||2|||0
int|||19|||13|||15|||0
}|||36|||13|||44|||0
}|||37|||13|||45|||0
}|||38|||13|||46|||0
QuickCycle|||1|||14|||2|||0
float|||12|||14|||15|||0
}|||39|||14|||44|||0
}|||40|||14|||45|||0
}|||41|||14|||46|||0
BriefRepeat|||1|||15|||2|||0
float|||13|||15|||15|||0
}|||42|||15|||42|||0
}|||43|||15|||43|||0
SizeCheck|||1|||16|||2|||0
"|||1|||16|||38|||0
x|||1|||16|||39|||0
is|||1|||16|||40|||0
greater|||1|||16|||41|||0
"|||2|||16|||42|||0
}|||45|||16|||45|||0
}|||46|||16|||46|||0
}|||47|||16|||47|||0
NotSmaller|||1|||17|||2|||0
if|||4|||17|||25|||0
<=|||2|||17|||28|||0
==|||1|||17|||30|||0
"|||3|||17|||40|||0
x|||2|||17|||41|||0
is|||2|||17|||42|||0
greater|||2|||17|||43|||0
"|||4|||17|||44|||0
}|||48|||17|||47|||0
}|||49|||17|||48|||0
ScaleValue|||1|||18|||2|||0
int|||23|||18|||15|||0
=|||29|||18|||36|||0
*|||1|||18|||41|||0
2|||4|||18|||42|||0
}|||52|||18|||56|||0
}|||53|||18|||57|||0
ItemScale|||1|||19|||2|||0
int|||24|||19|||15|||0
*=|||1|||19|||36|||0
2|||8|||19|||37|||0
}|||55|||19|||51|||0
IncrStep|||1|||20|||2|||0
float|||18|||20|||15|||0
4|||3|||20|||26|||0
}|||57|||20|||44|||0
}|||58|||20|||45|||0
}|||59|||20|||46|||0
StepAdvance|||1|||21|||2|||0
float|||19|||21|||15|||0
4|||4|||21|||26|||0
}|||60|||21|||44|||0
}|||61|||21|||45|||0
}|||62|||21|||46|||0
OriginZero|||1|||22|||2|||0
float|||20|||22|||15|||0
=|||33|||22|||17|||0
0|||17|||22|||18|||0
}|||63|||22|||32|||0
FirstPos|||1|||23|||2|||0
float|||21|||23|||15|||0
}|||65|||23|||32|||0
totalElements|||1|||0|||16|||1
for|||1|||0|||20|||1
counter|||1|||0|||23|||1
;|||2|||0|||26|||1
counter|||2|||0|||27|||1
totalElements|||2|||0|||29|||1
counter|||3|||0|||31|||1
++|||1|||0|||32|||1
counter|||4|||0|||41|||1
itemsToRepeat|||1|||1|||16|||1
for|||2|||1|||20|||1
index|||1|||1|||23|||1
;|||6|||1|||26|||1
index|||2|||1|||27|||1
itemsToRepeat|||2|||1|||29|||1
index|||3|||1|||31|||1
++|||2|||1|||32|||1
index|||4|||1|||41|||1
iVal|||1|||2|||16|||1
while|||1|||2|||20|||1
iVal|||2|||2|||22|||1
int|||3|||2|||34|||1
iVal|||3|||2|||36|||1
iVal|||4|||2|||39|||1
iterator|||1|||3|||16|||1
while|||2|||3|||20|||1
iterator|||2|||3|||22|||1
iterator|||3|||3|||33|||1
iterator|||4|||3|||36|||1
currentIdx|||1|||4|||16|||1
5|||1|||4|||18|||1
maxValue|||1|||4|||21|||1
currentIdx|||2|||4|||27|||1
float|||5|||4|||30|||1
maxValue|||2|||4|||32|||1
currentIdx|||3|||4|||41|||1
float|||6|||5|||15|||1
checkIdx|||1|||5|||16|||1
5|||2|||5|||18|||1
float|||7|||5|||20|||1
upperLim|||1|||5|||21|||1
10|||6|||5|||23|||1
!|||1|||5|||27|||1
checkIdx|||2|||5|||29|||1
upperLim|||2|||5|||31|||1
int|||6|||5|||42|||1
checkIdx|||3|||5|||44|||1
int|||7|||6|||15|||1
dataPoints|||1|||6|||18|||1
int|||8|||6|||21|||1
5|||3|||6|||23|||1
dataPoints|||2|||6|||26|||1
dataPoints|||3|||6|||31|||1
int|||9|||6|||37|||1
dataPoints|||4|||6|||47|||1
int|||10|||7|||15|||1
container|||1|||7|||18|||1
int|||11|||7|||21|||1
5|||4|||7|||23|||1
container|||2|||7|||26|||1
int|||12|||7|||32|||1
container|||3|||7|||42|||1
kVal|||1|||8|||16|||1
for|||3|||8|||18|||1
kVal|||2|||8|||20|||1
;|||28|||8|||23|||1
kVal|||3|||8|||24|||1
kVal|||4|||8|||28|||1
++|||5|||8|||29|||1
int|||13|||8|||39|||1
kVal|||5|||8|||41|||1
limiter|||1|||9|||16|||1
while|||3|||9|||20|||1
limiter|||2|||9|||22|||1
int|||14|||9|||34|||1
limiter|||3|||9|||36|||1
limiter|||4|||9|||39|||1
initialValue|||1|||10|||16|||1
int|||15|||10|||27|||1
initialValue|||2|||10|||29|||1
identifier|||1|||11|||16|||1
int|||16|||11|||27|||1
identifier|||2|||11|||29|||1
limit|||1|||12|||16|||1
10|||7|||12|||18|||1
for|||4|||12|||20|||1
counterInner|||1|||12|||23|||1
;|||39|||12|||26|||1
counterInner|||2|||12|||27|||1
limit|||2|||12|||29|||1
counterInner|||3|||12|||31|||1
++|||7|||12|||32|||1
counterInner|||4|||12|||41|||1
topRange|||1|||13|||16|||1
10|||8|||13|||18|||1
for|||5|||13|||20|||1
walker|||1|||13|||23|||1
;|||43|||13|||26|||1
walker|||2|||13|||27|||1
topRange|||2|||13|||29|||1
walker|||3|||13|||31|||1
++|||8|||13|||32|||1
walker|||4|||13|||41|||1
loopCount|||1|||14|||16|||1
for|||6|||14|||18|||1
loopCount|||2|||14|||20|||1
;|||47|||14|||23|||1
loopCount|||3|||14|||24|||1
loopCount|||4|||14|||28|||1
++|||9|||14|||29|||1
int|||21|||14|||39|||1
loopCount|||5|||14|||41|||1
cycleVal|||1|||15|||16|||1
while|||4|||15|||20|||1
cycleVal|||2|||15|||22|||1
int|||22|||15|||34|||1
cycleVal|||3|||15|||36|||1
cycleVal|||4|||15|||39|||1
float|||14|||16|||15|||1
lengthVal|||1|||16|||16|||1
7|||1|||16|||18|||1
float|||15|||16|||20|||1
widthVal|||1|||16|||21|||1
10|||9|||16|||23|||1
lengthVal|||2|||16|||27|||1
widthVal|||2|||16|||29|||1
float|||16|||17|||15|||1
leftSide|||1|||17|||16|||1
7|||2|||17|||18|||1
float|||17|||17|||20|||1
rightSide|||1|||17|||21|||1
10|||10|||17|||23|||1
leftSide|||2|||17|||27|||1
rightSide|||2|||17|||29|||1
false|||1|||17|||31|||1
valueSet|||1|||18|||18|||1
1|||2|||18|||21|||1
2|||1|||18|||23|||1
3|||1|||18|||25|||1
4|||1|||18|||27|||1
5|||9|||18|||29|||1
valueSet|||2|||18|||32|||1
2|||2|||18|||34|||1
valueSet|||3|||18|||37|||1
2|||3|||18|||39|||1
valueSet|||4|||18|||50|||1
2|||5|||18|||52|||1
numberList|||1|||19|||18|||1
1|||3|||19|||21|||1
2|||6|||19|||23|||1
3|||2|||19|||25|||1
4|||2|||19|||27|||1
5|||10|||19|||29|||1
numberList|||2|||19|||32|||1
2|||7|||19|||34|||1
numberList|||3|||19|||45|||1
2|||9|||19|||47|||1
indexLoop|||1|||20|||16|||1
for|||7|||20|||18|||1
indexLoop|||2|||20|||20|||1
;|||66|||20|||23|||1
indexLoop|||3|||20|||24|||1
indexLoop|||4|||20|||28|||1
++|||11|||20|||29|||1
int|||25|||20|||39|||1
indexLoop|||5|||20|||41|||1
countIndex|||1|||21|||16|||1
for|||8|||21|||18|||1
countIndex|||2|||21|||20|||1
;|||70|||21|||23|||1
countIndex|||3|||21|||24|||1
countIndex|||4|||21|||28|||1
++|||12|||21|||29|||1
int|||26|||21|||39|||1
countIndex|||5|||21|||41|||1
zero|||1|||22|||16|||1
int|||27|||22|||27|||1
zero|||2|||22|||29|||1
startVal|||1|||23|||16|||1
int|||28|||23|||27|||1
startVal|||2|||23|||29|||1
(|||1|||0|||8|||2
=|||1|||0|||17|||2
(|||2|||0|||21|||2
=|||2|||0|||24|||2
(|||3|||0|||40|||2
(|||4|||1|||8|||2
=|||3|||1|||17|||2
(|||5|||1|||21|||2
=|||4|||1|||24|||2
(|||6|||1|||40|||2
(|||7|||2|||8|||2
=|||5|||2|||17|||2
(|||8|||2|||21|||2
(|||9|||2|||32|||2
(|||10|||2|||33|||2
)|||9|||2|||35|||2
(|||11|||3|||8|||2
=|||6|||3|||17|||2
(|||12|||3|||21|||2
(|||13|||3|||32|||2
(|||14|||4|||8|||2
=|||7|||4|||17|||2
=|||8|||4|||22|||2
(|||15|||4|||26|||2
(|||16|||4|||29|||2
)|||15|||4|||31|||2
(|||17|||4|||40|||2
(|||18|||5|||8|||2
=|||9|||5|||17|||2
=|||10|||5|||22|||2
(|||19|||5|||26|||2
(|||20|||5|||28|||2
(|||21|||5|||40|||2
(|||22|||5|||41|||2
)|||21|||5|||43|||2
(|||23|||6|||8|||2
=|||11|||6|||19|||2
=|||12|||6|||30|||2
(|||24|||6|||36|||2
)|||24|||6|||38|||2
(|||25|||6|||46|||2
(|||26|||7|||8|||2
=|||13|||7|||19|||2
(|||27|||7|||31|||2
)|||27|||7|||33|||2
(|||28|||7|||41|||2
(|||29|||8|||8|||2
(|||30|||8|||19|||2
=|||14|||8|||21|||2
(|||31|||8|||37|||2
(|||32|||8|||38|||2
)|||31|||8|||40|||2
(|||33|||9|||8|||2
=|||15|||9|||17|||2
(|||34|||9|||21|||2
(|||35|||9|||32|||2
(|||36|||9|||33|||2
)|||35|||9|||35|||2
(|||37|||10|||8|||2
=|||16|||10|||17|||2
(|||38|||10|||25|||2
(|||39|||10|||26|||2
)|||38|||10|||28|||2
(|||40|||11|||8|||2
(|||41|||11|||25|||2
(|||42|||11|||26|||2
)|||41|||11|||28|||2
(|||43|||12|||8|||2
=|||18|||12|||17|||2
(|||44|||12|||21|||2
int|||18|||12|||22|||2
=|||19|||12|||24|||2
(|||45|||12|||40|||2
(|||46|||13|||8|||2
=|||20|||13|||17|||2
(|||47|||13|||21|||2
int|||20|||13|||22|||2
=|||21|||13|||24|||2
(|||48|||13|||40|||2
(|||49|||14|||8|||2
(|||50|||14|||19|||2
=|||22|||14|||21|||2
(|||51|||14|||37|||2
(|||52|||14|||38|||2
)|||51|||14|||40|||2
(|||53|||15|||8|||2
=|||23|||15|||17|||2
(|||54|||15|||21|||2
(|||55|||15|||32|||2
(|||56|||15|||33|||2
)|||55|||15|||35|||2
(|||57|||16|||8|||2
=|||24|||16|||17|||2
=|||25|||16|||22|||2
(|||58|||16|||26|||2
(|||59|||16|||37|||2
(|||60|||17|||8|||2
=|||26|||17|||17|||2
=|||27|||17|||22|||2
(|||61|||17|||26|||2
(|||62|||17|||39|||2
(|||63|||18|||8|||2
=|||28|||18|||19|||2
,|||1|||18|||22|||2
,|||2|||18|||24|||2
,|||3|||18|||26|||2
,|||4|||18|||28|||2
(|||64|||18|||49|||2
(|||65|||19|||8|||2
=|||30|||19|||19|||2
,|||5|||19|||22|||2
,|||6|||19|||24|||2
,|||7|||19|||26|||2
,|||8|||19|||28|||2
(|||66|||19|||44|||2
(|||67|||20|||8|||2
(|||68|||20|||19|||2
=|||31|||20|||21|||2
(|||69|||20|||37|||2
(|||70|||20|||38|||2
)|||69|||20|||40|||2
(|||71|||21|||8|||2
(|||72|||21|||19|||2
=|||32|||21|||21|||2
(|||73|||21|||37|||2
(|||74|||21|||38|||2
)|||73|||21|||40|||2
(|||75|||22|||8|||2
(|||76|||22|||25|||2
(|||77|||22|||26|||2
)|||76|||22|||28|||2
(|||78|||23|||8|||2
(|||79|||23|||25|||2
(|||80|||23|||26|||2
)|||79|||23|||28|||2
out|||1|||0|||37|||3
out|||2|||1|||37|||3
out|||3|||2|||29|||3
out|||4|||3|||29|||3
out|||5|||4|||37|||3
out|||6|||5|||37|||3
out|||7|||6|||43|||3
out|||8|||7|||38|||3
out|||9|||8|||34|||3
out|||10|||9|||29|||3
out|||11|||10|||22|||3
out|||12|||11|||22|||3
out|||13|||12|||37|||3
out|||14|||13|||37|||3
out|||15|||14|||34|||3
out|||16|||15|||29|||3
out|||17|||16|||34|||3
out|||18|||17|||36|||3
out|||19|||18|||46|||3
out|||20|||19|||41|||3
out|||21|||20|||34|||3
out|||22|||21|||34|||3
out|||23|||22|||22|||3
out|||24|||23|||22|||3
class|||1|||0|||1|||4
static|||1|||0|||5|||4
void|||1|||0|||6|||4
class|||2|||1|||1|||4
static|||2|||1|||5|||4
void|||2|||1|||6|||4
class|||3|||2|||1|||4
static|||3|||2|||5|||4
void|||3|||2|||6|||4
class|||4|||3|||1|||4
static|||4|||3|||5|||4
void|||4|||3|||6|||4
class|||5|||4|||1|||4
static|||5|||4|||5|||4
void|||5|||4|||6|||4
class|||6|||5|||1|||4
static|||6|||5|||5|||4
void|||6|||5|||6|||4
class|||7|||6|||1|||4
static|||7|||6|||5|||4
void|||7|||6|||6|||4
class|||8|||7|||1|||4
static|||8|||7|||5|||4
void|||8|||7|||6|||4
class|||9|||8|||1|||4
static|||9|||8|||5|||4
void|||9|||8|||6|||4
class|||10|||9|||1|||4
static|||10|||9|||5|||4
void|||10|||9|||6|||4
class|||11|||10|||1|||4
static|||11|||10|||5|||4
void|||11|||10|||6|||4
class|||12|||11|||1|||4
static|||12|||11|||5|||4
void|||12|||11|||6|||4
class|||13|||12|||1|||4
static|||13|||12|||5|||4
void|||13|||12|||6|||4
class|||14|||13|||1|||4
static|||14|||13|||5|||4
void|||14|||13|||6|||4
class|||15|||14|||1|||4
static|||15|||14|||5|||4
void|||15|||14|||6|||4
class|||16|||15|||1|||4
static|||16|||15|||5|||4
void|||16|||15|||6|||4
class|||17|||16|||1|||4
static|||17|||16|||5|||4
void|||17|||16|||6|||4
class|||18|||17|||1|||4
static|||18|||17|||5|||4
void|||18|||17|||6|||4
class|||19|||18|||1|||4
static|||19|||18|||5|||4
void|||19|||18|||6|||4
class|||20|||19|||1|||4
static|||20|||19|||5|||4
void|||20|||19|||6|||4
class|||21|||20|||1|||4
static|||21|||20|||5|||4
void|||21|||20|||6|||4
class|||22|||21|||1|||4
static|||22|||21|||5|||4
void|||22|||21|||6|||4
class|||23|||22|||1|||4
static|||23|||22|||5|||4
void|||23|||22|||6|||4
class|||24|||23|||1|||4
static|||24|||23|||5|||4
void|||24|||23|||6|||4
[|||1|||0|||10|||5
]|||1|||0|||11|||5
)|||1|||0|||13|||5
;|||1|||0|||19|||5
;|||3|||0|||30|||5
)|||2|||0|||33|||5
)|||3|||0|||42|||5
;|||4|||0|||43|||5
[|||2|||1|||10|||5
]|||2|||1|||11|||5
)|||4|||1|||13|||5
;|||5|||1|||19|||5
;|||7|||1|||30|||5
)|||5|||1|||33|||5
)|||6|||1|||42|||5
;|||8|||1|||43|||5
[|||3|||2|||10|||5
]|||3|||2|||11|||5
)|||7|||2|||13|||5
;|||9|||2|||19|||5
)|||8|||2|||25|||5
)|||10|||2|||37|||5
;|||10|||2|||38|||5
;|||11|||2|||41|||5
[|||4|||3|||10|||5
]|||4|||3|||11|||5
)|||11|||3|||13|||5
;|||12|||3|||19|||5
)|||12|||3|||25|||5
)|||13|||3|||34|||5
;|||13|||3|||35|||5
;|||14|||3|||38|||5
[|||5|||4|||10|||5
]|||5|||4|||11|||5
)|||14|||4|||13|||5
;|||15|||4|||19|||5
;|||16|||4|||24|||5
)|||16|||4|||33|||5
)|||17|||4|||42|||5
;|||17|||4|||43|||5
[|||6|||5|||10|||5
]|||6|||5|||11|||5
)|||18|||5|||13|||5
;|||18|||5|||19|||5
;|||19|||5|||24|||5
)|||19|||5|||32|||5
)|||20|||5|||33|||5
)|||22|||5|||45|||5
;|||20|||5|||46|||5
[|||7|||6|||10|||5
]|||7|||6|||11|||5
)|||23|||6|||13|||5
[|||8|||6|||16|||5
]|||8|||6|||17|||5
new|||1|||6|||20|||5
[|||9|||6|||22|||5
]|||9|||6|||24|||5
;|||21|||6|||25|||5
[|||10|||6|||27|||5
]|||10|||6|||29|||5
[|||11|||6|||32|||5
]|||11|||6|||34|||5
;|||22|||6|||40|||5
[|||12|||6|||48|||5
]|||12|||6|||50|||5
)|||25|||6|||51|||5
;|||23|||6|||52|||5
[|||13|||7|||10|||5
]|||13|||7|||11|||5
)|||26|||7|||13|||5
[|||14|||7|||16|||5
]|||14|||7|||17|||5
new|||2|||7|||20|||5
[|||15|||7|||22|||5
]|||15|||7|||24|||5
;|||24|||7|||25|||5
[|||16|||7|||27|||5
]|||16|||7|||29|||5
;|||25|||7|||35|||5
[|||17|||7|||43|||5
]|||17|||7|||45|||5
)|||28|||7|||46|||5
;|||26|||7|||47|||5
[|||18|||8|||10|||5
]|||18|||8|||11|||5
)|||29|||8|||13|||5
;|||27|||8|||17|||5
;|||29|||8|||27|||5
)|||30|||8|||30|||5
)|||32|||8|||42|||5
;|||30|||8|||43|||5
[|||19|||9|||10|||5
]|||19|||9|||11|||5
)|||33|||9|||13|||5
;|||31|||9|||19|||5
)|||34|||9|||25|||5
)|||36|||9|||37|||5
;|||32|||9|||38|||5
;|||33|||9|||41|||5
[|||20|||10|||10|||5
]|||20|||10|||11|||5
)|||37|||10|||13|||5
;|||34|||10|||19|||5
)|||39|||10|||30|||5
;|||35|||10|||31|||5
[|||21|||11|||10|||5
]|||21|||11|||11|||5
)|||40|||11|||13|||5
;|||36|||11|||19|||5
)|||42|||11|||30|||5
;|||37|||11|||31|||5
[|||22|||12|||10|||5
]|||22|||12|||11|||5
)|||43|||12|||13|||5
;|||38|||12|||19|||5
;|||40|||12|||30|||5
)|||44|||12|||33|||5
)|||45|||12|||42|||5
;|||41|||12|||43|||5
[|||23|||13|||10|||5
]|||23|||13|||11|||5
)|||46|||13|||13|||5
;|||42|||13|||19|||5
;|||44|||13|||30|||5
)|||47|||13|||33|||5
)|||48|||13|||42|||5
;|||45|||13|||43|||5
[|||24|||14|||10|||5
]|||24|||14|||11|||5
)|||49|||14|||13|||5
;|||46|||14|||17|||5
;|||48|||14|||27|||5
)|||50|||14|||30|||5
)|||52|||14|||42|||5
;|||49|||14|||43|||5
[|||25|||15|||10|||5
]|||25|||15|||11|||5
)|||53|||15|||13|||5
;|||50|||15|||19|||5
)|||54|||15|||25|||5
)|||56|||15|||37|||5
;|||51|||15|||38|||5
;|||52|||15|||41|||5
[|||26|||16|||10|||5
]|||26|||16|||11|||5
)|||57|||16|||13|||5
;|||53|||16|||19|||5
;|||54|||16|||24|||5
)|||58|||16|||30|||5
)|||59|||16|||43|||5
;|||55|||16|||44|||5
[|||27|||17|||10|||5
]|||27|||17|||11|||5
)|||60|||17|||13|||5
;|||56|||17|||19|||5
;|||57|||17|||24|||5
)|||61|||17|||32|||5
)|||62|||17|||45|||5
;|||58|||17|||46|||5
[|||28|||18|||10|||5
]|||28|||18|||11|||5
)|||63|||18|||13|||5
[|||29|||18|||16|||5
]|||29|||18|||17|||5
}|||51|||18|||30|||5
;|||59|||18|||31|||5
[|||30|||18|||33|||5
]|||30|||18|||35|||5
[|||31|||18|||38|||5
]|||31|||18|||40|||5
;|||60|||18|||43|||5
[|||32|||18|||51|||5
]|||32|||18|||53|||5
)|||64|||18|||54|||5
;|||61|||18|||55|||5
[|||33|||19|||10|||5
]|||33|||19|||11|||5
)|||65|||19|||13|||5
[|||34|||19|||16|||5
]|||34|||19|||17|||5
}|||54|||19|||30|||5
;|||62|||19|||31|||5
[|||35|||19|||33|||5
]|||35|||19|||35|||5
;|||63|||19|||38|||5
[|||36|||19|||46|||5
]|||36|||19|||48|||5
)|||66|||19|||49|||5
;|||64|||19|||50|||5
[|||37|||20|||10|||5
]|||37|||20|||11|||5
)|||67|||20|||13|||5
;|||65|||20|||17|||5
;|||67|||20|||27|||5
)|||68|||20|||30|||5
)|||70|||20|||42|||5
;|||68|||20|||43|||5
[|||38|||21|||10|||5
]|||38|||21|||11|||5
)|||71|||21|||13|||5
;|||69|||21|||17|||5
;|||71|||21|||27|||5
)|||72|||21|||30|||5
)|||74|||21|||42|||5
;|||72|||21|||43|||5
[|||39|||22|||10|||5
]|||39|||22|||11|||5
)|||75|||22|||13|||5
;|||73|||22|||19|||5
)|||77|||22|||30|||5
;|||74|||22|||31|||5
[|||40|||23|||10|||5
]|||40|||23|||11|||5
)|||78|||23|||13|||5
;|||75|||23|||19|||5
)|||80|||23|||30|||5
;|||76|||23|||31|||5
.|||1|||0|||36|||6
.|||2|||0|||38|||6
.|||3|||1|||36|||6
.|||4|||1|||38|||6
.|||5|||2|||28|||6
.|||6|||2|||30|||6
.|||7|||3|||28|||6
.|||8|||3|||30|||6
.|||9|||4|||36|||6
.|||10|||4|||38|||6
.|||11|||5|||36|||6
.|||12|||5|||38|||6
.|||13|||6|||42|||6
.|||14|||6|||44|||6
.|||15|||7|||37|||6
.|||16|||7|||39|||6
.|||17|||8|||33|||6
.|||18|||8|||35|||6
.|||19|||9|||28|||6
.|||20|||9|||30|||6
.|||21|||10|||21|||6
.|||22|||10|||23|||6
.|||23|||11|||21|||6
.|||24|||11|||23|||6
.|||25|||12|||36|||6
.|||26|||12|||38|||6
.|||27|||13|||36|||6
.|||28|||13|||38|||6
.|||29|||14|||33|||6
.|||30|||14|||35|||6
.|||31|||15|||28|||6
.|||32|||15|||30|||6
.|||33|||16|||33|||6
.|||34|||16|||35|||6
.|||35|||17|||35|||6
.|||36|||17|||37|||6
.|||37|||18|||45|||6
.|||38|||18|||47|||6
.|||39|||19|||40|||6
.|||40|||19|||42|||6
.|||41|||20|||33|||6
.|||42|||20|||35|||6
.|||43|||21|||33|||6
.|||44|||21|||35|||6
.|||45|||22|||21|||6
.|||46|||22|||23|||6
.|||47|||23|||21|||6
.|||48|||23|||23|||6
protected|||1|||0|||0|||7
{|||1|||0|||3|||7
private|||1|||0|||4|||7
{|||2|||0|||14|||7
{|||3|||0|||34|||7
public|||1|||1|||0|||7
{|||4|||1|||3|||7
public|||2|||1|||4|||7
{|||5|||1|||14|||7
{|||6|||1|||34|||7
private|||2|||2|||0|||7
{|||7|||2|||3|||7
private|||3|||2|||4|||7
{|||8|||2|||14|||7
{|||9|||2|||26|||7
}|||9|||2|||44|||7
protected|||2|||3|||0|||7
{|||10|||3|||3|||7
protected|||3|||3|||4|||7
{|||11|||3|||14|||7
{|||12|||3|||26|||7
public|||3|||4|||0|||7
{|||13|||4|||3|||7
public|||4|||4|||4|||7
{|||14|||4|||14|||7
{|||15|||4|||34|||7
}|||15|||4|||46|||7
private|||4|||5|||0|||7
{|||16|||5|||3|||7
private|||5|||5|||4|||7
{|||17|||5|||14|||7
{|||18|||5|||34|||7
}|||18|||5|||49|||7
protected|||4|||6|||0|||7
{|||19|||6|||3|||7
protected|||5|||6|||4|||7
{|||20|||6|||14|||7
public|||5|||7|||0|||7
{|||21|||7|||3|||7
public|||6|||7|||4|||7
{|||22|||7|||14|||7
}|||22|||7|||49|||7
private|||6|||8|||0|||7
{|||23|||8|||3|||7
private|||7|||8|||4|||7
{|||24|||8|||14|||7
{|||25|||8|||31|||7
}|||25|||8|||46|||7
protected|||6|||9|||0|||7
{|||26|||9|||3|||7
protected|||7|||9|||4|||7
{|||27|||9|||14|||7
{|||28|||9|||26|||7
}|||28|||9|||44|||7
public|||7|||10|||0|||7
{|||29|||10|||3|||7
public|||8|||10|||4|||7
{|||30|||10|||14|||7
}|||30|||10|||33|||7
private|||8|||11|||0|||7
{|||31|||11|||3|||7
private|||9|||11|||4|||7
{|||32|||11|||14|||7
}|||32|||11|||33|||7
protected|||8|||12|||0|||7
{|||33|||12|||3|||7
protected|||9|||12|||4|||7
{|||34|||12|||14|||7
{|||35|||12|||34|||7
}|||35|||12|||46|||7
public|||9|||13|||0|||7
{|||36|||13|||3|||7
public|||10|||13|||4|||7
{|||37|||13|||14|||7
{|||38|||13|||34|||7
private|||10|||14|||0|||7
{|||39|||14|||3|||7
private|||11|||14|||4|||7
{|||40|||14|||14|||7
{|||41|||14|||31|||7
protected|||10|||15|||0|||7
{|||42|||15|||3|||7
protected|||11|||15|||4|||7
{|||43|||15|||14|||7
{|||44|||15|||26|||7
}|||44|||15|||44|||7
public|||11|||16|||0|||7
{|||45|||16|||3|||7
public|||12|||16|||4|||7
{|||46|||16|||14|||7
{|||47|||16|||31|||7
private|||12|||17|||0|||7
{|||48|||17|||3|||7
private|||13|||17|||4|||7
{|||49|||17|||14|||7
{|||50|||17|||33|||7
}|||50|||17|||49|||7
protected|||12|||18|||0|||7
{|||51|||18|||3|||7
protected|||13|||18|||4|||7
{|||52|||18|||14|||7
{|||53|||18|||20|||7
public|||13|||19|||0|||7
{|||54|||19|||3|||7
public|||14|||19|||4|||7
{|||55|||19|||14|||7
{|||56|||19|||20|||7
}|||56|||19|||52|||7
private|||14|||20|||0|||7
{|||57|||20|||3|||7
private|||15|||20|||4|||7
{|||58|||20|||14|||7
{|||59|||20|||31|||7
protected|||14|||21|||0|||7
{|||60|||21|||3|||7
protected|||15|||21|||4|||7
{|||61|||21|||14|||7
{|||62|||21|||31|||7
public|||15|||22|||0|||7
{|||63|||22|||3|||7
public|||16|||22|||4|||7
{|||64|||22|||14|||7
}|||64|||22|||33|||7
private|||16|||23|||0|||7
{|||65|||23|||3|||7
private|||17|||23|||4|||7
{|||66|||23|||14|||7
main|||1|||0|||7|||8
String|||1|||0|||9|||8
programArgs|||1|||0|||12|||8
10|||1|||0|||18|||8
0|||1|||0|||25|||8
<|||1|||0|||28|||8
main|||2|||1|||7|||8
String|||2|||1|||9|||8
args|||1|||1|||12|||8
10|||2|||1|||18|||8
0|||2|||1|||25|||8
<|||2|||1|||28|||8
main|||3|||2|||7|||8
String|||3|||2|||9|||8
args|||2|||2|||12|||8
0|||3|||2|||18|||8
<|||3|||2|||23|||8
10|||3|||2|||24|||8
++|||3|||2|||40|||8
main|||4|||3|||7|||8
String|||4|||3|||9|||8
args|||3|||3|||12|||8
0|||4|||3|||18|||8
<|||4|||3|||23|||8
10|||4|||3|||24|||8
++|||4|||3|||37|||8
main|||5|||4|||7|||8
String|||5|||4|||9|||8
args|||4|||4|||12|||8
10|||5|||4|||23|||8
<|||5|||4|||28|||8
main|||6|||5|||7|||8
String|||6|||5|||9|||8
args|||5|||5|||12|||8
>=|||1|||5|||30|||8
main|||7|||6|||7|||8
String|||7|||6|||9|||8
args|||6|||6|||12|||8
0|||5|||6|||28|||8
0|||6|||6|||33|||8
main|||8|||7|||7|||8
String|||8|||7|||9|||8
args|||7|||7|||12|||8
0|||8|||7|||28|||8
main|||9|||8|||7|||8
String|||9|||8|||9|||8
args|||8|||8|||12|||8
0|||10|||8|||22|||8
<|||6|||8|||25|||8
5|||5|||8|||26|||8
main|||10|||9|||7|||8
String|||10|||9|||9|||8
args|||9|||9|||12|||8
<=|||1|||9|||23|||8
5|||6|||9|||24|||8
++|||6|||9|||40|||8
main|||11|||10|||7|||8
String|||11|||10|||9|||8
args|||10|||10|||12|||8
main|||12|||11|||7|||8
String|||12|||11|||9|||8
args|||11|||11|||12|||8
1|||1|||11|||18|||8
main|||13|||12|||7|||8
String|||13|||12|||9|||8
args|||12|||12|||12|||8
0|||13|||12|||25|||8
<|||7|||12|||28|||8
main|||14|||13|||7|||8
String|||14|||13|||9|||8
args|||13|||13|||12|||8
0|||14|||13|||25|||8
<|||8|||13|||28|||8
main|||15|||14|||7|||8
String|||15|||14|||9|||8
args|||14|||14|||12|||8
0|||15|||14|||22|||8
<|||9|||14|||25|||8
5|||7|||14|||26|||8
main|||16|||15|||7|||8
String|||16|||15|||9|||8
args|||15|||15|||12|||8
0|||16|||15|||18|||8
<|||10|||15|||23|||8
5|||8|||15|||24|||8
++|||10|||15|||40|||8
main|||17|||16|||7|||8
String|||17|||16|||9|||8
args|||16|||16|||12|||8
if|||3|||16|||25|||8
>|||1|||16|||28|||8
main|||18|||17|||7|||8
String|||18|||17|||9|||8
args|||17|||17|||12|||8
main|||19|||18|||7|||8
String|||19|||18|||9|||8
args|||18|||18|||12|||8
main|||20|||19|||7|||8
String|||20|||19|||9|||8
args|||19|||19|||12|||8
main|||21|||20|||7|||8
String|||21|||20|||9|||8
args|||20|||20|||12|||8
1|||4|||20|||22|||8
<|||11|||20|||25|||8
main|||22|||21|||7|||8
String|||22|||21|||9|||8
args|||21|||21|||12|||8
1|||5|||21|||22|||8
<=|||3|||21|||25|||8
main|||23|||22|||7|||8
String|||23|||22|||9|||8
args|||22|||22|||12|||8
main|||24|||23|||7|||8
String|||24|||23|||9|||8
args|||23|||23|||12|||8
=|||34|||23|||17|||8
1|||6|||23|||18|||8
System|||1|||0|||35|||9
println|||1|||0|||39|||9
System|||2|||1|||35|||9
println|||2|||1|||39|||9
System|||3|||2|||27|||9
println|||3|||2|||31|||9
System|||4|||3|||27|||9
println|||4|||3|||31|||9
System|||5|||4|||35|||9
println|||5|||4|||39|||9
System|||6|||5|||35|||9
println|||6|||5|||39|||9
System|||7|||6|||41|||9
println|||7|||6|||45|||9
System|||8|||7|||36|||9
println|||8|||7|||40|||9
System|||9|||8|||32|||9
println|||9|||8|||36|||9
System|||10|||9|||27|||9
println|||10|||9|||31|||9
System|||11|||10|||20|||9
println|||11|||10|||24|||9
System|||12|||11|||20|||9
println|||12|||11|||24|||9
System|||13|||12|||35|||9
println|||13|||12|||39|||9
System|||14|||13|||35|||9
println|||14|||13|||39|||9
System|||15|||14|||32|||9
println|||15|||14|||36|||9
System|||16|||15|||27|||9
println|||16|||15|||31|||9
System|||17|||16|||32|||9
println|||17|||16|||36|||9
System|||18|||17|||34|||9
println|||18|||17|||38|||9
System|||19|||18|||44|||9
println|||19|||18|||48|||9
System|||20|||19|||39|||9
println|||20|||19|||43|||9
System|||21|||20|||32|||9
println|||21|||20|||36|||9
System|||22|||21|||32|||9
println|||22|||21|||36|||9
System|||23|||22|||20|||9
println|||23|||22|||24|||9
System|||24|||23|||20|||9
println|||24|||23|||24|||9
