protected|||1|||0|||0|||0
class|||1|||0|||1|||0
private|||1|||0|||4|||0
static|||1|||0|||5|||0
public|||1|||1|||0|||0
class|||2|||1|||1|||0
public|||2|||1|||4|||0
static|||2|||1|||5|||0
private|||2|||2|||0|||0
class|||3|||2|||1|||0
private|||3|||2|||4|||0
static|||3|||2|||5|||0
protected|||2|||3|||0|||0
class|||4|||3|||1|||0
protected|||3|||3|||4|||0
static|||4|||3|||5|||0
public|||3|||4|||0|||0
class|||5|||4|||1|||0
public|||4|||4|||4|||0
static|||5|||4|||5|||0
private|||4|||5|||0|||0
class|||6|||5|||1|||0
private|||5|||5|||4|||0
static|||6|||5|||5|||0
protected|||4|||6|||0|||0
class|||7|||6|||1|||0
protected|||5|||6|||4|||0
static|||7|||6|||5|||0
public|||5|||7|||0|||0
class|||8|||7|||1|||0
public|||6|||7|||4|||0
static|||8|||7|||5|||0
private|||6|||8|||0|||0
class|||9|||8|||1|||0
private|||7|||8|||4|||0
static|||9|||8|||5|||0
protected|||6|||9|||0|||0
class|||10|||9|||1|||0
protected|||7|||9|||4|||0
static|||10|||9|||5|||0
public|||7|||10|||0|||0
class|||11|||10|||1|||0
public|||8|||10|||4|||0
static|||11|||10|||5|||0
private|||8|||11|||0|||0
class|||12|||11|||1|||0
private|||9|||11|||4|||0
static|||12|||11|||5|||0
protected|||8|||12|||0|||0
class|||13|||12|||1|||0
protected|||9|||12|||4|||0
static|||13|||12|||5|||0
public|||9|||13|||0|||0
class|||14|||13|||1|||0
public|||10|||13|||4|||0
static|||14|||13|||5|||0
private|||10|||14|||0|||0
class|||15|||14|||1|||0
private|||11|||14|||4|||0
static|||15|||14|||5|||0
protected|||10|||15|||0|||0
class|||16|||15|||1|||0
protected|||11|||15|||4|||0
static|||16|||15|||5|||0
public|||11|||16|||0|||0
class|||17|||16|||1|||0
public|||12|||16|||4|||0
static|||17|||16|||5|||0
private|||12|||17|||0|||0
class|||18|||17|||1|||0
private|||13|||17|||4|||0
static|||18|||17|||5|||0
protected|||12|||18|||0|||0
class|||19|||18|||1|||0
protected|||13|||18|||4|||0
static|||19|||18|||5|||0
public|||13|||19|||0|||0
class|||20|||19|||1|||0
public|||14|||19|||4|||0
static|||20|||19|||5|||0
private|||14|||20|||0|||0
class|||21|||20|||1|||0
private|||15|||20|||4|||0
static|||21|||20|||5|||0
protected|||14|||21|||0|||0
class|||22|||21|||1|||0
protected|||15|||21|||4|||0
static|||22|||21|||5|||0
public|||15|||22|||0|||0
class|||23|||22|||1|||0
public|||16|||22|||4|||0
static|||23|||22|||5|||0
private|||16|||23|||0|||0
class|||24|||23|||1|||0
private|||17|||23|||4|||0
static|||24|||23|||5|||0
System|||1|||0|||35|||1
.|||1|||0|||36|||1
out|||1|||0|||37|||1
System|||2|||1|||35|||1
.|||3|||1|||36|||1
out|||2|||1|||37|||1
System|||3|||2|||27|||1
.|||5|||2|||28|||1
out|||3|||2|||29|||1
System|||4|||3|||27|||1
.|||7|||3|||28|||1
out|||4|||3|||29|||1
System|||5|||4|||35|||1
.|||9|||4|||36|||1
out|||5|||4|||37|||1
System|||6|||5|||35|||1
.|||11|||5|||36|||1
out|||6|||5|||37|||1
System|||7|||6|||41|||1
.|||13|||6|||42|||1
out|||7|||6|||43|||1
System|||8|||7|||36|||1
.|||15|||7|||37|||1
out|||8|||7|||38|||1
System|||9|||8|||32|||1
.|||17|||8|||33|||1
out|||9|||8|||34|||1
System|||10|||9|||27|||1
.|||19|||9|||28|||1
out|||10|||9|||29|||1
System|||11|||10|||20|||1
.|||21|||10|||21|||1
out|||11|||10|||22|||1
System|||12|||11|||20|||1
.|||23|||11|||21|||1
out|||12|||11|||22|||1
System|||13|||12|||35|||1
.|||25|||12|||36|||1
out|||13|||12|||37|||1
System|||14|||13|||35|||1
.|||27|||13|||36|||1
out|||14|||13|||37|||1
System|||15|||14|||32|||1
.|||29|||14|||33|||1
out|||15|||14|||34|||1
System|||16|||15|||27|||1
.|||31|||15|||28|||1
out|||16|||15|||29|||1
System|||17|||16|||32|||1
.|||33|||16|||33|||1
out|||17|||16|||34|||1
System|||18|||17|||34|||1
.|||35|||17|||35|||1
out|||18|||17|||36|||1
System|||19|||18|||44|||1
.|||37|||18|||45|||1
out|||19|||18|||46|||1
System|||20|||19|||39|||1
.|||39|||19|||40|||1
out|||20|||19|||41|||1
System|||21|||20|||32|||1
.|||41|||20|||33|||1
out|||21|||20|||34|||1
System|||22|||21|||32|||1
.|||43|||21|||33|||1
out|||22|||21|||34|||1
System|||23|||22|||20|||1
.|||45|||22|||21|||1
out|||23|||22|||22|||1
System|||24|||23|||20|||1
.|||47|||23|||21|||1
out|||24|||23|||22|||1
AlgorithmicBase|||1|||0|||2|||2
totalElements|||1|||0|||16|||2
counter|||1|||0|||23|||2
=|||2|||0|||24|||2
0|||1|||0|||25|||2
;|||2|||0|||26|||2
counter|||2|||0|||27|||2
<|||1|||0|||28|||2
totalElements|||2|||0|||29|||2
;|||3|||0|||30|||2
counter|||3|||0|||31|||2
++|||1|||0|||32|||2
)|||2|||0|||33|||2
counter|||4|||0|||41|||2
)|||3|||0|||42|||2
RepeatMechanism|||1|||1|||2|||2
itemsToRepeat|||1|||1|||16|||2
index|||1|||1|||23|||2
=|||4|||1|||24|||2
0|||2|||1|||25|||2
;|||6|||1|||26|||2
index|||2|||1|||27|||2
<|||2|||1|||28|||2
itemsToRepeat|||2|||1|||29|||2
;|||7|||1|||30|||2
index|||3|||1|||31|||2
++|||2|||1|||32|||2
)|||5|||1|||33|||2
index|||4|||1|||41|||2
)|||6|||1|||42|||2
NumberRange|||1|||2|||2|||2
iVal|||1|||2|||16|||2
while|||1|||2|||20|||2
iVal|||2|||2|||22|||2
<|||3|||2|||23|||2
)|||8|||2|||25|||2
)|||9|||2|||35|||2
iVal|||3|||2|||36|||2
)|||10|||2|||37|||2
iVal|||4|||2|||39|||2
++|||3|||2|||40|||2
LoopProcess|||1|||3|||2|||2
iterator|||1|||3|||16|||2
while|||2|||3|||20|||2
iterator|||2|||3|||22|||2
<|||4|||3|||23|||2
)|||12|||3|||25|||2
iterator|||3|||3|||33|||2
)|||13|||3|||34|||2
iterator|||4|||3|||36|||2
++|||4|||3|||37|||2
DecisionGate|||1|||4|||2|||2
currentIdx|||1|||4|||16|||2
maxValue|||1|||4|||21|||2
=|||8|||4|||22|||2
currentIdx|||2|||4|||27|||2
<|||5|||4|||28|||2
)|||15|||4|||31|||2
maxValue|||2|||4|||32|||2
)|||16|||4|||33|||2
currentIdx|||3|||4|||41|||2
)|||17|||4|||42|||2
ConditionFail|||1|||5|||2|||2
checkIdx|||1|||5|||16|||2
upperLim|||1|||5|||21|||2
=|||10|||5|||22|||2
!|||1|||5|||27|||2
checkIdx|||2|||5|||29|||2
>=|||1|||5|||30|||2
upperLim|||2|||5|||31|||2
)|||19|||5|||32|||2
)|||20|||5|||33|||2
)|||21|||5|||43|||2
checkIdx|||3|||5|||44|||2
)|||22|||5|||45|||2
ArrayModify|||1|||6|||2|||2
dataPoints|||1|||6|||18|||2
new|||1|||6|||20|||2
[|||9|||6|||22|||2
5|||3|||6|||23|||2
]|||9|||6|||24|||2
dataPoints|||2|||6|||26|||2
[|||10|||6|||27|||2
0|||5|||6|||28|||2
]|||10|||6|||29|||2
dataPoints|||3|||6|||31|||2
[|||11|||6|||32|||2
0|||6|||6|||33|||2
]|||11|||6|||34|||2
+|||1|||6|||35|||2
)|||24|||6|||38|||2
dataPoints|||4|||6|||47|||2
[|||12|||6|||48|||2
0|||7|||6|||49|||2
]|||12|||6|||50|||2
)|||25|||6|||51|||2
DataStore|||1|||7|||2|||2
container|||1|||7|||18|||2
new|||2|||7|||20|||2
5|||4|||7|||23|||2
]|||15|||7|||24|||2
container|||2|||7|||26|||2
[|||16|||7|||27|||2
0|||8|||7|||28|||2
]|||16|||7|||29|||2
)|||27|||7|||33|||2
container|||3|||7|||42|||2
[|||17|||7|||43|||2
0|||9|||7|||44|||2
]|||17|||7|||45|||2
)|||28|||7|||46|||2
IterateAction|||1|||8|||2|||2
kVal|||1|||8|||16|||2
kVal|||2|||8|||20|||2
=|||14|||8|||21|||2
0|||10|||8|||22|||2
;|||28|||8|||23|||2
kVal|||3|||8|||24|||2
<|||6|||8|||25|||2
5|||5|||8|||26|||2
;|||29|||8|||27|||2
kVal|||4|||8|||28|||2
++|||5|||8|||29|||2
)|||30|||8|||30|||2
)|||31|||8|||40|||2
kVal|||5|||8|||41|||2
)|||32|||8|||42|||2
LimitAchieved|||1|||9|||2|||2
limiter|||1|||9|||16|||2
while|||3|||9|||20|||2
limiter|||2|||9|||22|||2
<=|||1|||9|||23|||2
5|||6|||9|||24|||2
)|||34|||9|||25|||2
)|||35|||9|||35|||2
limiter|||3|||9|||36|||2
)|||36|||9|||37|||2
limiter|||4|||9|||39|||2
++|||6|||9|||40|||2
StartState|||1|||10|||2|||2
initialValue|||1|||10|||16|||2
)|||38|||10|||28|||2
initialValue|||2|||10|||29|||2
)|||39|||10|||30|||2
InitializeVal|||1|||11|||2|||2
identifier|||1|||11|||16|||2
)|||41|||11|||28|||2
identifier|||2|||11|||29|||2
)|||42|||11|||30|||2
SpanRun|||1|||12|||2|||2
limit|||1|||12|||16|||2
counterInner|||1|||12|||23|||2
=|||19|||12|||24|||2
0|||13|||12|||25|||2
;|||39|||12|||26|||2
counterInner|||2|||12|||27|||2
<|||7|||12|||28|||2
limit|||2|||12|||29|||2
;|||40|||12|||30|||2
counterInner|||3|||12|||31|||2
++|||7|||12|||32|||2
)|||44|||12|||33|||2
counterInner|||4|||12|||41|||2
)|||45|||12|||42|||2
BoundCheck|||1|||13|||2|||2
topRange|||1|||13|||16|||2
walker|||1|||13|||23|||2
=|||21|||13|||24|||2
0|||14|||13|||25|||2
;|||43|||13|||26|||2
walker|||2|||13|||27|||2
<|||8|||13|||28|||2
topRange|||2|||13|||29|||2
;|||44|||13|||30|||2
walker|||3|||13|||31|||2
++|||8|||13|||32|||2
)|||47|||13|||33|||2
walker|||4|||13|||41|||2
)|||48|||13|||42|||2
QuickCycle|||1|||14|||2|||2
loopCount|||1|||14|||16|||2
loopCount|||2|||14|||20|||2
=|||22|||14|||21|||2
0|||15|||14|||22|||2
;|||47|||14|||23|||2
loopCount|||3|||14|||24|||2
<|||9|||14|||25|||2
5|||7|||14|||26|||2
;|||48|||14|||27|||2
loopCount|||4|||14|||28|||2
++|||9|||14|||29|||2
)|||50|||14|||30|||2
)|||51|||14|||40|||2
loopCount|||5|||14|||41|||2
)|||52|||14|||42|||2
BriefRepeat|||1|||15|||2|||2
cycleVal|||1|||15|||16|||2
while|||4|||15|||20|||2
cycleVal|||2|||15|||22|||2
<|||10|||15|||23|||2
5|||8|||15|||24|||2
)|||54|||15|||25|||2
)|||55|||15|||35|||2
cycleVal|||3|||15|||36|||2
)|||56|||15|||37|||2
cycleVal|||4|||15|||39|||2
++|||10|||15|||40|||2
SizeCheck|||1|||16|||2|||2
lengthVal|||1|||16|||16|||2
widthVal|||1|||16|||21|||2
=|||25|||16|||22|||2
lengthVal|||2|||16|||27|||2
>|||1|||16|||28|||2
widthVal|||2|||16|||29|||2
)|||58|||16|||30|||2
x|||1|||16|||39|||2
is|||1|||16|||40|||2
greater|||1|||16|||41|||2
"|||2|||16|||42|||2
)|||59|||16|||43|||2
NotSmaller|||1|||17|||2|||2
leftSide|||1|||17|||16|||2
rightSide|||1|||17|||21|||2
=|||27|||17|||22|||2
leftSide|||2|||17|||27|||2
<=|||2|||17|||28|||2
rightSide|||2|||17|||29|||2
==|||1|||17|||30|||2
false|||1|||17|||31|||2
)|||61|||17|||32|||2
x|||2|||17|||41|||2
is|||2|||17|||42|||2
greater|||2|||17|||43|||2
"|||4|||17|||44|||2
)|||62|||17|||45|||2
ScaleValue|||1|||18|||2|||2
valueSet|||1|||18|||18|||2
1|||2|||18|||21|||2
,|||1|||18|||22|||2
2|||1|||18|||23|||2
,|||2|||18|||24|||2
3|||1|||18|||25|||2
,|||3|||18|||26|||2
4|||1|||18|||27|||2
,|||4|||18|||28|||2
5|||9|||18|||29|||2
}|||51|||18|||30|||2
valueSet|||2|||18|||32|||2
[|||30|||18|||33|||2
2|||2|||18|||34|||2
]|||30|||18|||35|||2
valueSet|||3|||18|||37|||2
[|||31|||18|||38|||2
2|||3|||18|||39|||2
]|||31|||18|||40|||2
*|||1|||18|||41|||2
2|||4|||18|||42|||2
valueSet|||4|||18|||50|||2
[|||32|||18|||51|||2
2|||5|||18|||52|||2
]|||32|||18|||53|||2
)|||64|||18|||54|||2
ItemScale|||1|||19|||2|||2
numberList|||1|||19|||18|||2
1|||3|||19|||21|||2
,|||5|||19|||22|||2
2|||6|||19|||23|||2
,|||6|||19|||24|||2
3|||2|||19|||25|||2
,|||7|||19|||26|||2
4|||2|||19|||27|||2
,|||8|||19|||28|||2
5|||10|||19|||29|||2
}|||54|||19|||30|||2
numberList|||2|||19|||32|||2
[|||35|||19|||33|||2
2|||7|||19|||34|||2
]|||35|||19|||35|||2
*=|||1|||19|||36|||2
2|||8|||19|||37|||2
numberList|||3|||19|||45|||2
[|||36|||19|||46|||2
2|||9|||19|||47|||2
]|||36|||19|||48|||2
)|||66|||19|||49|||2
IncrStep|||1|||20|||2|||2
indexLoop|||1|||20|||16|||2
indexLoop|||2|||20|||20|||2
=|||31|||20|||21|||2
1|||4|||20|||22|||2
;|||66|||20|||23|||2
indexLoop|||3|||20|||24|||2
<|||11|||20|||25|||2
4|||3|||20|||26|||2
;|||67|||20|||27|||2
indexLoop|||4|||20|||28|||2
++|||11|||20|||29|||2
)|||68|||20|||30|||2
)|||69|||20|||40|||2
indexLoop|||5|||20|||41|||2
)|||70|||20|||42|||2
StepAdvance|||1|||21|||2|||2
countIndex|||1|||21|||16|||2
countIndex|||2|||21|||20|||2
=|||32|||21|||21|||2
1|||5|||21|||22|||2
;|||70|||21|||23|||2
countIndex|||3|||21|||24|||2
<=|||3|||21|||25|||2
4|||4|||21|||26|||2
;|||71|||21|||27|||2
countIndex|||4|||21|||28|||2
++|||12|||21|||29|||2
)|||72|||21|||30|||2
)|||73|||21|||40|||2
countIndex|||5|||21|||41|||2
)|||74|||21|||42|||2
OriginZero|||1|||22|||2|||2
zero|||1|||22|||16|||2
)|||76|||22|||28|||2
zero|||2|||22|||29|||2
)|||77|||22|||30|||2
FirstPos|||1|||23|||2|||2
startVal|||1|||23|||16|||2
)|||79|||23|||28|||2
startVal|||2|||23|||29|||2
)|||80|||23|||30|||2
for|||1|||0|||20|||3
(|||2|||0|||21|||3
{|||3|||0|||34|||3
.|||2|||0|||38|||3
println|||1|||0|||39|||3
(|||3|||0|||40|||3
for|||2|||1|||20|||3
(|||5|||1|||21|||3
{|||6|||1|||34|||3
.|||4|||1|||38|||3
println|||2|||1|||39|||3
(|||6|||1|||40|||3
(|||8|||2|||21|||3
{|||9|||2|||26|||3
.|||6|||2|||30|||3
println|||3|||2|||31|||3
(|||9|||2|||32|||3
(|||10|||2|||33|||3
(|||12|||3|||21|||3
{|||12|||3|||26|||3
.|||8|||3|||30|||3
println|||4|||3|||31|||3
(|||13|||3|||32|||3
if|||1|||4|||25|||3
(|||15|||4|||26|||3
(|||16|||4|||29|||3
{|||15|||4|||34|||3
.|||10|||4|||38|||3
println|||5|||4|||39|||3
(|||17|||4|||40|||3
if|||2|||5|||25|||3
(|||19|||5|||26|||3
(|||20|||5|||28|||3
{|||18|||5|||34|||3
.|||12|||5|||38|||3
println|||6|||5|||39|||3
(|||21|||5|||40|||3
(|||22|||5|||41|||3
=|||12|||6|||30|||3
(|||24|||6|||36|||3
.|||14|||6|||44|||3
println|||7|||6|||45|||3
(|||25|||6|||46|||3
+=|||1|||7|||30|||3
(|||27|||7|||31|||3
.|||16|||7|||39|||3
println|||8|||7|||40|||3
(|||28|||7|||41|||3
for|||3|||8|||18|||3
(|||30|||8|||19|||3
{|||25|||8|||31|||3
.|||18|||8|||35|||3
println|||9|||8|||36|||3
(|||31|||8|||37|||3
(|||32|||8|||38|||3
(|||34|||9|||21|||3
{|||28|||9|||26|||3
.|||20|||9|||30|||3
println|||10|||9|||31|||3
(|||35|||9|||32|||3
(|||36|||9|||33|||3
.|||22|||10|||23|||3
println|||11|||10|||24|||3
(|||38|||10|||25|||3
(|||39|||10|||26|||3
.|||24|||11|||23|||3
println|||12|||11|||24|||3
(|||41|||11|||25|||3
(|||42|||11|||26|||3
for|||4|||12|||20|||3
(|||44|||12|||21|||3
{|||35|||12|||34|||3
.|||26|||12|||38|||3
println|||13|||12|||39|||3
(|||45|||12|||40|||3
for|||5|||13|||20|||3
(|||47|||13|||21|||3
{|||38|||13|||34|||3
.|||28|||13|||38|||3
println|||14|||13|||39|||3
(|||48|||13|||40|||3
for|||6|||14|||18|||3
(|||50|||14|||19|||3
{|||41|||14|||31|||3
.|||30|||14|||35|||3
println|||15|||14|||36|||3
(|||51|||14|||37|||3
(|||52|||14|||38|||3
(|||54|||15|||21|||3
{|||44|||15|||26|||3
.|||32|||15|||30|||3
println|||16|||15|||31|||3
(|||55|||15|||32|||3
(|||56|||15|||33|||3
if|||3|||16|||25|||3
(|||58|||16|||26|||3
{|||47|||16|||31|||3
.|||34|||16|||35|||3
println|||17|||16|||36|||3
(|||59|||16|||37|||3
"|||1|||16|||38|||3
if|||4|||17|||25|||3
(|||61|||17|||26|||3
{|||50|||17|||33|||3
.|||36|||17|||37|||3
println|||18|||17|||38|||3
(|||62|||17|||39|||3
"|||3|||17|||40|||3
=|||29|||18|||36|||3
.|||38|||18|||47|||3
println|||19|||18|||48|||3
(|||64|||18|||49|||3
.|||40|||19|||42|||3
println|||20|||19|||43|||3
(|||66|||19|||44|||3
for|||7|||20|||18|||3
(|||68|||20|||19|||3
{|||59|||20|||31|||3
.|||42|||20|||35|||3
println|||21|||20|||36|||3
(|||69|||20|||37|||3
(|||70|||20|||38|||3
for|||8|||21|||18|||3
(|||72|||21|||19|||3
{|||62|||21|||31|||3
.|||44|||21|||35|||3
println|||22|||21|||36|||3
(|||73|||21|||37|||3
(|||74|||21|||38|||3
.|||46|||22|||23|||3
println|||23|||22|||24|||3
(|||76|||22|||25|||3
(|||77|||22|||26|||3
.|||48|||23|||23|||3
println|||24|||23|||24|||3
(|||79|||23|||25|||3
(|||80|||23|||26|||3
String|||1|||0|||9|||4
[|||1|||0|||10|||4
]|||1|||0|||11|||4
String|||2|||1|||9|||4
[|||2|||1|||10|||4
]|||2|||1|||11|||4
String|||3|||2|||9|||4
[|||3|||2|||10|||4
]|||3|||2|||11|||4
String|||4|||3|||9|||4
[|||4|||3|||10|||4
]|||4|||3|||11|||4
String|||5|||4|||9|||4
[|||5|||4|||10|||4
]|||5|||4|||11|||4
String|||6|||5|||9|||4
[|||6|||5|||10|||4
]|||6|||5|||11|||4
String|||7|||6|||9|||4
[|||7|||6|||10|||4
]|||7|||6|||11|||4
[|||8|||6|||16|||4
]|||8|||6|||17|||4
String|||8|||7|||9|||4
[|||13|||7|||10|||4
]|||13|||7|||11|||4
[|||14|||7|||16|||4
]|||14|||7|||17|||4
[|||15|||7|||22|||4
String|||9|||8|||9|||4
[|||18|||8|||10|||4
]|||18|||8|||11|||4
String|||10|||9|||9|||4
[|||19|||9|||10|||4
]|||19|||9|||11|||4
String|||11|||10|||9|||4
[|||20|||10|||10|||4
]|||20|||10|||11|||4
String|||12|||11|||9|||4
[|||21|||11|||10|||4
]|||21|||11|||11|||4
String|||13|||12|||9|||4
[|||22|||12|||10|||4
]|||22|||12|||11|||4
String|||14|||13|||9|||4
[|||23|||13|||10|||4
]|||23|||13|||11|||4
String|||15|||14|||9|||4
[|||24|||14|||10|||4
]|||24|||14|||11|||4
String|||16|||15|||9|||4
[|||25|||15|||10|||4
]|||25|||15|||11|||4
String|||17|||16|||9|||4
[|||26|||16|||10|||4
]|||26|||16|||11|||4
String|||18|||17|||9|||4
[|||27|||17|||10|||4
]|||27|||17|||11|||4
String|||19|||18|||9|||4
[|||28|||18|||10|||4
]|||28|||18|||11|||4
[|||29|||18|||16|||4
]|||29|||18|||17|||4
String|||20|||19|||9|||4
[|||33|||19|||10|||4
]|||33|||19|||11|||4
[|||34|||19|||16|||4
]|||34|||19|||17|||4
String|||21|||20|||9|||4
[|||37|||20|||10|||4
]|||37|||20|||11|||4
String|||22|||21|||9|||4
[|||38|||21|||10|||4
]|||38|||21|||11|||4
String|||23|||22|||9|||4
[|||39|||22|||10|||4
]|||39|||22|||11|||4
String|||24|||23|||9|||4
[|||40|||23|||10|||4
]|||40|||23|||11|||4
}|||1|||0|||44|||5
}|||2|||0|||45|||5
}|||3|||0|||46|||5
}|||4|||1|||44|||5
}|||5|||1|||45|||5
}|||6|||1|||46|||5
}|||7|||2|||42|||5
}|||8|||2|||43|||5
}|||9|||2|||44|||5
}|||10|||3|||39|||5
}|||11|||3|||40|||5
}|||12|||3|||41|||5
}|||13|||4|||44|||5
}|||14|||4|||45|||5
}|||15|||4|||46|||5
}|||16|||5|||47|||5
}|||17|||5|||48|||5
}|||18|||5|||49|||5
}|||19|||6|||53|||5
}|||20|||6|||54|||5
}|||21|||7|||48|||5
}|||22|||7|||49|||5
}|||23|||8|||44|||5
}|||24|||8|||45|||5
}|||25|||8|||46|||5
}|||26|||9|||42|||5
}|||27|||9|||43|||5
}|||28|||9|||44|||5
}|||29|||10|||32|||5
}|||30|||10|||33|||5
}|||31|||11|||32|||5
}|||32|||11|||33|||5
}|||33|||12|||44|||5
}|||34|||12|||45|||5
}|||35|||12|||46|||5
}|||36|||13|||44|||5
}|||37|||13|||45|||5
}|||38|||13|||46|||5
}|||39|||14|||44|||5
}|||40|||14|||45|||5
}|||41|||14|||46|||5
}|||42|||15|||42|||5
}|||43|||15|||43|||5
}|||44|||15|||44|||5
}|||45|||16|||45|||5
}|||46|||16|||46|||5
}|||47|||16|||47|||5
}|||48|||17|||47|||5
}|||49|||17|||48|||5
}|||50|||17|||49|||5
}|||52|||18|||56|||5
}|||53|||18|||57|||5
}|||55|||19|||51|||5
}|||56|||19|||52|||5
}|||57|||20|||44|||5
}|||58|||20|||45|||5
}|||59|||20|||46|||5
}|||60|||21|||44|||5
}|||61|||21|||45|||5
}|||62|||21|||46|||5
}|||63|||22|||32|||5
}|||64|||22|||33|||5
}|||65|||23|||32|||5
float|||1|||0|||15|||6
10|||1|||0|||18|||6
int|||1|||0|||22|||6
float|||2|||1|||15|||6
10|||2|||1|||18|||6
int|||2|||1|||22|||6
float|||3|||2|||15|||6
0|||3|||2|||18|||6
10|||3|||2|||24|||6
int|||3|||2|||34|||6
float|||4|||3|||15|||6
0|||4|||3|||18|||6
10|||4|||3|||24|||6
int|||4|||4|||15|||6
5|||1|||4|||18|||6
int|||5|||4|||20|||6
10|||5|||4|||23|||6
float|||5|||4|||30|||6
float|||6|||5|||15|||6
5|||2|||5|||18|||6
float|||7|||5|||20|||6
10|||6|||5|||23|||6
int|||6|||5|||42|||6
int|||7|||6|||15|||6
int|||8|||6|||21|||6
int|||9|||6|||37|||6
100.0f|||1|||6|||39|||6
int|||10|||7|||15|||6
int|||11|||7|||21|||6
int|||12|||7|||32|||6
100.0f|||2|||7|||34|||6
float|||8|||8|||15|||6
int|||13|||8|||39|||6
float|||9|||9|||15|||6
0|||11|||9|||18|||6
int|||14|||9|||34|||6
float|||10|||10|||15|||6
0|||12|||10|||18|||6
int|||15|||10|||27|||6
float|||11|||11|||15|||6
1|||1|||11|||18|||6
int|||16|||11|||27|||6
int|||17|||12|||15|||6
10|||7|||12|||18|||6
int|||18|||12|||22|||6
int|||19|||13|||15|||6
10|||8|||13|||18|||6
int|||20|||13|||22|||6
float|||12|||14|||15|||6
int|||21|||14|||39|||6
float|||13|||15|||15|||6
0|||16|||15|||18|||6
int|||22|||15|||34|||6
float|||14|||16|||15|||6
7|||1|||16|||18|||6
float|||15|||16|||20|||6
10|||9|||16|||23|||6
float|||16|||17|||15|||6
7|||2|||17|||18|||6
float|||17|||17|||20|||6
10|||10|||17|||23|||6
int|||23|||18|||15|||6
int|||24|||19|||15|||6
float|||18|||20|||15|||6
int|||25|||20|||39|||6
float|||19|||21|||15|||6
int|||26|||21|||39|||6
float|||20|||22|||15|||6
0|||17|||22|||18|||6
int|||27|||22|||27|||6
float|||21|||23|||15|||6
1|||6|||23|||18|||6
int|||28|||23|||27|||6
main|||1|||0|||7|||7
programArgs|||1|||0|||12|||7
main|||2|||1|||7|||7
args|||1|||1|||12|||7
main|||3|||2|||7|||7
args|||2|||2|||12|||7
main|||4|||3|||7|||7
args|||3|||3|||12|||7
main|||5|||4|||7|||7
args|||4|||4|||12|||7
main|||6|||5|||7|||7
args|||5|||5|||12|||7
main|||7|||6|||7|||7
args|||6|||6|||12|||7
main|||8|||7|||7|||7
args|||7|||7|||12|||7
main|||9|||8|||7|||7
args|||8|||8|||12|||7
main|||10|||9|||7|||7
args|||9|||9|||12|||7
main|||11|||10|||7|||7
args|||10|||10|||12|||7
main|||12|||11|||7|||7
args|||11|||11|||12|||7
main|||13|||12|||7|||7
args|||12|||12|||12|||7
main|||14|||13|||7|||7
args|||13|||13|||12|||7
main|||15|||14|||7|||7
args|||14|||14|||12|||7
main|||16|||15|||7|||7
args|||15|||15|||12|||7
main|||17|||16|||7|||7
args|||16|||16|||12|||7
main|||18|||17|||7|||7
args|||17|||17|||12|||7
main|||19|||18|||7|||7
args|||18|||18|||12|||7
main|||20|||19|||7|||7
args|||19|||19|||12|||7
main|||21|||20|||7|||7
args|||20|||20|||12|||7
main|||22|||21|||7|||7
args|||21|||21|||12|||7
main|||23|||22|||7|||7
args|||22|||22|||12|||7
main|||24|||23|||7|||7
args|||23|||23|||12|||7
void|||1|||0|||6|||8
void|||2|||1|||6|||8
void|||3|||2|||6|||8
void|||4|||3|||6|||8
void|||5|||4|||6|||8
void|||6|||5|||6|||8
void|||7|||6|||6|||8
void|||8|||7|||6|||8
void|||9|||8|||6|||8
void|||10|||9|||6|||8
void|||11|||10|||6|||8
void|||12|||11|||6|||8
void|||13|||12|||6|||8
void|||14|||13|||6|||8
void|||15|||14|||6|||8
void|||16|||15|||6|||8
void|||17|||16|||6|||8
void|||18|||17|||6|||8
void|||19|||18|||6|||8
void|||20|||19|||6|||8
void|||21|||20|||6|||8
void|||22|||21|||6|||8
void|||23|||22|||6|||8
void|||24|||23|||6|||8
{|||1|||0|||3|||9
(|||1|||0|||8|||9
)|||1|||0|||13|||9
{|||2|||0|||14|||9
=|||1|||0|||17|||9
;|||1|||0|||19|||9
;|||4|||0|||43|||9
{|||4|||1|||3|||9
(|||4|||1|||8|||9
)|||4|||1|||13|||9
{|||5|||1|||14|||9
=|||3|||1|||17|||9
;|||5|||1|||19|||9
;|||8|||1|||43|||9
{|||7|||2|||3|||9
(|||7|||2|||8|||9
)|||7|||2|||13|||9
{|||8|||2|||14|||9
=|||5|||2|||17|||9
;|||9|||2|||19|||9
;|||10|||2|||38|||9
;|||11|||2|||41|||9
{|||10|||3|||3|||9
(|||11|||3|||8|||9
)|||11|||3|||13|||9
{|||11|||3|||14|||9
=|||6|||3|||17|||9
;|||12|||3|||19|||9
;|||13|||3|||35|||9
;|||14|||3|||38|||9
{|||13|||4|||3|||9
(|||14|||4|||8|||9
)|||14|||4|||13|||9
{|||14|||4|||14|||9
=|||7|||4|||17|||9
;|||15|||4|||19|||9
;|||16|||4|||24|||9
;|||17|||4|||43|||9
{|||16|||5|||3|||9
(|||18|||5|||8|||9
)|||18|||5|||13|||9
{|||17|||5|||14|||9
=|||9|||5|||17|||9
;|||18|||5|||19|||9
;|||19|||5|||24|||9
;|||20|||5|||46|||9
{|||19|||6|||3|||9
(|||23|||6|||8|||9
)|||23|||6|||13|||9
{|||20|||6|||14|||9
=|||11|||6|||19|||9
;|||21|||6|||25|||9
;|||22|||6|||40|||9
;|||23|||6|||52|||9
{|||21|||7|||3|||9
(|||26|||7|||8|||9
)|||26|||7|||13|||9
{|||22|||7|||14|||9
=|||13|||7|||19|||9
;|||24|||7|||25|||9
;|||25|||7|||35|||9
;|||26|||7|||47|||9
{|||23|||8|||3|||9
(|||29|||8|||8|||9
)|||29|||8|||13|||9
{|||24|||8|||14|||9
;|||27|||8|||17|||9
;|||30|||8|||43|||9
{|||26|||9|||3|||9
(|||33|||9|||8|||9
)|||33|||9|||13|||9
{|||27|||9|||14|||9
=|||15|||9|||17|||9
;|||31|||9|||19|||9
;|||32|||9|||38|||9
;|||33|||9|||41|||9
{|||29|||10|||3|||9
(|||37|||10|||8|||9
)|||37|||10|||13|||9
{|||30|||10|||14|||9
=|||16|||10|||17|||9
;|||34|||10|||19|||9
;|||35|||10|||31|||9
{|||31|||11|||3|||9
(|||40|||11|||8|||9
)|||40|||11|||13|||9
{|||32|||11|||14|||9
=|||17|||11|||17|||9
;|||36|||11|||19|||9
;|||37|||11|||31|||9
{|||33|||12|||3|||9
(|||43|||12|||8|||9
)|||43|||12|||13|||9
{|||34|||12|||14|||9
=|||18|||12|||17|||9
;|||38|||12|||19|||9
;|||41|||12|||43|||9
{|||36|||13|||3|||9
(|||46|||13|||8|||9
)|||46|||13|||13|||9
{|||37|||13|||14|||9
=|||20|||13|||17|||9
;|||42|||13|||19|||9
;|||45|||13|||43|||9
{|||39|||14|||3|||9
(|||49|||14|||8|||9
)|||49|||14|||13|||9
{|||40|||14|||14|||9
;|||46|||14|||17|||9
;|||49|||14|||43|||9
{|||42|||15|||3|||9
(|||53|||15|||8|||9
)|||53|||15|||13|||9
{|||43|||15|||14|||9
=|||23|||15|||17|||9
;|||50|||15|||19|||9
;|||51|||15|||38|||9
;|||52|||15|||41|||9
{|||45|||16|||3|||9
(|||57|||16|||8|||9
)|||57|||16|||13|||9
{|||46|||16|||14|||9
=|||24|||16|||17|||9
;|||53|||16|||19|||9
;|||54|||16|||24|||9
;|||55|||16|||44|||9
{|||48|||17|||3|||9
(|||60|||17|||8|||9
)|||60|||17|||13|||9
{|||49|||17|||14|||9
=|||26|||17|||17|||9
;|||56|||17|||19|||9
;|||57|||17|||24|||9
;|||58|||17|||46|||9
{|||51|||18|||3|||9
(|||63|||18|||8|||9
)|||63|||18|||13|||9
{|||52|||18|||14|||9
=|||28|||18|||19|||9
{|||53|||18|||20|||9
;|||59|||18|||31|||9
;|||60|||18|||43|||9
;|||61|||18|||55|||9
{|||54|||19|||3|||9
(|||65|||19|||8|||9
)|||65|||19|||13|||9
{|||55|||19|||14|||9
=|||30|||19|||19|||9
{|||56|||19|||20|||9
;|||62|||19|||31|||9
;|||63|||19|||38|||9
;|||64|||19|||50|||9
{|||57|||20|||3|||9
(|||67|||20|||8|||9
)|||67|||20|||13|||9
{|||58|||20|||14|||9
;|||65|||20|||17|||9
;|||68|||20|||43|||9
{|||60|||21|||3|||9
(|||71|||21|||8|||9
)|||71|||21|||13|||9
{|||61|||21|||14|||9
;|||69|||21|||17|||9
;|||72|||21|||43|||9
{|||63|||22|||3|||9
(|||75|||22|||8|||9
)|||75|||22|||13|||9
{|||64|||22|||14|||9
=|||33|||22|||17|||9
;|||73|||22|||19|||9
;|||74|||22|||31|||9
{|||65|||23|||3|||9
(|||78|||23|||8|||9
)|||78|||23|||13|||9
{|||66|||23|||14|||9
=|||34|||23|||17|||9
;|||75|||23|||19|||9
;|||76|||23|||31|||9
