AlgorithmicBase|||1|||0|||2|||0
programArgs|||1|||0|||12|||0
totalElements|||1|||0|||16|||0
counter|||1|||0|||23|||0
counter|||2|||0|||27|||0
totalElements|||2|||0|||29|||0
counter|||3|||0|||31|||0
counter|||4|||0|||41|||0
RepeatMechanism|||1|||1|||2|||0
itemsToRepeat|||1|||1|||16|||0
index|||1|||1|||23|||0
index|||2|||1|||27|||0
itemsToRepeat|||2|||1|||29|||0
index|||3|||1|||31|||0
index|||4|||1|||41|||0
NumberRange|||1|||2|||2|||0
iVal|||1|||2|||16|||0
iVal|||2|||2|||22|||0
iVal|||3|||2|||36|||0
iVal|||4|||2|||39|||0
LoopProcess|||1|||3|||2|||0
iterator|||1|||3|||16|||0
iterator|||2|||3|||22|||0
iterator|||3|||3|||33|||0
iterator|||4|||3|||36|||0
DecisionGate|||1|||4|||2|||0
currentIdx|||1|||4|||16|||0
maxValue|||1|||4|||21|||0
currentIdx|||2|||4|||27|||0
maxValue|||2|||4|||32|||0
currentIdx|||3|||4|||41|||0
ConditionFail|||1|||5|||2|||0
checkIdx|||1|||5|||16|||0
upperLim|||1|||5|||21|||0
checkIdx|||2|||5|||29|||0
upperLim|||2|||5|||31|||0
checkIdx|||3|||5|||44|||0
ArrayModify|||1|||6|||2|||0
dataPoints|||1|||6|||18|||0
dataPoints|||2|||6|||26|||0
dataPoints|||3|||6|||31|||0
dataPoints|||4|||6|||47|||0
DataStore|||1|||7|||2|||0
container|||1|||7|||18|||0
container|||2|||7|||26|||0
container|||3|||7|||42|||0
IterateAction|||1|||8|||2|||0
kVal|||1|||8|||16|||0
kVal|||2|||8|||20|||0
kVal|||3|||8|||24|||0
kVal|||4|||8|||28|||0
kVal|||5|||8|||41|||0
LimitAchieved|||1|||9|||2|||0
limiter|||1|||9|||16|||0
limiter|||2|||9|||22|||0
limiter|||3|||9|||36|||0
limiter|||4|||9|||39|||0
StartState|||1|||10|||2|||0
initialValue|||1|||10|||16|||0
initialValue|||2|||10|||29|||0
InitializeVal|||1|||11|||2|||0
identifier|||1|||11|||16|||0
identifier|||2|||11|||29|||0
SpanRun|||1|||12|||2|||0
limit|||1|||12|||16|||0
counterInner|||1|||12|||23|||0
counterInner|||2|||12|||27|||0
limit|||2|||12|||29|||0
counterInner|||3|||12|||31|||0
counterInner|||4|||12|||41|||0
BoundCheck|||1|||13|||2|||0
topRange|||1|||13|||16|||0
walker|||1|||13|||23|||0
walker|||2|||13|||27|||0
topRange|||2|||13|||29|||0
walker|||3|||13|||31|||0
walker|||4|||13|||41|||0
QuickCycle|||1|||14|||2|||0
loopCount|||1|||14|||16|||0
loopCount|||2|||14|||20|||0
loopCount|||3|||14|||24|||0
loopCount|||4|||14|||28|||0
loopCount|||5|||14|||41|||0
BriefRepeat|||1|||15|||2|||0
cycleVal|||1|||15|||16|||0
cycleVal|||2|||15|||22|||0
cycleVal|||3|||15|||36|||0
cycleVal|||4|||15|||39|||0
SizeCheck|||1|||16|||2|||0
lengthVal|||1|||16|||16|||0
widthVal|||1|||16|||21|||0
lengthVal|||2|||16|||27|||0
widthVal|||2|||16|||29|||0
NotSmaller|||1|||17|||2|||0
leftSide|||1|||17|||16|||0
rightSide|||1|||17|||21|||0
leftSide|||2|||17|||27|||0
rightSide|||2|||17|||29|||0
x|||2|||17|||41|||0
ScaleValue|||1|||18|||2|||0
valueSet|||1|||18|||18|||0
valueSet|||2|||18|||32|||0
valueSet|||3|||18|||37|||0
valueSet|||4|||18|||50|||0
ItemScale|||1|||19|||2|||0
numberList|||1|||19|||18|||0
numberList|||2|||19|||32|||0
numberList|||3|||19|||45|||0
IncrStep|||1|||20|||2|||0
indexLoop|||1|||20|||16|||0
indexLoop|||2|||20|||20|||0
indexLoop|||3|||20|||24|||0
indexLoop|||4|||20|||28|||0
indexLoop|||5|||20|||41|||0
StepAdvance|||1|||21|||2|||0
countIndex|||1|||21|||16|||0
countIndex|||2|||21|||20|||0
countIndex|||3|||21|||24|||0
countIndex|||4|||21|||28|||0
countIndex|||5|||21|||41|||0
OriginZero|||1|||22|||2|||0
zero|||1|||22|||16|||0
zero|||2|||22|||29|||0
FirstPos|||1|||23|||2|||0
startVal|||1|||23|||16|||0
startVal|||2|||23|||29|||0
main|||1|||0|||7|||1
10|||1|||0|||18|||1
for|||1|||0|||20|||1
0|||1|||0|||25|||1
++|||1|||0|||32|||1
println|||1|||0|||39|||1
main|||2|||1|||7|||1
10|||2|||1|||18|||1
for|||2|||1|||20|||1
0|||2|||1|||25|||1
++|||2|||1|||32|||1
println|||2|||1|||39|||1
main|||3|||2|||7|||1
0|||3|||2|||18|||1
while|||1|||2|||20|||1
10|||3|||2|||24|||1
println|||3|||2|||31|||1
++|||3|||2|||40|||1
main|||4|||3|||7|||1
0|||4|||3|||18|||1
while|||2|||3|||20|||1
10|||4|||3|||24|||1
println|||4|||3|||31|||1
++|||4|||3|||37|||1
main|||5|||4|||7|||1
5|||1|||4|||18|||1
10|||5|||4|||23|||1
if|||1|||4|||25|||1
println|||5|||4|||39|||1
main|||6|||5|||7|||1
5|||2|||5|||18|||1
10|||6|||5|||23|||1
if|||2|||5|||25|||1
println|||6|||5|||39|||1
main|||7|||6|||7|||1
5|||3|||6|||23|||1
0|||5|||6|||28|||1
0|||6|||6|||33|||1
println|||7|||6|||45|||1
0|||7|||6|||49|||1
main|||8|||7|||7|||1
5|||4|||7|||23|||1
0|||8|||7|||28|||1
+=|||1|||7|||30|||1
println|||8|||7|||40|||1
0|||9|||7|||44|||1
main|||9|||8|||7|||1
for|||3|||8|||18|||1
0|||10|||8|||22|||1
5|||5|||8|||26|||1
++|||5|||8|||29|||1
println|||9|||8|||36|||1
main|||10|||9|||7|||1
0|||11|||9|||18|||1
while|||3|||9|||20|||1
5|||6|||9|||24|||1
println|||10|||9|||31|||1
++|||6|||9|||40|||1
main|||11|||10|||7|||1
0|||12|||10|||18|||1
println|||11|||10|||24|||1
main|||12|||11|||7|||1
1|||1|||11|||18|||1
println|||12|||11|||24|||1
main|||13|||12|||7|||1
10|||7|||12|||18|||1
for|||4|||12|||20|||1
0|||13|||12|||25|||1
++|||7|||12|||32|||1
println|||13|||12|||39|||1
main|||14|||13|||7|||1
10|||8|||13|||18|||1
for|||5|||13|||20|||1
0|||14|||13|||25|||1
++|||8|||13|||32|||1
println|||14|||13|||39|||1
main|||15|||14|||7|||1
for|||6|||14|||18|||1
0|||15|||14|||22|||1
5|||7|||14|||26|||1
++|||9|||14|||29|||1
println|||15|||14|||36|||1
main|||16|||15|||7|||1
0|||16|||15|||18|||1
while|||4|||15|||20|||1
5|||8|||15|||24|||1
println|||16|||15|||31|||1
++|||10|||15|||40|||1
main|||17|||16|||7|||1
7|||1|||16|||18|||1
10|||9|||16|||23|||1
if|||3|||16|||25|||1
println|||17|||16|||36|||1
greater|||1|||16|||41|||1
main|||18|||17|||7|||1
7|||2|||17|||18|||1
10|||10|||17|||23|||1
if|||4|||17|||25|||1
false|||1|||17|||31|||1
println|||18|||17|||38|||1
greater|||2|||17|||43|||1
main|||19|||18|||7|||1
1|||2|||18|||21|||1
2|||1|||18|||23|||1
3|||1|||18|||25|||1
4|||1|||18|||27|||1
5|||9|||18|||29|||1
2|||2|||18|||34|||1
2|||3|||18|||39|||1
2|||4|||18|||42|||1
println|||19|||18|||48|||1
2|||5|||18|||52|||1
main|||20|||19|||7|||1
1|||3|||19|||21|||1
2|||6|||19|||23|||1
3|||2|||19|||25|||1
4|||2|||19|||27|||1
5|||10|||19|||29|||1
2|||7|||19|||34|||1
2|||8|||19|||37|||1
println|||20|||19|||43|||1
2|||9|||19|||47|||1
main|||21|||20|||7|||1
for|||7|||20|||18|||1
1|||4|||20|||22|||1
4|||3|||20|||26|||1
++|||11|||20|||29|||1
println|||21|||20|||36|||1
main|||22|||21|||7|||1
for|||8|||21|||18|||1
1|||5|||21|||22|||1
4|||4|||21|||26|||1
++|||12|||21|||29|||1
println|||22|||21|||36|||1
main|||23|||22|||7|||1
0|||17|||22|||18|||1
println|||23|||22|||24|||1
main|||24|||23|||7|||1
1|||6|||23|||18|||1
println|||24|||23|||24|||1
protected|||1|||0|||0|||2
private|||1|||0|||4|||2
static|||1|||0|||5|||2
public|||1|||1|||0|||2
public|||2|||1|||4|||2
static|||2|||1|||5|||2
private|||2|||2|||0|||2
private|||3|||2|||4|||2
static|||3|||2|||5|||2
protected|||2|||3|||0|||2
protected|||3|||3|||4|||2
static|||4|||3|||5|||2
public|||3|||4|||0|||2
public|||4|||4|||4|||2
static|||5|||4|||5|||2
private|||4|||5|||0|||2
private|||5|||5|||4|||2
static|||6|||5|||5|||2
protected|||4|||6|||0|||2
protected|||5|||6|||4|||2
static|||7|||6|||5|||2
public|||5|||7|||0|||2
public|||6|||7|||4|||2
static|||8|||7|||5|||2
private|||6|||8|||0|||2
private|||7|||8|||4|||2
static|||9|||8|||5|||2
protected|||6|||9|||0|||2
protected|||7|||9|||4|||2
static|||10|||9|||5|||2
public|||7|||10|||0|||2
public|||8|||10|||4|||2
static|||11|||10|||5|||2
private|||8|||11|||0|||2
private|||9|||11|||4|||2
static|||12|||11|||5|||2
protected|||8|||12|||0|||2
protected|||9|||12|||4|||2
static|||13|||12|||5|||2
public|||9|||13|||0|||2
public|||10|||13|||4|||2
static|||14|||13|||5|||2
private|||10|||14|||0|||2
private|||11|||14|||4|||2
static|||15|||14|||5|||2
protected|||10|||15|||0|||2
protected|||11|||15|||4|||2
static|||16|||15|||5|||2
public|||11|||16|||0|||2
public|||12|||16|||4|||2
static|||17|||16|||5|||2
private|||12|||17|||0|||2
private|||13|||17|||4|||2
static|||18|||17|||5|||2
protected|||12|||18|||0|||2
protected|||13|||18|||4|||2
static|||19|||18|||5|||2
public|||13|||19|||0|||2
public|||14|||19|||4|||2
static|||20|||19|||5|||2
private|||14|||20|||0|||2
private|||15|||20|||4|||2
static|||21|||20|||5|||2
protected|||14|||21|||0|||2
protected|||15|||21|||4|||2
static|||22|||21|||5|||2
public|||15|||22|||0|||2
public|||16|||22|||4|||2
static|||23|||22|||5|||2
private|||16|||23|||0|||2
private|||17|||23|||4|||2
static|||24|||23|||5|||2
)|||1|||0|||13|||3
=|||1|||0|||17|||3
=|||2|||0|||24|||3
<|||1|||0|||28|||3
)|||2|||0|||33|||3
.|||1|||0|||36|||3
out|||1|||0|||37|||3
.|||2|||0|||38|||3
(|||3|||0|||40|||3
)|||3|||0|||42|||3
args|||1|||1|||12|||3
)|||4|||1|||13|||3
=|||3|||1|||17|||3
=|||4|||1|||24|||3
<|||2|||1|||28|||3
)|||5|||1|||33|||3
.|||3|||1|||36|||3
out|||2|||1|||37|||3
.|||4|||1|||38|||3
(|||6|||1|||40|||3
)|||6|||1|||42|||3
args|||2|||2|||12|||3
)|||7|||2|||13|||3
=|||5|||2|||17|||3
<|||3|||2|||23|||3
)|||8|||2|||25|||3
.|||5|||2|||28|||3
out|||3|||2|||29|||3
.|||6|||2|||30|||3
(|||9|||2|||32|||3
(|||10|||2|||33|||3
)|||9|||2|||35|||3
)|||10|||2|||37|||3
args|||3|||3|||12|||3
)|||11|||3|||13|||3
=|||6|||3|||17|||3
<|||4|||3|||23|||3
)|||12|||3|||25|||3
.|||7|||3|||28|||3
out|||4|||3|||29|||3
.|||8|||3|||30|||3
(|||13|||3|||32|||3
)|||13|||3|||34|||3
args|||4|||4|||12|||3
)|||14|||4|||13|||3
=|||7|||4|||17|||3
=|||8|||4|||22|||3
<|||5|||4|||28|||3
(|||16|||4|||29|||3
)|||15|||4|||31|||3
)|||16|||4|||33|||3
.|||9|||4|||36|||3
out|||5|||4|||37|||3
.|||10|||4|||38|||3
(|||17|||4|||40|||3
)|||17|||4|||42|||3
args|||5|||5|||12|||3
)|||18|||5|||13|||3
=|||9|||5|||17|||3
=|||10|||5|||22|||3
!|||1|||5|||27|||3
>=|||1|||5|||30|||3
)|||19|||5|||32|||3
)|||20|||5|||33|||3
.|||11|||5|||36|||3
out|||6|||5|||37|||3
.|||12|||5|||38|||3
(|||21|||5|||40|||3
(|||22|||5|||41|||3
)|||21|||5|||43|||3
)|||22|||5|||45|||3
args|||6|||6|||12|||3
)|||23|||6|||13|||3
=|||11|||6|||19|||3
[|||9|||6|||22|||3
[|||10|||6|||27|||3
=|||12|||6|||30|||3
[|||11|||6|||32|||3
+|||1|||6|||35|||3
)|||24|||6|||38|||3
100.0f|||1|||6|||39|||3
.|||13|||6|||42|||3
out|||7|||6|||43|||3
.|||14|||6|||44|||3
(|||25|||6|||46|||3
[|||12|||6|||48|||3
)|||25|||6|||51|||3
args|||7|||7|||12|||3
)|||26|||7|||13|||3
=|||13|||7|||19|||3
[|||15|||7|||22|||3
[|||16|||7|||27|||3
)|||27|||7|||33|||3
100.0f|||2|||7|||34|||3
.|||15|||7|||37|||3
out|||8|||7|||38|||3
.|||16|||7|||39|||3
(|||28|||7|||41|||3
[|||17|||7|||43|||3
)|||28|||7|||46|||3
args|||8|||8|||12|||3
)|||29|||8|||13|||3
=|||14|||8|||21|||3
<|||6|||8|||25|||3
)|||30|||8|||30|||3
.|||17|||8|||33|||3
out|||9|||8|||34|||3
.|||18|||8|||35|||3
(|||31|||8|||37|||3
(|||32|||8|||38|||3
)|||31|||8|||40|||3
)|||32|||8|||42|||3
args|||9|||9|||12|||3
)|||33|||9|||13|||3
=|||15|||9|||17|||3
<=|||1|||9|||23|||3
)|||34|||9|||25|||3
.|||19|||9|||28|||3
out|||10|||9|||29|||3
.|||20|||9|||30|||3
(|||35|||9|||32|||3
(|||36|||9|||33|||3
)|||35|||9|||35|||3
)|||36|||9|||37|||3
args|||10|||10|||12|||3
)|||37|||10|||13|||3
=|||16|||10|||17|||3
.|||21|||10|||21|||3
out|||11|||10|||22|||3
.|||22|||10|||23|||3
(|||38|||10|||25|||3
)|||38|||10|||28|||3
)|||39|||10|||30|||3
args|||11|||11|||12|||3
)|||40|||11|||13|||3
=|||17|||11|||17|||3
.|||23|||11|||21|||3
out|||12|||11|||22|||3
.|||24|||11|||23|||3
(|||41|||11|||25|||3
)|||41|||11|||28|||3
)|||42|||11|||30|||3
args|||12|||12|||12|||3
)|||43|||12|||13|||3
=|||18|||12|||17|||3
=|||19|||12|||24|||3
<|||7|||12|||28|||3
)|||44|||12|||33|||3
.|||25|||12|||36|||3
out|||13|||12|||37|||3
.|||26|||12|||38|||3
(|||45|||12|||40|||3
)|||45|||12|||42|||3
args|||13|||13|||12|||3
)|||46|||13|||13|||3
=|||20|||13|||17|||3
=|||21|||13|||24|||3
<|||8|||13|||28|||3
)|||47|||13|||33|||3
.|||27|||13|||36|||3
out|||14|||13|||37|||3
.|||28|||13|||38|||3
(|||48|||13|||40|||3
)|||48|||13|||42|||3
args|||14|||14|||12|||3
)|||49|||14|||13|||3
=|||22|||14|||21|||3
<|||9|||14|||25|||3
)|||50|||14|||30|||3
.|||29|||14|||33|||3
out|||15|||14|||34|||3
.|||30|||14|||35|||3
(|||51|||14|||37|||3
(|||52|||14|||38|||3
)|||51|||14|||40|||3
)|||52|||14|||42|||3
args|||15|||15|||12|||3
)|||53|||15|||13|||3
=|||23|||15|||17|||3
<|||10|||15|||23|||3
)|||54|||15|||25|||3
.|||31|||15|||28|||3
out|||16|||15|||29|||3
.|||32|||15|||30|||3
(|||55|||15|||32|||3
(|||56|||15|||33|||3
)|||55|||15|||35|||3
)|||56|||15|||37|||3
args|||16|||16|||12|||3
)|||57|||16|||13|||3
=|||24|||16|||17|||3
=|||25|||16|||22|||3
>|||1|||16|||28|||3
)|||58|||16|||30|||3
.|||33|||16|||33|||3
out|||17|||16|||34|||3
.|||34|||16|||35|||3
(|||59|||16|||37|||3
"|||1|||16|||38|||3
x|||1|||16|||39|||3
is|||1|||16|||40|||3
"|||2|||16|||42|||3
)|||59|||16|||43|||3
args|||17|||17|||12|||3
)|||60|||17|||13|||3
=|||26|||17|||17|||3
=|||27|||17|||22|||3
<=|||2|||17|||28|||3
==|||1|||17|||30|||3
)|||61|||17|||32|||3
.|||35|||17|||35|||3
out|||18|||17|||36|||3
.|||36|||17|||37|||3
(|||62|||17|||39|||3
"|||3|||17|||40|||3
is|||2|||17|||42|||3
"|||4|||17|||44|||3
)|||62|||17|||45|||3
args|||18|||18|||12|||3
)|||63|||18|||13|||3
=|||28|||18|||19|||3
,|||1|||18|||22|||3
,|||2|||18|||24|||3
,|||3|||18|||26|||3
,|||4|||18|||28|||3
[|||30|||18|||33|||3
=|||29|||18|||36|||3
[|||31|||18|||38|||3
*|||1|||18|||41|||3
.|||37|||18|||45|||3
out|||19|||18|||46|||3
.|||38|||18|||47|||3
(|||64|||18|||49|||3
[|||32|||18|||51|||3
)|||64|||18|||54|||3
args|||19|||19|||12|||3
)|||65|||19|||13|||3
=|||30|||19|||19|||3
,|||5|||19|||22|||3
,|||6|||19|||24|||3
,|||7|||19|||26|||3
,|||8|||19|||28|||3
[|||35|||19|||33|||3
*=|||1|||19|||36|||3
.|||39|||19|||40|||3
out|||20|||19|||41|||3
.|||40|||19|||42|||3
(|||66|||19|||44|||3
[|||36|||19|||46|||3
)|||66|||19|||49|||3
args|||20|||20|||12|||3
)|||67|||20|||13|||3
=|||31|||20|||21|||3
<|||11|||20|||25|||3
)|||68|||20|||30|||3
.|||41|||20|||33|||3
out|||21|||20|||34|||3
.|||42|||20|||35|||3
(|||69|||20|||37|||3
(|||70|||20|||38|||3
)|||69|||20|||40|||3
)|||70|||20|||42|||3
args|||21|||21|||12|||3
)|||71|||21|||13|||3
=|||32|||21|||21|||3
<=|||3|||21|||25|||3
)|||72|||21|||30|||3
.|||43|||21|||33|||3
out|||22|||21|||34|||3
.|||44|||21|||35|||3
(|||73|||21|||37|||3
(|||74|||21|||38|||3
)|||73|||21|||40|||3
)|||74|||21|||42|||3
args|||22|||22|||12|||3
)|||75|||22|||13|||3
=|||33|||22|||17|||3
.|||45|||22|||21|||3
out|||23|||22|||22|||3
.|||46|||22|||23|||3
(|||76|||22|||25|||3
)|||76|||22|||28|||3
)|||77|||22|||30|||3
args|||23|||23|||12|||3
)|||78|||23|||13|||3
=|||34|||23|||17|||3
.|||47|||23|||21|||3
out|||24|||23|||22|||3
.|||48|||23|||23|||3
(|||79|||23|||25|||3
)|||79|||23|||28|||3
)|||80|||23|||30|||3
void|||1|||0|||6|||4
String|||1|||0|||9|||4
float|||1|||0|||15|||4
int|||1|||0|||22|||4
void|||2|||1|||6|||4
String|||2|||1|||9|||4
float|||2|||1|||15|||4
int|||2|||1|||22|||4
void|||3|||2|||6|||4
String|||3|||2|||9|||4
float|||3|||2|||15|||4
int|||3|||2|||34|||4
void|||4|||3|||6|||4
String|||4|||3|||9|||4
float|||4|||3|||15|||4
void|||5|||4|||6|||4
String|||5|||4|||9|||4
int|||4|||4|||15|||4
int|||5|||4|||20|||4
float|||5|||4|||30|||4
void|||6|||5|||6|||4
String|||6|||5|||9|||4
float|||6|||5|||15|||4
float|||7|||5|||20|||4
int|||6|||5|||42|||4
void|||7|||6|||6|||4
String|||7|||6|||9|||4
int|||7|||6|||15|||4
int|||8|||6|||21|||4
int|||9|||6|||37|||4
void|||8|||7|||6|||4
String|||8|||7|||9|||4
int|||10|||7|||15|||4
int|||11|||7|||21|||4
int|||12|||7|||32|||4
void|||9|||8|||6|||4
String|||9|||8|||9|||4
float|||8|||8|||15|||4
int|||13|||8|||39|||4
void|||10|||9|||6|||4
String|||10|||9|||9|||4
float|||9|||9|||15|||4
int|||14|||9|||34|||4
void|||11|||10|||6|||4
String|||11|||10|||9|||4
float|||10|||10|||15|||4
int|||15|||10|||27|||4
void|||12|||11|||6|||4
String|||12|||11|||9|||4
float|||11|||11|||15|||4
int|||16|||11|||27|||4
void|||13|||12|||6|||4
String|||13|||12|||9|||4
int|||17|||12|||15|||4
int|||18|||12|||22|||4
void|||14|||13|||6|||4
String|||14|||13|||9|||4
int|||19|||13|||15|||4
int|||20|||13|||22|||4
void|||15|||14|||6|||4
String|||15|||14|||9|||4
float|||12|||14|||15|||4
int|||21|||14|||39|||4
void|||16|||15|||6|||4
String|||16|||15|||9|||4
float|||13|||15|||15|||4
int|||22|||15|||34|||4
void|||17|||16|||6|||4
String|||17|||16|||9|||4
float|||14|||16|||15|||4
float|||15|||16|||20|||4
void|||18|||17|||6|||4
String|||18|||17|||9|||4
float|||16|||17|||15|||4
float|||17|||17|||20|||4
void|||19|||18|||6|||4
String|||19|||18|||9|||4
int|||23|||18|||15|||4
void|||20|||19|||6|||4
String|||20|||19|||9|||4
int|||24|||19|||15|||4
void|||21|||20|||6|||4
String|||21|||20|||9|||4
float|||18|||20|||15|||4
int|||25|||20|||39|||4
void|||22|||21|||6|||4
String|||22|||21|||9|||4
float|||19|||21|||15|||4
int|||26|||21|||39|||4
void|||23|||22|||6|||4
String|||23|||22|||9|||4
float|||20|||22|||15|||4
int|||27|||22|||27|||4
void|||24|||23|||6|||4
String|||24|||23|||9|||4
float|||21|||23|||15|||4
int|||28|||23|||27|||4
]|||1|||0|||11|||5
]|||2|||1|||11|||5
]|||3|||2|||11|||5
]|||4|||3|||11|||5
]|||5|||4|||11|||5
]|||6|||5|||11|||5
]|||7|||6|||11|||5
]|||8|||6|||17|||5
]|||9|||6|||24|||5
]|||10|||6|||29|||5
]|||11|||6|||34|||5
]|||12|||6|||50|||5
]|||13|||7|||11|||5
]|||14|||7|||17|||5
]|||15|||7|||24|||5
]|||16|||7|||29|||5
]|||17|||7|||45|||5
]|||18|||8|||11|||5
]|||19|||9|||11|||5
]|||20|||10|||11|||5
]|||21|||11|||11|||5
]|||22|||12|||11|||5
]|||23|||13|||11|||5
]|||24|||14|||11|||5
]|||25|||15|||11|||5
]|||26|||16|||11|||5
]|||27|||17|||11|||5
]|||28|||18|||11|||5
]|||29|||18|||17|||5
]|||30|||18|||35|||5
]|||31|||18|||40|||5
]|||32|||18|||53|||5
]|||33|||19|||11|||5
]|||34|||19|||17|||5
]|||35|||19|||35|||5
]|||36|||19|||48|||5
]|||37|||20|||11|||5
]|||38|||21|||11|||5
]|||39|||22|||11|||5
]|||40|||23|||11|||5
}|||1|||0|||44|||6
}|||2|||0|||45|||6
}|||3|||0|||46|||6
}|||4|||1|||44|||6
}|||5|||1|||45|||6
}|||6|||1|||46|||6
}|||7|||2|||42|||6
}|||8|||2|||43|||6
}|||9|||2|||44|||6
}|||10|||3|||39|||6
}|||11|||3|||40|||6
}|||12|||3|||41|||6
}|||13|||4|||44|||6
}|||14|||4|||45|||6
}|||15|||4|||46|||6
}|||16|||5|||47|||6
}|||17|||5|||48|||6
}|||18|||5|||49|||6
}|||19|||6|||53|||6
}|||20|||6|||54|||6
}|||21|||7|||48|||6
}|||22|||7|||49|||6
}|||23|||8|||44|||6
}|||24|||8|||45|||6
}|||25|||8|||46|||6
}|||26|||9|||42|||6
}|||27|||9|||43|||6
}|||28|||9|||44|||6
}|||29|||10|||32|||6
}|||30|||10|||33|||6
}|||31|||11|||32|||6
}|||32|||11|||33|||6
}|||33|||12|||44|||6
}|||34|||12|||45|||6
}|||35|||12|||46|||6
}|||36|||13|||44|||6
}|||37|||13|||45|||6
}|||38|||13|||46|||6
}|||39|||14|||44|||6
}|||40|||14|||45|||6
}|||41|||14|||46|||6
}|||42|||15|||42|||6
}|||43|||15|||43|||6
}|||44|||15|||44|||6
}|||45|||16|||45|||6
}|||46|||16|||46|||6
}|||47|||16|||47|||6
}|||48|||17|||47|||6
}|||49|||17|||48|||6
}|||50|||17|||49|||6
}|||51|||18|||30|||6
}|||52|||18|||56|||6
}|||53|||18|||57|||6
}|||54|||19|||30|||6
}|||55|||19|||51|||6
}|||56|||19|||52|||6
}|||57|||20|||44|||6
}|||58|||20|||45|||6
}|||59|||20|||46|||6
}|||60|||21|||44|||6
}|||61|||21|||45|||6
}|||62|||21|||46|||6
}|||63|||22|||32|||6
}|||64|||22|||33|||6
}|||65|||23|||32|||6
class|||1|||0|||1|||7
{|||1|||0|||3|||7
(|||1|||0|||8|||7
[|||1|||0|||10|||7
{|||2|||0|||14|||7
(|||2|||0|||21|||7
{|||3|||0|||34|||7
class|||2|||1|||1|||7
{|||4|||1|||3|||7
(|||4|||1|||8|||7
[|||2|||1|||10|||7
{|||5|||1|||14|||7
(|||5|||1|||21|||7
{|||6|||1|||34|||7
class|||3|||2|||1|||7
{|||7|||2|||3|||7
(|||7|||2|||8|||7
[|||3|||2|||10|||7
{|||8|||2|||14|||7
(|||8|||2|||21|||7
{|||9|||2|||26|||7
class|||4|||3|||1|||7
{|||10|||3|||3|||7
(|||11|||3|||8|||7
[|||4|||3|||10|||7
{|||11|||3|||14|||7
(|||12|||3|||21|||7
{|||12|||3|||26|||7
class|||5|||4|||1|||7
{|||13|||4|||3|||7
(|||14|||4|||8|||7
[|||5|||4|||10|||7
{|||14|||4|||14|||7
(|||15|||4|||26|||7
{|||15|||4|||34|||7
class|||6|||5|||1|||7
{|||16|||5|||3|||7
(|||18|||5|||8|||7
[|||6|||5|||10|||7
{|||17|||5|||14|||7
(|||19|||5|||26|||7
(|||20|||5|||28|||7
{|||18|||5|||34|||7
class|||7|||6|||1|||7
{|||19|||6|||3|||7
(|||23|||6|||8|||7
[|||7|||6|||10|||7
{|||20|||6|||14|||7
[|||8|||6|||16|||7
new|||1|||6|||20|||7
(|||24|||6|||36|||7
class|||8|||7|||1|||7
{|||21|||7|||3|||7
(|||26|||7|||8|||7
[|||13|||7|||10|||7
{|||22|||7|||14|||7
[|||14|||7|||16|||7
new|||2|||7|||20|||7
(|||27|||7|||31|||7
class|||9|||8|||1|||7
{|||23|||8|||3|||7
(|||29|||8|||8|||7
[|||18|||8|||10|||7
{|||24|||8|||14|||7
(|||30|||8|||19|||7
{|||25|||8|||31|||7
class|||10|||9|||1|||7
{|||26|||9|||3|||7
(|||33|||9|||8|||7
[|||19|||9|||10|||7
{|||27|||9|||14|||7
(|||34|||9|||21|||7
{|||28|||9|||26|||7
class|||11|||10|||1|||7
{|||29|||10|||3|||7
(|||37|||10|||8|||7
[|||20|||10|||10|||7
{|||30|||10|||14|||7
(|||39|||10|||26|||7
class|||12|||11|||1|||7
{|||31|||11|||3|||7
(|||40|||11|||8|||7
[|||21|||11|||10|||7
{|||32|||11|||14|||7
(|||42|||11|||26|||7
class|||13|||12|||1|||7
{|||33|||12|||3|||7
(|||43|||12|||8|||7
[|||22|||12|||10|||7
{|||34|||12|||14|||7
(|||44|||12|||21|||7
{|||35|||12|||34|||7
class|||14|||13|||1|||7
{|||36|||13|||3|||7
(|||46|||13|||8|||7
[|||23|||13|||10|||7
{|||37|||13|||14|||7
(|||47|||13|||21|||7
{|||38|||13|||34|||7
class|||15|||14|||1|||7
{|||39|||14|||3|||7
(|||49|||14|||8|||7
[|||24|||14|||10|||7
{|||40|||14|||14|||7
(|||50|||14|||19|||7
{|||41|||14|||31|||7
class|||16|||15|||1|||7
{|||42|||15|||3|||7
(|||53|||15|||8|||7
[|||25|||15|||10|||7
{|||43|||15|||14|||7
(|||54|||15|||21|||7
{|||44|||15|||26|||7
class|||17|||16|||1|||7
{|||45|||16|||3|||7
(|||57|||16|||8|||7
[|||26|||16|||10|||7
{|||46|||16|||14|||7
(|||58|||16|||26|||7
{|||47|||16|||31|||7
class|||18|||17|||1|||7
{|||48|||17|||3|||7
(|||60|||17|||8|||7
[|||27|||17|||10|||7
{|||49|||17|||14|||7
(|||61|||17|||26|||7
{|||50|||17|||33|||7
class|||19|||18|||1|||7
{|||51|||18|||3|||7
(|||63|||18|||8|||7
[|||28|||18|||10|||7
{|||52|||18|||14|||7
[|||29|||18|||16|||7
{|||53|||18|||20|||7
class|||20|||19|||1|||7
{|||54|||19|||3|||7
(|||65|||19|||8|||7
[|||33|||19|||10|||7
{|||55|||19|||14|||7
[|||34|||19|||16|||7
{|||56|||19|||20|||7
class|||21|||20|||1|||7
{|||57|||20|||3|||7
(|||67|||20|||8|||7
[|||37|||20|||10|||7
{|||58|||20|||14|||7
(|||68|||20|||19|||7
{|||59|||20|||31|||7
class|||22|||21|||1|||7
{|||60|||21|||3|||7
(|||71|||21|||8|||7
[|||38|||21|||10|||7
{|||61|||21|||14|||7
(|||72|||21|||19|||7
{|||62|||21|||31|||7
class|||23|||22|||1|||7
{|||63|||22|||3|||7
(|||75|||22|||8|||7
[|||39|||22|||10|||7
{|||64|||22|||14|||7
(|||77|||22|||26|||7
class|||24|||23|||1|||7
{|||65|||23|||3|||7
(|||78|||23|||8|||7
[|||40|||23|||10|||7
{|||66|||23|||14|||7
(|||80|||23|||26|||7
;|||1|||0|||19|||8
;|||2|||0|||26|||8
;|||3|||0|||30|||8
;|||4|||0|||43|||8
;|||5|||1|||19|||8
;|||6|||1|||26|||8
;|||7|||1|||30|||8
;|||8|||1|||43|||8
;|||9|||2|||19|||8
;|||10|||2|||38|||8
;|||11|||2|||41|||8
;|||12|||3|||19|||8
;|||13|||3|||35|||8
;|||14|||3|||38|||8
;|||15|||4|||19|||8
;|||16|||4|||24|||8
;|||17|||4|||43|||8
;|||18|||5|||19|||8
;|||19|||5|||24|||8
;|||20|||5|||46|||8
;|||21|||6|||25|||8
;|||22|||6|||40|||8
;|||23|||6|||52|||8
;|||24|||7|||25|||8
;|||25|||7|||35|||8
;|||26|||7|||47|||8
;|||27|||8|||17|||8
;|||28|||8|||23|||8
;|||29|||8|||27|||8
;|||30|||8|||43|||8
;|||31|||9|||19|||8
;|||32|||9|||38|||8
;|||33|||9|||41|||8
;|||34|||10|||19|||8
;|||35|||10|||31|||8
;|||36|||11|||19|||8
;|||37|||11|||31|||8
;|||38|||12|||19|||8
;|||39|||12|||26|||8
;|||40|||12|||30|||8
;|||41|||12|||43|||8
;|||42|||13|||19|||8
;|||43|||13|||26|||8
;|||44|||13|||30|||8
;|||45|||13|||43|||8
;|||46|||14|||17|||8
;|||47|||14|||23|||8
;|||48|||14|||27|||8
;|||49|||14|||43|||8
;|||50|||15|||19|||8
;|||51|||15|||38|||8
;|||52|||15|||41|||8
;|||53|||16|||19|||8
;|||54|||16|||24|||8
;|||55|||16|||44|||8
;|||56|||17|||19|||8
;|||57|||17|||24|||8
;|||58|||17|||46|||8
;|||59|||18|||31|||8
;|||60|||18|||43|||8
;|||61|||18|||55|||8
;|||62|||19|||31|||8
;|||63|||19|||38|||8
;|||64|||19|||50|||8
;|||65|||20|||17|||8
;|||66|||20|||23|||8
;|||67|||20|||27|||8
;|||68|||20|||43|||8
;|||69|||21|||17|||8
;|||70|||21|||23|||8
;|||71|||21|||27|||8
;|||72|||21|||43|||8
;|||73|||22|||19|||8
;|||74|||22|||31|||8
;|||75|||23|||19|||8
;|||76|||23|||31|||8
System|||1|||0|||35|||9
System|||2|||1|||35|||9
System|||3|||2|||27|||9
System|||4|||3|||27|||9
System|||5|||4|||35|||9
System|||6|||5|||35|||9
System|||7|||6|||41|||9
System|||8|||7|||36|||9
System|||9|||8|||32|||9
System|||10|||9|||27|||9
System|||11|||10|||20|||9
System|||12|||11|||20|||9
System|||13|||12|||35|||9
System|||14|||13|||35|||9
System|||15|||14|||32|||9
System|||16|||15|||27|||9
System|||17|||16|||32|||9
System|||18|||17|||34|||9
System|||19|||18|||44|||9
System|||20|||19|||39|||9
System|||21|||20|||32|||9
System|||22|||21|||32|||9
System|||23|||22|||20|||9
System|||24|||23|||20|||9
